   246
   247
   431
   118
   381
   468
   389
    13
   406
   277
   357
    78
   215
   369
   120
   160
   433
   478
   103
     9
   440
   491
     2
    29
   504
    73
   416
    10
   411
   300
   428
    55
   219
    15
   392
   412
   170
    41
    65
   333
   383
   479
   264
   259
   472
    63
   116
    22
   168
   258
   291
   204
   407
   466
   464
   305
   441
   476
   506
    77
   447
   148
   152
   115
   166
   173
   320
   282
   229
   142
   163
   312
   133
   139
   421
   128
   351
   243
   100
   287
   503
   112
   413
   370
   313
   169
   384
   501
    51
   380
   469
   285
    99
   124
   443
   278
   276
   224
   149
   159
   254
   465
   241
   113
   263
   262
   181
   232
   395
     1
   292
   410
   493
   498
   302
   492
    86
   290
   499
    48
   123
   280
   458
   364
    36
   156
   184
   483
   454
   144
   172
   335
   289
   326
   453
    28
   462
    62
   362
   269
    94
    44
   358
   117
    49
    68
   332
   378
   401
   275
   271
   422
    98
   201
   415
    87
   405
   322
   234
   319
   125
   303
    59
   250
   150
   344
    31
   310
   427
   353
   176
    88
   444
   450
    50
   484
   240
    35
   171
   334
   327
   497
   403
   474
   434
    14
     6
    67
   396
   130
   131
   331
   265
   158
   394
   268
   328
   283
   348
   141
   165
    92
   205
   119
    95
    24
    16
   251
   274
   455
   162
   325
   471
    45
   388
   373
   194
   237
   208
   233
   420
   329
   230
   461
   177
   175
   367
   418
   345
   342
   191
   218
   146
    71
   238
    97
   186
   330
   157
    47
   417
   314
    52
   145
   221
   435
    61
   480
   382
   105
   132
   486
    66
    57
   187
    89
   338
   203
   235
    58
   346
   324
   391
     7
   419
   408
   355
   217
   307
    21
   321
    11
    70
   104
   439
    96
   202
   400
   354
   430
   228
   393
   360
   467
   448
   308
   108
   138
   317
   494
   143
   101
   436
   206
   425
   374
   390
   134
   309
   323
    18
   136
    90
   301
   470
   188
   284
   349
   446
   445
   245
   496
   154
   110
   397
   151
    81
   261
   244
    42
    32
   193
   299
   293
   359
   153
    40
   180
   127
   495
   500
    23
   398
   347
   505
   463
   222
   298
   352
    12
   336
   488
   337
     3
     4
   438
   182
   253
   426
   129
   489
   223
   252
   404
    17
   473
    79
   196
   270
   366
   460
   424
   377
   294
   296
   304
    25
   197
   311
   213
   371
   372
   256
   399
   121
   220
   114
   211
   340
    38
   414
    83
   249
   339
   209
    30
    82
   437
   318
   214
   502
   387
   107
   487
   375
   297
    39
   379
   190
    33
   490
   459
    74
    27
   306
   260
    46
   485
   481
    75
   248
   409
   272
   386
   174
   273
   295
   212
   102
   155
   239
   178
   456
   316
   402
   368
   189
   281
   195
    76
   286
   257
   356
     8
   423
   475
   255
   451
    93
   111
   365
   135
    91
    20
   200
   432
   315
   185
   226
    80
   210
   207
   236
    43
   167
   216
   126
    85
   227
   109
    53
   457
   161
   385
    56
   183
    54
    26
    69
   225
   361
    19
   179
   482
     5
   122
   343
    72
   341
   164
   267
    64
   192
   266
   449
   199
   106
   137
   147
   363
   477
   442
   452
    37
   279
   140
   350
    60
   429
   198
   288
   231
    34
   376
   242
    84
