4804
4952
3448
5454
4439
2005
7545
3496
3263
607
5155
6558
7864
4399
4540
7505
321
4297
1316
6571
708
2249
2129
4763
3364
2082
7255
336
5624
1559
1335
7165
4396
6226
6454
2703
5180
3281
2732
6573
3068
7997
5879
7121
1064
1620
7968
774
1733
615
2073
5625
2470
1956
878
1437
7126
3183
3403
6976
1702
1175
7491
6863
6537
2486
3913
2600
2093
698
3338
5791
2704
1171
290
7099
5892
5334
6822
2730
5179
3592
160
5713
3488
5891
3737
7530
842
1034
7652
7236
6347
5726
6836
4473
5378
6953
3285
2195
7907
5346
3774
1611
7046
3989
3454
7068
4610
2775
7963
8070
6179
195
624
6102
1850
2058
3763
2793
7176
4567
3648
6222
4798
7259
4158
6225
7710
1884
1994
7884
1797
934
5261
4198
4809
5770
41
2541
5041
7536
5875
223
5158
2367
5730
6690
5733
2388
3112
6585
7540
5365
5331
7716
1736
131
1706
2474
5775
848
2422
320
1164
3820
4926
4454
4917
676
4918
2945
7184
2340
3176
2046
2110
2000
2183
767
8099
7199
6893
7641
3235
4444
4614
2065
5265
4126
3373
4180
5292
3790
6249
6133
4410
4846
1511
730
3325
508
7532
7386
5338
6911
7053
2121
5943
1183
6777
6000
1991
495
56
1321
1821
4916
3168
6825
2978
4446
1587
4005
7905
8166
7957
2573
7671
3880
2134
6667
1914
5473
888
892
2202
1500
4436
2582
3563
1609
1347
5571
4162
2666
4739
8152
6182
3291
4703
4364
3866
477
7934
6243
7678
1705
6250
786
3160
5427
1508
4632
6070
6271
6971
6017
4249
1743
6816
57
2675
2834
5672
3593
6084
5552
7384
2664
4519
5434
6329
7084
298
8125
6345
1778
4051
1608
5897
2809
7287
5700
4442
4794
7783
2833
2167
1478
7100
7433
2967
1428
3067
5865
3558
4578
2377
4406
2285
4272
3819
7799
3118
2423
1657
5465
3637
6517
1109
4424
2049
2799
3346
3793
2256
2627
7428
4833
716
1724
1055
6241
7317
1551
5026
3252
651
7639
7962
3231
1229
3825
4443
8189
1526
4357
4337
827
6480
7848
3357
6989
6970
4141
1477
5219
3481
4322
4815
1258
6958
111
1844
1931
4142
3598
5929
3361
7690
4219
7773
5768
3660
1691
7402
5361
7416
885
116
6846
7708
2044
6967
4281
2436
3206
1745
4321
6469
5944
5603
1210
7007
7850
6528
7472
5140
1570
7412
5415
4001
1892
7138
6549
7430
3242
6634
1992
3670
7122
5108
1545
7209
1738
2880
5796
3487
8122
1217
3718
6146
6260
6521
1794
6361
6121
613
7448
6352
5961
744
8080
1353
6463
3723
2553
1537
429
2621
6602
4428
7212
1819
2979
6320
4009
1731
4770
2432
1552
7746
6300
1962
3248
1977
533
3194
2281
3929
1194
4572
45
1944
5107
4110
5152
751
6704
3954
7533
5957
1307
863
5288
3538
5352
7723
5225
106
2105
1221
3982
6330
7605
7720
4423
27
2925
3086
5401
1414
7200
2247
2808
2757
3704
1742
7844
592
5484
3608
4513
5894
1584
5696
6616
3435
6653
3707
3247
1770
7207
1998
5066
5636
369
7676
7606
8027
5408
7381
6651
6512
7336
6806
4986
7649
7447
7554
5721
2640
7640
398
3967
3933
5332
174
120
4411
3092
3874
3744
1834
600
4599
7494
4859
5193
3216
1050
5006
6421
166
4882
2646
1891
2624
7471
6617
5353
7071
381
3493
3151
6591
2455
1392
6394
1912
3480
2085
1397
1145
2448
26
2054
2981
3214
6646
6856
699
4851
5905
6335
1406
1757
7873
335
5500
5575
6005
5356
4542
2565
7517
6424
1295
6516
2589
5235
1823
3988
1619
7104
4691
4467
108
6859
656
2387
6655
1727
3505
4123
1876
428
3902
7630
2596
2010
4937
4415
3031
5345
7764
1534
5530
4720
5692
4870
4704
6065
3569
7492
3438
5502
3359
4548
6841
5130
2733
5230
4643
3296
4447
6584
282
396
3001
2452
7370
7790
7842
3730
6492
324
2361
1303
2057
3968
3049
7490
3769
4531
6023
7446
2517
359
4660
3950
4976
5714
2968
7226
3230
3965
5584
4565
1535
6293
7634
3400
3865
1472
3146
5808
6039
154
5666
3210
3269
4134
3360
862
1364
2556
4083
4766
2251
2074
8002
3378
3299
6578
8019
666
8093
3491
924
4320
7233
388
8090
6318
2822
1452
3830
378
6963
109
3858
6717
3424
6938
6838
3759
4486
6566
2813
5835
4459
3253
5302
6251
5079
5994
6061
1330
4285
1201
5354
7820
2879
4656
1019
4537
2385
8029
6485
8175
7440
7082
6547
1191
6812
5490
4153
5931
1723
2559
2655
1698
7206
5305
7637
999
4065
5462
8095
7645
413
46
5129
3784
6780
1779
112
6772
5605
3095
1054
670
895
1159
4184
7575
2293
7952
3427
7342
6675
1247
1621
1371
3548
7788
5487
6991
7978
4512
6316
1791
4689
2597
4832
1035
1864
351
6002
1142
2098
4661
1073
6257
3658
2185
2017
6399
4088
5967
817
6613
1078
4861
3619
1226
3665
680
6309
8121
5725
7406
2686
6396
8035
5663
2068
5087
3425
2885
8161
5664
7109
3991
4944
2649
4559
1422
1597
6586
564
1170
6697
6960
3973
6901
2109
5349
6524
5659
6040
501
5856
1185
1441
818
4388
6114
7500
5060
6496
2769
7913
6050
5749
2308
4668
8176
1105
4564
2712
5042
265
7483
5916
5716
8009
5121
2311
5743
3182
3144
6713
3348
4500
4125
7164
3134
1729
7740
1784
576
7313
5471
3198
968
5373
3444
3178
3673
7672
1979
2639
2097
1638
2458
2170
7294
1709
155
2360
7078
5797
854
5924
2601
6847
4867
367
813
8111
872
1774
1209
148
2918
171
4333
1543
4114
3174
6534
3510
4453
1030
5857
849
3677
5560
572
1448
4030
183
4203
3896
1324
1367
7394
6081
6614
3181
6138
7462
5883
2500
4026
7599
4872
3297
1080
4644
6177
5218
4118
524
5724
2850
3719
6553
3756
7292
2750
3249
2382
2066
4494
5416
3280
527
4306
5205
2695
3686
6351
4358
2047
2225
2966
876
604
7013
2919
248
293
6262
6365
5525
7860
3984
2926
5252
780
2955
3021
6380
3610
3791
6285
996
3588
616
3432
6677
5855
6986
3627
5824
4031
1730
1940
6918
6560
1260
1713
2805
4039
232
3419
2369
2953
979
1459
2131
5215
5629
36
2240
1719
7230
1825
7747
7189
7704
897
5942
5394
4583
7473
28
4420
4287
2797
3475
7633
7512
1622
6758
6185
5519
7551
5557
1009
5518
6378
7286
197
2760
6999
2343
4536
7915
1432
1163
8004
6774
4788
6360
525
7163
5019
3209
6437
7646
2641
2297
7511
4378
1010
643
6676
5586
7413
3528
963
347
2571
7185
5068
5260
2668
2250
4194
2373
243
3332
5350
1349
4239
1785
301
1655
4127
6985
687
4116
908
2443
1161
7725
3747
3959
2349
7520
4483
6801
1051
6791
3079
5686
4912
7439
6776
4077
2578
6526
3053
3375
4228
5102
3452
2094
3545
8072
4837
5377
503
2735
6122
6760
6283
5284
6328
2614
6661
134
2191
1178
5987
3675
5786
3362
4247
4300
6033
1642
6294
4360
6598
2368
1550
2358
7124
960
6188
523
4665
1807
6618
2425
6502
7537
1386
8097
1409
6763
7397
582
7992
5029
1547
1676
2637
6648
3946
4166
3907
4811
466
4894
3860
7107
2280
392
2970
3518
1771
2873
3294
4910
1439
6551
6684
2070
1108
4622
5488
7836
6051
5426
3526
5888
7368
1130
1047
1934
8007
5304
5881
844
7891
2
7993
7467
4688
6381
6541
2887
7478
5385
2277
6743
2762
5858
2881
5086
1538
6190
1011
2138
3532
3851
7485
393
4230
137
4863
6203
1949
4964
2989
5464
2212
1975
167
2305
5583
5676
7722
7488
6658
8086
4725
2430
6404
7817
5993
2445
1680
1512
6128
5256
7132
3019
7101
1334
2407
824
5301
1455
6048
7301
4789
5185
1043
1740
2037
8143
4719
5168
2869
7929
115
7045
2610
5021
1482
6045
4299
7197
4786
8118
4749
7359
7945
4597
7223
6532
920
6518
2365
8170
373
445
5842
2791
5003
6425
5420
7776
1801
2480
6567
5522
3009
4748
6187
507
3003
6246
425
1486
8116
1849
869
2035
3840
3024
280
2214
2990
995
7754
6175
6641
4233
816
4645
5355
6920
3739
7339
3990
2291
5477
6764
4813
5132
328
3705
6408
3340
2595
1093
8129
7804
238
867
7897
4631
1596
4263
5660
7886
37
8062
130
550
4724
5990
2705
4401
4020
6390
1495
146
1236
4191
6638
678
7990
6331
965
1666
997
5000
2030
5457
2729
914
5
1528
6493
5112
655
273
1094
7274
2117
2848
2221
3987
3898
2742
7079
272
4535
5119
3743
5850
7824
339
4485
5653
2999
7280
2613
7959
4585
4982
2140
3061
71
181
6992
322
7636
7435
6315
5656
6710
6706
6830
7456
1028
1922
1151
5682
3415
5241
6701
4954
3317
1863
7650
2063
3257
880
7655
402
6006
5246
6322
7757
785
186
1488
4822
7608
2130
5496
1174
1150
3276
6403
3859
5098
865
7257
5308
2319
4603
462
2818
802
5200
2651
5542
6094
4920
4575
1339
1077
7613
3807
6166
562
1270
5735
890
893
3712
2858
3161
3918
2441
2781
6840
3801
3910
1665
7196
1485
96
3779
2534
3628
889
4999
5372
6411
6342
4511
3768
4441
1379
4855
3224
4577
4639
163
4332
2930
5645
7331
7297
5690
887
1566
6588
364
4505
6857
3076
4852
7348
1052
5581
4105
2794
5184
6217
1586
1244
5544
2218
5090
67
2460
3680
5568
7771
205
2581
896
5156
1058
2665
5507
2849
917
4923
5973
2922
4504
2916
5876
5673
1913
3932
4052
4426
6018
5272
6539
2951
904
372
3522
3392
2036
1205
7258
3977
6289
5313
839
4129
7675
3594
7587
5989
2477
5407
6642
843
7866
775
4269
2362
3143
2740
5520
915
2052
4149
2300
8040
5162
537
2027
7205
8165
6311
7346
4684
1767
6751
5615
7035
2075
1098
6811
2100
7706
2004
1106
4457
6728
3580
7975
3733
1601
6624
4932
2484
3472
7594
5789
48
4611
4549
5674
4308
65
2957
3080
1832
1625
637
743
5360
4526
3490
4177
5925
736
1319
2800
695
4734
1421
3941
1833
6205
2059
251
2301
1516
4555
3250
638
1988
3201
2242
5376
7979
7363
2112
2605
675
6479
3506
435
3417
4967
5351
8192
5555
7701
1776
3729
7890
3433
1215
4746
739
1479
1921
2896
4907
7691
1722
7044
1306
3816
7677
1114
7834
452
1954
3026
3211
2547
1119
7215
2827
2079
3685
7663
6722
1993
741
4403
7304
886
3970
6108
4255
998
3903
7188
5077
4508
3254
7393
1255
5628
5504
5740
2611
6900
6807
3066
453
1249
8005
1296
6740
3753
4782
7018
7733
6400
7928
3803
6890
8104
2231
970
6784
6511
5579
6928
2837
2783
567
1345
3336
4035
1017
5195
6852
7843
6932
5472
8017
4530
7469
3440
1726
8021
4040
296
4188
2248
6574
5762
555
7503
718
113
731
526
486
1417
6875
3298
1120
3992
128
6482
8150
702
3000
5513
2328
7067
4050
147
2502
2993
4609
2825
2159
4279
1888
5366
768
1874
7140
91
191
4413
1606
5968
8030
6248
7251
5618
5436
7795
330
217
7781
3058
528
4152
5307
4507
4605
5921
1162
105
8153
7432
4218
2863
4924
7127
4173
5387
7008
6860
8179
7449
5433
797
3327
1286
5186
2454
4805
4259
7570
6487
5131
4036
5592
5817
7241
5461
5290
1148
343
5820
397
4708
923
157
80
4755
6029
5395
7144
8148
5055
7869
6303
1435
422
4501
756
6931
4010
3075
1919
4712
7273
5082
932
2141
5754
6387
3186
3311
5655
478
7796
2634
2672
6076
2279
4296
5217
2594
7598
2051
5135
781
760
3382
1575
6456
2115
4856
2785
7826
4338
2119
4948
2133
1323
5485
7133
973
3568
2952
5281
416
2819
7213
4992
1969
4873
5651
4779
6854
952
40
1927
2784
7265
772
7807
7603
5734
3148
4985
6832
7385
4246
4390
6037
6647
962
3752
3879
3439
5619
1429
6036
2590
3809
3504
3511
180
691
3692
3120
7178
2856
3073
5348
297
2555
6132
6499
2661
518
7878
4450
5340
224
7631
2720
628
6389
794
3462
2283
5061
2453
5091
6628
3603
5333
4472
59
5593
496
5424
2678
5832
8038
394
2304
5247
855
6703
8142
7953
5266
2192
558
3028
4793
4871
1558
4899
891
6056
2947
5658
4764
2905
833
1042
3854
8128
859
8151
3212
117
490
5238
7326
5402
2106
1835
4517
4367
2238
2801
3725
2835
5210
7261
3630
5774
5511
292
3856
1588
3131
3083
5695
516
1465
2912
7876
5197
6071
7562
6229
4445
3412
3633
194
7865
1840
7414
5503
6369
5250
5539
92
1677
1037
6326
7901
633
6796
7358
5709
158
361
7828
1066
1298
1304
3778
690
694
7367
1881
5637
6305
1377
4225
6698
4434
2318
5632
187
985
4874
1883
4651
1943
6752
4791
796
4479
1282
7077
5620
7542
1886
3998
2299
4843
2747
2494
766
5840
6231
6154
4717
5947
7713
7572
7803
826
1140
6787
5011
1781
6874
2164
5821
1773
6075
6696
1368
4635
309
20
3274
1279
1867
7863
4033
2071
1000
4487
4586
5608
1995
1806
1737
2959
6465
6509
153
3668
6671
228
6171
4743
4588
6793
7910
7496
83
6344
4059
2076
825
7635
5312
7153
5514
1480
918
2086
5877
1275
8126
681
6520
7941
4906
569
6168
1267
6660
8180
6156
717
1632
7302
8140
1890
4738
3390
4
1811
811
3938
2222
6310
4657
7343
6466
444
7667
757
34
3468
4868
1690
3833
7069
3116
7791
815
4130
8036
5501
4316
7202
6031
1796
5191
4956
4165
454
542
1761
2023
1923
2635
586
3693
4558
2789
1419
8084
5986
7559
8096
3925
4653
577
3508
7628
7619
4539
7029
5954
5526
856
6966
3891
2892
4905
6443
5691
2533
4427
1967
1678
4463
6626
1958
565
6490
1320
6440
6515
7461
1889
341
184
6939
89
1628
1410
6174
3985
4120
2911
5203
1716
6197
6993
6835
6919
2691
281
4943
2376
1166
7936
1001
7874
3604
5844
560
2466
7689
807
5422
3980
902
4107
1344
2713
7168
7653
1851
5204
302
7584
1239
1467
3405
3636
4257
4293
438
7595
6754
2588
7976
2847
7772
6744
6790
6126
1630
5358
7396
7043
1112
4278
6113
1540
4579
831
2025
2232
4955
7395
7112
6982
6464
7717
6550
3703
909
7563
365
7146
3699
6475
2402
2779
2451
2491
5418
3304
6627
2413
5650
5703
6406
6996
7518
1699
1118
3426
1562
1646
941
2681
1579
6609
1232
1662
7041
2717
4945
7810
6021
3130
2855
7314
4368
2721
4821
759
682
2003
4965
4144
5054
4264
3401
1263
7857
6468
4966
1703
4372
3788
3578
2716
5342
2831
3789
7683
3702
7289
8054
2083
2570
2431
7034
4663
1842
4063
493
4475
4922
3717
5383
5375
4754
7756
6015
4416
3942
2273
3867
3767
5732
5463
4693
6245
3223
5564
6680
5182
5548
3824
3139
3243
6242
6709
1289
7356
2906
8056
1804
327
3014
2749
3716
4670
222
6059
5181
5410
5278
1352
5550
598
5064
7524
2064
3760
3156
5499
5425
7964
1083
4096
4092
1225
5460
3369
1413
406
2326
1873
2019
3527
534
5953
2743
2745
2854
2931
1901
7091
2845
491
8061
2203
7096
3893
6522
5773
7823
2351
5869
3376
2237
7943
7751
6828
5708
2015
3386
991
4857
4090
4055
1125
5165
1290
2724
1827
4086
1033
1124
8191
3951
6924
5114
2241
2274
24
5078
5782
7454
6176
239
2739
2618
6418
1252
2974
6862
913
4496
3996
6623
1544
6783
3726
674
1578
3326
2045
242
6024
3758
2399
7911
7870
4150
7154
8003
3185
7110
431
2193
5153
2867
1612
8186
935
6223
8042
7181
4400
8135
1350
3218
2795
6819
7031
2161
7509
4217
6012
4931
7021
2317
6337
5538
7129
5946
5371
1530
3171
4808
5014
612
5280
3595
2920
5459
7600
2096
3710
7571
62
1333
7357
2157
4897
121
4747
6383
801
4587
2767
6926
4029
2156
2055
4355
7585
4254
484
3239
3656
1389
5939
2438
5914
4382
1357
461
2862
3447
3190
7076
5687
715
3848
1243
975
559
6631
2550
790
3050
4386
5798
338
344
7549
5316
647
22
3267
7999
1763
6164
7853
5760
3620
5667
2900
2061
642
6327
814
178
5040
5296
4862
5063
3626
152
3323
7724
4113
1792
4048
2487
5741
2846
7696
7670
5851
7303
8108
1394
8044
738
1987
6198
4267
5325
5034
2642
1865
4168
4344
5458
3927
1877
3922
4008
5778
8100
8078
3557
1817
7027
1095
2965
1658
6478
8120
7557
286
32
3063
182
5974
2972
427
5214
8063
3436
2220
1390
2342
8155
2148
4744
119
5100
7318
3394
7528
4848
6119
6287
4489
7507
2298
2016
7201
4620
1399
4476
7177
877
4678
42
810
6804
307
318
5927
5630
4745
1759
3111
405
4707
3997
7282
943
5590
3963
2440
18
3838
5236
2116
2817
269
5396
3351
4497
4422
7829
7464
3469
7977
5291
1063
7328
1941
1973
7276
7023
531
1999
4038
6833
6336
5874
3047
779
8068
1407
1720
7115
4294
3870
6268
7651
2009
7278
4171
3520
7378
5145
1361
3219
7155
4074
6438
3443
8022
5287
927
2091
1667
571
1408
5293
1102
6988
7515
3470
4012
2114
7597
3205
5476
8117
2943
4393
1284
5863
7531
5669
1211
4431
4626
7529
6867
5665
6981
1593
2971
1843
5303
3450
6238
7442
1793
5701
3709
8132
1187
7561
6139
4991
8173
314
2811
3485
6969
7821
1654
5002
5262
6742
1179
1672
762
5243
987
1285
6826
4658
1468
7624
3461
4182
1686
8134
3814
4655
424
4814
6552
500
4490
7892
6592
7373
6088
1445
7401
2204
6446
94
1841
4960
4058
110
7391
6358
5971
2680
1641
6429
7183
6324
2751
726
3935
7541
7920
2174
2456
4633
7296
5510
6818
13
7214
5903
2796
7141
4826
1137
1739
2372
4761
1627
260
2155
1446
4807
3780
5893
4391
4760
7547
583
7658
7166
4860
2330
3808
5534
4252
6042
6922
399
2209
667
3694
4183
6972
4495
8183
657
1203
2303
4425
7568
5299
3519
4204
7275
1610
3641
6117
7656
76
5810
3069
5343
6080
1809
3684
2418
6523
6058
49
1614
2032
6092
5885
2770
1398
580
1640
6576
1182
6582
4200
812
5722
922
2828
5149
7742
4930
7288
277
140
2950
3350
7052
4419
5232
6937
6435
4412
2408
5085
556
3352
1197
2359
51
1031
8124
4095
4619
2490
1336
4303
7565
6802
6291
5122
2711
4002
5442
5047
4181
6741
1634
3575
3482
4524
1049
3420
2181
4122
4335
4376
1853
4060
3173
7319
7039
3724
1473
3662
4528
6449
2245
2773
7544
2411
7410
5662
5816
4331
7818
7698
2898
1466
6219
758
4062
1278
2024
6474
5429
3914
156
6086
1560
5505
5491
7172
3478
356
7375
2820
5764
460
7970
6066
7117
1378
1880
1403
6068
2039
5809
1176
4557
7267
1572
8144
474
8115
6961
671
6878
4256
1816
82
2335
1237
35
3010
4969
3516
1135
1160
2776
2316
3976
2626
6685
5037
1629
4004
4429
5517
7418
294
3277
5207
5516
4630
345
857
4027
2179
3875
5588
4898
7182
6130
4525
5330
861
7770
846
1416
3690
1857
1131
2568
3177
990
4685
7097
4305
6917
2585
434
2398
7900
4889
7042
5447
3948
6457
5438
5032
1085
5270
930
6161
4044
4205
1904
5776
7083
6851
5995
1546
7245
1253
7801
6476
6503
2975
4117
7506
86
6845
4900
7329
7125
5574
1276
2505
3430
3674
4037
2567
193
1808
179
3901
4767
4881
2877
6597
4710
168
3126
3
1685
7924
1924
3899
4590
3512
3871
5229
5654
2011
4301
5125
6281
5577
3609
1510
5646
5813
2306
649
8014
2737
3060
928
2433
5497
7210
7707
5439
7312
6467
6947
3579
2067
7145
1710
4220
5166
2560
3408
441
4545
1592
7220
6153
1143
6213
2310
1152
2682
2914
672
3981
4690
8171
2020
213
159
305
601
992
5604
3270
7780
3525
905
5822
2654
1553
6745
6096
6827
1025
2289
6968
6629
502
7113
2878
68
1762
3776
4145
2194
3539
7960
7916
1520
976
1989
4908
4865
6350
2516
3101
7917
6530
4883
7809
3258
2099
464
6105
4819
2323
3623
3521
7277
3484
1381
6338
151
6640
5414
7222
5871
391
6348
1032
944
2986
3123
1261
1519
7392
3644
3550
3036
6494
6216
1493
7305
4312
2111
5991
6286
603
7351
4514
1375
4407
3786
5398
3345
1373
6664
1460
1325
7005
323
1607
5384
312
2495
2829
8049
2609
6691
5095
4047
3070
4896
1425
2693
6353
874
3023
3012
2337
1590
6298
1594
7256
1697
3639
1818
6355
7057
3570
1346
5785
8048
3881
3978
3757
7475
1571
4057
5545
3411
4202
7300
2393
5997
2056
2380
951
1494
3653
3713
1565
6488
7546
2229
1521
7699
439
5142
3797
3180
1879
4243
8077
1154
4884
1947
5275
782
7983
1787
1329
4554
3215
4835
6151
6844
1012
7190
3845
7647
1173
6548
2485
196
5294
4464
2282
3746
3245
4840
4373
3542
230
6189
316
4084
7499
8159
939
7966
50
808
2228
597
6477
3353
5151
240
1897
828
6461
5069
6180
3708
5492
4984
6392
1087
3395
2062
3509
5627
6964
5255
5647
6388
313
7232
3334
5999
579
3306
622
7765
841
7674
4363
2143
4709
1227
5710
4671
3227
5445
5837
3900
2286
8001
366
6540
1262
4649
3054
98
1707
3266
5154
4115
6748
2314
753
7372
4315
5033
6933
7510
1845
7982
2558
3038
5763
190
2587
4466
3835
2412
1701
3192
6850
1714
3089
1136
5613
7293
481
2888
6913
5320
6115
6423
2321
7961
4706
8039
6666
7922
1617
2252
212
6136
1574
6915
713
921
520
3232
6173
4875
2435
5580
2540
1121
4387
4131
5963
4159
7985
4417
5753
267
2356
1462
2598
6686
2683
5208
6865
5347
2927
3262
404
4778
2890
2780
7995
61
8164
5212
2526
1309
7250
692
5933
5556
2120
6902
6067
8141
2660
4727
6297
1813
4541
5621
6995
3241
5524
4853
176
734
7111
1649
1542
636
2173
5895
3850
3045
1728
7047
535
7102
6090
5771
1206
6235
5368
1212
7463
7669
1933
6954
7734
4735
1007
1805
3416
1673
4418
7998
5295
6654
2921
2270
5949
7160
4566
1980
3302
6892
4893
6779
408
2545
6025
3993
6047
5141
5071
7942
3584
2904
3255
1903
5157
1456
7376
7785
1069
7705
3974
1230
1189
4343
6230
6239
7234
165
3834
2007
5494
5901
7686
7307
7429
7556
411
6160
2884
203
7460
2840
2147
5767
4209
288
7930
5559
1675
3894
8052
74
6881
2201
3397
6339
7400
6448
5449
7218
5657
1984
7904
5541
8057
1018
1935
6723
594
1395
3109
1659
3330
3912
2187
5128
1604
2434
5323
7366
2874
7555
5720
237
3162
4056
7283
4902
2843
7474
2090
4752
1158
100
3846
2033
275
53
3055
3237
85
1128
6155
4723
1463
2623
3616
5563
6733
6062
7020
2357
2312
1177
3048
2471
711
3007
3324
8177
1760
6376
1650
5985
5326
5339
4214
4465
3367
8060
1039
5936
2287
6753
5597
5788
7365
3911
8059
5321
63
3999
8137
5367
4179
6731
2216
4266
5670
234
463
6510
3078
7759
1682
5742
3906
2670
5705
1057
6034
6775
3113
4994
6044
3002
7231
7831
7779
4617
7364
7019
3213
3321
2060
6678
6842
6650
4284
6727
3583
2763
3305
5979
6694
1768
7489
3220
3812
4172
984
4468
4878
1111
7879
7063
7066
3169
3467
6312
3936
7465
3600
7338
5101
2710
2656
4886
6959
386
3072
5286
798
7665
8182
911
2895
7618
1427
2029
3741
2200
5585
4093
7762
8168
5800
4773
3379
8010
2381
4237
7167
5083
8101
5596
8011
697
2648
7254
358
1328
6669
4757
6030
4769
2527
7702
4933
7434
1828
4664
513
630
4546
5566
3102
8091
5751
1990
5587
7048
6559
1053
7315
2259
6562
957
2910
185
955
2124
4216
7596
1577
4070
2548
4274
6325
1248
1899
457
2199
4273
1692
7306
1168
6372
4348
3783
6470
395
3032
2518
177
2296
1898
7421
5712
5873
7534
271
1829
6934
879
551
7137
7709
3044
7822
771
1202
903
1635
2189
7266
3986
5023
847
2384
602
2008
3119
5143
732
6282
1758
2899
5336
5833
3617
5474
3418
2531
5493
3164
2748
5147
2736
6906
1204
494
629
1902
4771
400
3310
7838
1195
3720
971
5430
7616
7026
1952
2782
5755
6374
54
5452
809
5423
8033
7285
4295
3414
5535
5652
475
684
4756
7330
4493
7002
3681
3576
7664
3502
948
7248
7567
7240
5752
8147
4366
7316
3451
3921
403
1103
5861
8181
2390
2077
4139
3762
8157
7778
7238
3889
5448
2168
4469
6746
5043
7344
2475
6172
4758
4713
8131
5049
4711
4666
2983
4993
90
2182
1331
7158
6124
135
5327
4829
2936
3715
1693
201
7299
3122
3125
2692
2447
7080
1866
7648
4950
5050
4816
4045
6181
7896
7909
5884
737
972
3543
6258
2988
4339
6149
6142
3541
3849
805
2893
4640
3928
2891
3934
303
6795
803
7793
7156
1117
4314
2628
3748
5643
1442
6909
4544
1569
7859
6207
31
4806
5456
561
498
2092
104
549
2013
7290
1644
7272
6673
3157
5719
1751
7832
7931
7123
1802
7477
6265
4352
6215
480
2871
7347
1734
7806
6590
279
6923
1815
2554
3342
3795
1645
1391
1567
530
1216
5867
6883
4106
2984
6055
2354
489
1647
5684
3449
639
5111
3029
2145
3605
6921
7216
8163
1081
8136
1036
6261
5116
3497
1046
7768
3358
325
2409
6894
5512
1461
7679
545
7760
3651
3931
4201
1918
953
6106
1196
6904
4940
421
455
7893
7065
3792
2580
5118
8076
6693
6186
5801
1564
5234
6927
6379
7604
5868
2528
5956
1878
6506
6619
712
3343
219
7743
4111
5089
845
6191
1268
7062
7688
8156
7981
3464
4946
25
2142
7345
1513
4792
12
1223
6284
2671
3862
4880
4302
214
4836
5206
2673
1317
4155
6054
733
1583
4006
4383
8107
1847
5508
1554
268
4019
6594
5428
2599
4927
3661
6984
5076
3813
4831
6505
1852
4395
2511
2263
1669
7538
1133
3460
7714
7871
6296
778
4938
1858
1396
4817
791
5609
7064
7162
1648
1959
6178
2473
7081
7049
7521
6233
4347
7786
6453
3413
4248
3197
7681
253
4054
5169
3387
1929
1075
1631
5159
4143
1301
244
2718
2537
5432
5067
4903
8079
204
4803
4600
6568
5638
2806
5934
3039
6159
1602
3381
3365
6145
5240
2521
2371
5269
2403
6111
6914
3564
7221
7919
7417
3188
6507
6643
3391
4226
4981
4768
8041
4601
4687
2882
1711
820
7877
3895
2652
263
5123
472
8109
6759
3155
7903
6354
77
4777
6412
4646
8133
547
3611
415
2924
1129
1872
3404
7847
7037
1314
590
646
6786
4073
250
7815
3646
6957
5641
5031
8145
5314
5965
3289
4222
2844
1214
7025
443
4013
7337
7361
840
4345
5244
6750
87
6141
2894
210
3796
1100
3500
4637
227
6308
6095
5890
2176
4318
1318
1846
701
5908
7508
2512
150
5092
5446
823
1651
5959
3370
5803
7105
8092
1623
401
1273
4484
7281
2324
1127
799
900
4324
2650
1718
4138
950
4925
4474
2258
329
4869
5804
4737
2674
588
7552
7423
700
6196
4223
2754
7243
1814
7944
632
3635
5711
376
1426
1283
7235
1585
1199
5335
332
685
377
7830
3667
793
7252
1688
5739
17
7527
3056
14
4888
3764
6994
3129
1082
3407
6192
3410
1848
7022
6757
7229
4828
4571
8053
3445
2803
4132
677
2459
7732
7627
7325
6169
626
3886
3876
3802
653
8187
6533
3503
5910
3065
6761
3625
3355
6110
6498
3093
1983
1839
7024
1507
3602
3114
4276
5267
5450
6091
3492
3441
6165
6274
3534
1928
3805
3251
7239
1327
7662
5174
4350
5263
6295
7927
1653
4942
4241
6471
3128
7602
6843
5163
7739
1292
1946
829
2069
374
6202
3022
3295
2151
2923
2807
7211
3137
7192
7128
6998
483
6321
5610
1259
1925
2325
7921
1599
3071
7093
4515
261
2217
5958
6615
5807
4414
164
6224
6879
2078
2804
138
4987
4207
4244
5551
2041
4596
218
8088
8032
2777
2428
3582
5854
6975
773
2752
4996
7967
1524
310
5264
1469
4849
2188
7501
6385
4936
4538
5569
4584
3459
2149
5950
2798
1492
5150
1312
3008
2616
2479
4370
6118
610
7130
6596
8055
4741
206
127
4818
4392
7352
4995
1470
5417
4891
7148
2392
5699
6346
3331
3943
7875
1370
3507
719
479
5016
548
4839
3374
7908
7516
6622
5938
4438
4242
2166
252
7438
4569
4892
2915
7580
2875
6824
1090
5769
4385
1457
3349
5902
1531
433
3034
4674
1966
6127
5012
3152
1490
5962
4909
3105
2619
6064
7323
7666
3861
4718
3082
7573
2196
2087
2498
2026
6674
3275
5898
1985
6275
2014
4353
1300
2638
6555
5443
2139
7950
1948
5103
3147
5455
3005
765
947
3145
7000
1503
4673
3465
1026
804
4551
7419
1265
5746
2374
6789
5852
6405
7862
7948
447
3878
770
2949
3638
129
125
6864
1021
7514
7390
3463
8113
1400
7980
1288
7
7360
6419
4498
2038
2226
6459
5306
660
7612
926
5498
3308
2401
5404
5319
5115
6395
8172
2872
6817
7003
2562
1382
5509
4192
6038
727
3473
2633
3133
7711
3172
2208
942
1014
1616
1674
7175
6428
3115
3728
4215
2815
4652
6194
8026
4270
608
2235
4978
1974
5728
2118
3316
3121
7073
6401
2186
1926
8008
3650
2163
3683
4527
5088
3423
2153
3027
8043
2205
3806
2135
4616
1581
1870
6008
7644
4990
1132
6869
5671
2774
3354
136
7996
6052
6500
5276
1893
3551
7371
3189
3042
6829
4112
4323
2364
6269
4715
4365
3669
4104
742
8094
6508
3956
853
7403
1003
7802
1242
1072
7143
6299
800
6032
6908
2824
4328
4683
8024
3290
6855
300
6227
7271
7933
5097
7321
473
38
1580
3574
6366
6206
1527
4197
5529
2152
1937
7736
5622
4552
2969
3657
7098
5831
6359
7735
6236
2266
5005
1515
8127
6662
5951
1004
2499
6866
7055
6604
882
4174
4167
6144
4156
6514
7470
3483
1765
4189
6415
6022
1981
2963
4135
6393
7560
6898
7092
4676
7721
2868
5403
5717
3409
6569
3307
5582
4650
1393
306
1291
3104
538
1548
761
4491
5466
4235
6782
4034
2315
390
8184
5679
6861
4432
10
4380
4015
7632
1747
6773
289
4340
5806
958
7895
3268
860
3700
2663
868
3097
7947
6767
1188
8174
4598
7253
961
7038
6252
5057
5948
6332
6371
1023
1101
1070
3013
566
3499
937
2415
144
304
4148
6809
2830
3589
2593
5038
199
3908
4186
7054
4672
4078
7377
870
3890
2723
5390
3745
1895
2662
7136
5075
1200
315
2615
3179
7973
1788
4781
497
4983
5094
640
5486
8015
6649
2530
3829
7108
5909
5704
6837
4081
4098
2764
4481
8051
563
4072
5074
4654
696
7694
1887
7033
662
3494
2584
652
1218
2190
7119
2962
4408
1533
3841
2529
6427
2482
4962
2233
5984
2810
4336
7420
4901
7539
5081
1016
8064
4100
2579
5537
2113
2938
5900
6820
6738
276
4560
2496
7888
4477
5783
1015
5419
5866
6663
703
7350
6049
6778
2636
1433
2728
3204
4802
72
4227
4023
4245
3396
6712
5139
4102
353
2128
2566
2714
3577
4000
2659
5845
1184
6718
6007
6595
7450
6897
5237
3200
6603
5382
6708
8139
4351
2272
2832
6497
4016
4211
467
6472
1443
7056
5211
6273
5483
5889
1089
5164
1256
6398
7808
2103
6695
593
7151
236
3372
5680
2127
3915
1831
1945
907
5189
188
7715
2207
7174
3962
6546
3051
7849
4397
6432
7813
326
2332
2701
1430
2907
6135
4876
2386
7852
4941
6657
4021
5017
1748
5718
3585
5599
7956
6183
8
1167
417
3059
8185
2002
4682
7387
6605
2034
3020
8103
2022
1402
6473
3863
4543
4801
6460
6413
3916
270
658
7728
5392
7070
515
6255
5639
7918
1418
3434
2857
3864
6150
6334
2132
8138
5178
3831
2929
1822
1780
5805
7680
1798
1955
1582
8190
5737
7535
1235
8034
2738
6504
8073
1970
3132
5187
295
4377
173
4212
5736
5744
4516
1687
446
1896
6314
5359
6430
6259
5570
3337
3969
1502
8058
8154
5020
6853
6
1266
247
5678
1241
3260
1360
209
3117
6683
7334
3154
7839
3892
7004
6158
284
3905
6035
5698
7114
7946
625
4721
8067
6306
3799
6279
3495
5444
5381
5431
468
3015
1549
231
1976
912
3622
6272
5558
6769
6876
7988
6391
2239
1917
4680
4556
1369
3322
52
7730
1002
729
6977
3293
1254
2758
6137
348
3821
4580
2961
4221
3698
2355
4448
3647
5747
1605
5362
5896
5781
3477
3238
2698
5374
7120
4641
5015
1322
5039
2866
899
4787
6636
1932
2973
1712
4271
2261
5099
1820
709
4550
819
3734
6407
7583
476
3781
216
3590
4346
8081
3099
8000
7001
3939
8188
126
7426
5318
5913
4091
7617
1293
617
2489
3314
3587
3555
2657
2836
2472
4523
19
88
578
3531
4288
1401
3043
5553
1963
7763
7090
4471
4963
3098
5188
8046
7687
3344
7149
1294
7451
6887
6290
7949
2150
2876
2333
383
6821
4858
5972
4850
2426
5379
611
901
5479
3335
1598
6195
1882
3272
7727
1354
6668
8023
5843
2417
5209
6420
2706
5617
752
6877
3166
1141
3787
4067
668
1522
8028
1134
1326
4838
2994
3301
4562
2397
5201
4736
6747
3924
7374
6951
4731
2227
7349
5386
3384
2985
2647
1169
5975
7311
6237
3586
3949
1487
2439
426
8112
6422
7458
4895
2772
5196
6370
6519
3399
6831
79
1224
919
1061
3868
3141
2107
5133
4625
8016
6556
3621
1529
1689
7169
8066
3303
2269
103
249
5546
5297
2506
5766
1146
6711
3517
5952
3770
2481
6098
3994
6014
1671
1411
4594
3750
6687
1696
4309
3368
5048
220
2260
4602
3150
5794
3836
6003
5996
4147
1695
5611
3697
4136
7362
1107
6302
7431
574
1337
2021
1213
7459
419
3315
4765
2756
2960
7825
4732
6724
836
714
1505
3615
4456
2465
5779
2821
1147
510
6170
5226
4648
3064
2396
7643
3732
6583
2897
7798
6644
6884
123
1104
6214
4854
4261
5919
3347
7198
5756
4509
3356
1855
5777
5862
1420
1868
4253
7800
208
7186
1539
7769
1721
6637
3671
3749
3800
4624
6768
7150
2586
5758
95
379
7009
3466
835
449
349
4553
5911
7898
6451
4947
7135
6756
3240
4119
39
1008
1366
5242
6527
704
1113
5748
5706
1749
3077
5787
3556
2476
1484
5983
4998
1626
7228
3312
933
101
5612
3676
650
5341
8006
6945
2437
7626
5723
1431
2860
6962
2275
5369
3402
2617
4521
5096
3366
5532
4961
3930
5595
2180
7718
6735
3581
5248
6645
3573
5134
6218
875
8050
505
2223
5606
1953
6736
1005
6606
1374
5661
6895
3037
3158
4522
1615
5648
257
6277
5007
3530
4433
7310
5561
3127
7513
29
634
5136
609
6942
4830
4003
4728
5631
2271
6834
7569
2478
2996
6950
1996
1871
511
6633
3855
5915
2839
2563
4277
3228
4137
6632
2708
4971
7203
787
2998
5572
858
2211
8012
6163
3515
6193
211
6803
3597
3736
6575
8082
5765
6870
2622
4762
1271
5389
5966
3642
355
4310
4919
1444
6152
6700
7333
3300
6455
7629
5273
7766
2940
5761
23
6952
3184
605
5600
7589
4759
7504
3193
6965
1964
1056
3689
4304
4753
1231
4885
7116
5109
2620
3540
6814
2404
5172
3883
7118
1517
2169
4458
4957
2604
7208
5046
5886
1900
4291
1464
5573
623
3919
215
4705
777
4097
2080
504
7291
5056
6057
6444
4275
5970
4841
4698
4621
200
3643
1313
7398
645
4692
3714
5254
2644
7657
2726
2853
8110
2244
2552
1434
1861
3011
4581
3159
2108
4730
7335
686
1251
1600
5393
2243
1618
4307
1234
4592
4968
3766
6221
5992
5811
938
1968
7593
5601
2883
6607
2690
499
5228
2629
2792
654
6891
6077
3553
1795
1091
5171
5602
5594
6682
4440
1595
3234
568
2348
2081
3706
299
3559
1930
4398
418
2787
3380
764
7179
5406
4824
3554
664
4677
442
4437
1875
8087
8162
3108
3273
5825
5245
1506
5536
5035
3549
5451
7812
894
6247
5124
7242
6087
1862
5233
1359
2294
2982
4175
4151
5036
1092
7685
7906
2442
198
7380
6483
6234
5812
3422
591
5523
722
7684
3523
6910
5839
1099
2084
575
1915
285
3688
3552
5311
340
2508
6579
6201
6589
7789
3687
5814
871
1885
3711
1756
4612
3025
5633
7327
3614
3288
5253
4470
5110
7264
4589
7455
5750
5053
2908
964
1412
4290
2329
7269
599
2136
5388
6041
6749
3887
3940
1450
2669
693
7086
3084
5795
7673
1245
4618
6805
371
5004
7353
544
3081
5819
553
4140
69
6001
1504
6386
2336
1153
3371
5028
7171
6630
2696
5030
7994
2276
5216
1453
1942
3100
5847
380
2255
3995
2353
6765
2350
2685
7582
3052
2933
7939
6402
1424
6204
2549
7868
5598
2146
1415
4574
7173
4607
5697
2551
5223
7974
2158
420
2576
7748
3431
7059
4451
7668
3613
4022
4103
6373
1755
5882
6871
6858
5300
4913
2469
3167
6304
1060
4238
6815
5694
1746
5073
5626
7058
5715
5675
2278
5025
6886
988
735
6010
2450
1704
4974
5146
6570
1065
2948
1633
451
3476
6209
5391
6949
4452
5799
1013
470
706
6162
6672
1340
4997
3827
6719
4615
2414
6720
2755
7553
1496
7902
3923
2419
5823
6538
8130
916
2177
4774
5960
6208
1684
1024
4866
7840
385
3945
4066
6536
4686
517
1777
1274
73
3960
3606
6228
382
43
1351
3513
2719
4595
6140
7427
3398
430
6103
4375
7493
7061
4178
2463
3363
6762
7484
4161
3320
4405
3696
7408
6797
748
3085
255
2625
1059
7586
7453
7774
3256
2812
6167
3740
4799
1048
3537
1764
6356
2042
3920
3817
4547
6702
6341
3596
7855
6441
832
3383
3682
1233
946
5693
5440
4681
5010
6452
3138
4154
644
30
4561
6593
4082
4700
2429
3236
2344
4785
5941
4979
3170
7468
1613
2322
6211
5988
5547
6692
6946
81
3958
2886
1250
7322
233
3727
6210
1859
776
543
5918
3773
5702
6368
2172
3278
1264
3035
2778
4879
2254
1342
7497
5271
1372
3632
994
7729
6726
5688
1491
6069
5364
169
3514
5478
1637
6798
969
5578
5285
274
3421
235
3624
1139
1076
1388
7816
4389
6417
1079
925
5834
3446
7522
4634
7775
6491
7016
1096
7436
7161
6587
482
1854
3815
5175
5826
7731
1068
728
3947
3489
6112
5363
852
5495
5221
2427
487
4231
4742
1810
5022
7249
3136
3030
6028
8169
7726
5759
2347
6200
8119
7246
7180
6060
2702
6129
769
6292
2768
3754
1186
546
4667
3955
7040
4250
7777
6116
4371
3853
5640
755
6554
2941
2265
3196
2467
7443
4053
4384
3917
7075
7885
3785
118
2934
3453
614
1029
5689
55
254
5937
7845
4071
5399
2307
6974
7279
978
133
705
6542
3843
5013
6973
2215
1123
7204
2267
4193
1269
4289
2944
5515
3966
7486
2954
1362
3979
725
6212
278
5117
4827
2958
6078
5176
3033
4195
5239
7379
256
5126
3529
7051
4939
7106
5982
2759
3857
834
6944
3634
4784
2937
1568
6481
2406
6882
4265
5315
2643
8146
7407
4662
3264
346
5283
7638
2766
6362
4928
3957
6382
5161
245
4330
910
4224
1299
2001
2658
6276
6868
6581
145
3328
2997
1532
6363
225
838
2697
4313
33
4080
5044
7320
3437
6601
4977
1220
7032
5199
7405
5846
5930
1972
2632
266
3004
3313
665
58
2391
4041
1557
5878
966
3458
7244
5220
450
4146
584
5277
2444
4234
4064
5841
1909
7881
4232
3057
471
6652
1661
6101
3259
333
5045
506
1006
4499
7324
6705
5435
7846
3565
1228
5400
7103
1302
2574
3953
384
2162
2557
3591
7620
2509
3794
11
8098
3094
1138
6278
2715
4187
4455
4613
1451
2405
7284
7383
2341
6600
6689
3822
6489
3318
2446
982
7170
5969
5977
4582
66
5649
5282
4975
2072
7131
7971
4421
70
4025
7424
1894
7193
4593
669
5531
4068
7692
2826
4354
4317
6525
114
3457
7703
6288
2608
945
4160
3561
2569
6781
4461
1110
5148
509
7856
585
6563
7625
7260
7369
3547
4675
4915
3233
6462
1752
4043
407
4362
3572
6027
1440
3319
688
5784
3149
1725
536
3701
2699
5616
3964
410
6889
7006
2645
7660
99
3571
3110
2468
6244
5932
1501
4075
2483
3751
6442
4573
2370
4980
2345
6608
4563
1509
3207
2122
7787
5591
6943
3640
1772
4627
1116
3442
3292
5467
2864
3203
2741
139
492
5065
3333
6019
6557
6089
1281
3284
262
959
6093
1376
1838
172
6046
283
1576
2956
6729
2352
7060
1589
6357
5614
3486
3562
6495
4430
689
2976
149
221
6063
573
2543
2607
3872
7819
1741
4629
7525
4404
1950
3897
595
6026
3826
141
7388
1358
4726
2583
387
1643
4733
7270
1471
986
5070
1044
1906
3524
1775
4970
5051
3018
5279
3103
2175
2464
5912
2137
3629
6123
6656
4989
362
2995
368
4810
4121
2709
7738
456
7577
619
7642
5274
8018
7295
6621
3217
6349
4772
485
93
5231
881
3246
6699
4506
3884
4435
4679
7015
6431
5576
956
7837
5224
7550
6433
6253
5533
6232
6580
4449
3208
2031
5978
5860
7955
5677
60
3142
2688
2722
5413
3226
659
78
3279
4591
2050
5468
4170
6125
4949
4532
795
4011
5980
2334
4460
4258
2236
6529
2602
3286
2707
837
7050
6620
7588
3631
4606
2731
7987
3775
3087
4775
3738
4604
3341
2870
6016
8071
1938
1062
3742
1971
4369
1790
2295
3904
5926
673
7425
4379
5258
5289
3664
1660
4169
2992
1190
3088
4520
2178
1219
3096
621
8045
2687
7519
1454
1499
4642
2253
5344
6535
6079
6439
6956
2302
3983
7139
2612
3175
7737
5792
1310
5329
8089
7088
7965
514
2171
2394
4164
4533
2088
6888
5482
5324
6941
4210
5370
723
7932
6131
1240
7481
1744
6447
6020
7415
707
7564
1156
7867
5668
7940
7744
2851
6416
1783
4697
3074
7382
5120
7741
6319
4409
4208
747
1636
6501
4510
1837
7262
1207
3654
1272
5864
6714
3385
1193
2788
3888
7441
4280
7142
3663
2184
7753
7457
2126
6397
7969
4402
2510
440
3721
1910
1916
5955
4361
1664
7404
4812
4329
3847
229
6147
4534
1715
3810
1525
3937
2631
2689
1126
308
2331
1679
4176
6936
1238
1556
363
4820
7340
1789
2694
1315
6013
4049
6561
5249
7989
6903
906
7247
5469
143
4133
3612
1812
6721
5935
1348
5190
2257
6004
5880
1020
2746
1668
989
866
1489
7411
350
4934
6053
6264
2677
5976
3428
4394
3944
883
3265
7487
6484
3652
1287
4701
4128
7152
4046
4359
7682
1246
5923
3852
1404
8158
5259
3885
1939
850
331
5731
789
2246
5084
7574
7700
3309
4163
3046
1769
7607
5018
6323
2346
1960
6979
4251
7814
2290
1474
360
7085
6799
4079
4349
936
1071
2575
5859
6564
1458
9
5080
3062
6905
1799
5922
4953
132
8114
6770
2515
4199
6043
6107
6940
1639
4694
4890
3655
5072
2461
4185
6885
246
8178
552
2753
5940
750
5567
5872
884
7157
1869
4260
3271
6734
3471
175
5681
1681
2524
557
4921
6307
3389
2144
7712
3187
1144
4823
7012
4568
7010
2865
1766
6730
5480
7623
458
587
5106
2198
5008
317
5757
7615
5899
4702
2457
2313
554
2234
258
4087
7661
3798
3106
4032
7951
6266
4190
8123
5849
3678
7752
259
532
2006
2939
7755
3873
2901
3221
721
7611
7601
5409
7745
1563
3679
2522
4623
2338
2320
3091
2539
6531
7894
4076
7861
311
1663
4973
5829
7659
2546
3777
2902
6333
4319
1198
1
16
2048
4699
1277
4780
2532
3135
851
7926
5528
5322
4240
3877
4018
5562
6263
7925
6426
6725
4488
1343
3329
342
2095
2284
6808
5380
7225
2339
1086
6873
5222
1656
7609
161
4988
1222
7758
5481
5836
2591
1836
1624
3533
6267
3282
541
7089
1363
5144
3283
7495
3202
720
1436
5853
5202
4576
107
4844
6625
1038
1498
142
7621
1380
2525
1040
6899
7219
5328
7827
596
7954
5772
7858
389
648
7017
7614
5397
7654
7191
3695
6104
7991
4069
8065
6240
2520
581
2018
2903
4292
1088
3666
3771
4381
981
8083
5521
6978
3199
6792
4024
606
6545
7558
8075
124
2102
2101
5160
6872
5317
6340
2043
5964
7851
2942
1180
6665
3222
2213
7761
3107
7835
7298
6572
1308
291
5917
97
1355
7187
4325
1041
2852
6009
6794
6810
1192
8031
7268
6639
8074
5827
6367
7749
3225
7914
1591
1475
3501
5527
6364
189
2366
5192
7095
5543
1181
2523
967
2964
6270
539
3782
2292
7134
5105
6343
4795
4638
4800
4356
806
5727
1982
2503
4790
1483
7938
4341
7579
2814
5093
352
4282
3818
4109
6410
6436
162
7444
2676
2653
4236
5475
6544
2375
2889
2859
6670
2980
2771
4157
2497
7309
724
2572
1555
4751
6930
1097
980
2449
6011
2734
6458
5998
8025
2504
5802
7872
3599
3772
5412
3406
4262
5309
7308
5928
7592
1753
6987
412
3735
4374
7578
319
1084
5310
1311
4847
7452
1603
4326
974
2012
788
1449
1911
6409
3832
4951
370
6256
6097
5870
3672
6450
2932
4283
64
3377
7887
6513
1826
7147
5729
432
3731
3823
7480
4776
5818
2288
375
1115
4797
6681
6220
7833
7935
4740
3124
2389
2987
459
5058
4268
3165
5623
2519
683
5790
2040
2210
5167
4729
192
4124
7984
3975
5337
6813
5024
3339
6611
5173
2264
1786
6565
6980
1514
529
409
1497
4636
3016
1481
3560
3429
631
2679
6134
7409
5828
5642
3691
754
6100
6839
15
7854
6143
4101
2977
2761
635
864
6679
1384
4887
7087
512
6716
2630
7479
7805
1957
2917
1383
6785
749
1027
7399
5981
7224
6948
7784
627
2861
2123
1280
2935
2488
7719
5945
661
436
7072
540
931
7263
1735
7074
226
3828
7094
414
4529
6085
6912
2744
2410
4911
1750
1986
1518
354
2786
2507
7526
1122
5059
5683
3191
2379
4108
6317
5251
6659
2561
3811
7576
7880
1700
5001
2946
2667
5198
7159
5907
6715
7523
84
4929
2514
6599
4722
1907
5848
898
3455
663
3090
1356
5745
287
4286
3229
4750
7767
7466
7923
5634
7566
4007
7030
5357
1708
2327
6099
6072
5113
8105
5489
830
8106
2790
7028
6990
1905
3006
1405
3755
1438
3040
4659
5707
2424
4825
522
1561
4842
7011
7227
4959
5027
4206
4783
7899
618
5137
6739
5138
2592
2538
7811
7445
4647
1338
7782
2838
949
7972
3722
1022
7591
792
6935
2603
3287
4482
1782
7548
1951
4213
6083
5052
6755
207
6073
5780
1670
7883
6082
7882
4342
7697
202
3601
3566
3837
5177
5549
3844
7693
4085
4089
8160
3882
5411
4492
6445
3163
1476
7543
2268
7498
7422
5213
5920
5554
6148
7389
2842
6184
7036
4608
5904
1856
2684
6635
3649
488
2909
5540
5227
4864
448
7610
1803
7750
7237
1541
7581
2536
4834
3261
6074
102
7958
3498
3645
2421
3393
5815
5170
7332
7590
6907
2053
2395
1305
983
2400
6983
5470
2104
5441
589
2154
4334
2363
5838
746
2492
75
3765
6732
3544
7695
6577
784
4311
3952
6313
3972
7937
5506
170
6925
2160
7355
7622
2542
4518
5887
3153
47
1754
3017
2802
3607
1332
5183
4017
2206
469
6199
8149
1523
5906
7354
7502
6486
3842
5565
6610
7437
873
4229
2420
6612
6301
2725
1800
6896
2913
710
6880
6737
521
4014
1074
4716
1387
2577
2197
6997
6707
1936
8013
745
4480
8085
1149
3961
3567
1423
1447
2378
2765
6254
1860
1385
641
2513
2535
1257
5589
7341
8020
1997
8167
4503
4028
5298
3546
7986
5009
6849
3926
2224
2089
3535
5194
2219
334
6916
7841
7889
6157
264
423
1297
6823
570
7482
4935
6955
2383
4099
1365
6377
2309
4714
4298
8102
1717
3041
5257
4958
620
1067
3479
519
3195
7217
2564
6375
7794
1694
5405
4628
1683
2230
4796
1908
241
4196
1573
1824
5793
2262
4502
1830
7476
7912
6788
3909
4669
929
2991
2493
2028
7195
3804
21
5104
679
5453
1155
4696
44
3244
6414
2544
1536
2700
3761
3456
7797
954
1920
1341
3474
8037
437
7792
4478
3618
465
4904
5830
2125
940
357
6688
1208
2823
1172
1165
4972
1045
6766
1652
1965
5644
3971
7014
6848
7194
6280
6800
4914
6543
4094
8047
2928
6109
5685
1157
3869
2606
3536
993
8069
5421
783
740
6384
1732
821
4061
3839
3659
2841
337
822
5607
1961
6434
4695
3388
2416
5062
4327
6771
5437
5127
5738
1978
6929
4570
2816
4877
6120
763
4845
5635
2165
4462
3140
2727
2501
5268
2462
122
4042
977
