   492
   459
    40
   303
   438
   212
     9
   132
   108
   192
   456
   295
   310
   432
   206
   186
   369
   463
     8
    94
   256
   171
    71
    47
   253
   489
    19
   111
   499
   155
   208
    41
    12
   413
   287
   327
   328
   502
   228
   305
   442
    70
   486
   243
   411
   226
   317
   460
   288
     7
    28
   352
   383
   122
   395
   416
   506
   101
   458
   240
   469
   478
    67
    99
   329
   178
   291
    55
   252
   297
     5
   239
    57
   354
    26
   414
    98
   153
   314
    83
   313
   265
   196
   274
   214
   451
   107
   145
   151
   302
    69
   276
    17
   236
    21
     4
   300
   457
   177
   464
    72
   143
   480
   390
   166
   156
   500
    10
    52
   267
   160
   278
   474
    51
   308
   199
   360
   361
   194
   203
   449
    33
   405
   505
   450
   435
    29
   172
   427
   198
   234
    74
   368
   353
   205
     6
   148
   157
    60
    64
   333
   386
    62
    93
    79
    96
   501
    68
   282
   496
   406
   454
    27
   120
   213
   362
   247
   339
   284
    61
   248
   150
   238
   113
   218
   173
   185
   309
   219
   147
   200
    13
   130
   245
   255
   448
   138
   378
   384
   202
    42
   164
   209
   483
   419
   394
   351
   481
    89
    45
   180
   312
   482
   118
   441
    56
    46
   503
   426
   294
   319
   398
   465
   417
   473
   251
   429
   468
   193
   163
   128
   112
   270
   391
   475
   123
   412
    82
   393
   137
   407
   455
   350
   250
    54
   401
   285
   375
   420
   439
   324
   216
   364
    11
   430
   322
   183
   356
   225
     3
   169
   142
   355
   344
   237
   158
   190
   340
   154
    23
    90
   428
    58
   124
    39
   179
   461
   264
    73
   343
   421
   373
   292
   338
   447
   222
   410
   359
   477
    95
   275
   227
   125
   325
   244
   400
    59
   201
   404
   347
   149
   366
   146
   280
    36
   296
   385
   376
    18
   334
   330
   346
   134
   232
   261
   127
   331
   103
   307
   102
   170
   311
   349
   259
   479
   210
   257
   433
   162
   131
   220
   471
   279
   323
   197
   249
   204
    78
   195
   263
   281
   126
   396
   229
   431
   100
    76
   293
    63
   262
   443
   135
   335
   187
   444
   141
    85
   399
   289
   467
   345
   231
    31
   223
   144
   117
   273
   298
   466
   182
     1
    22
   272
    34
   320
   121
   388
   357
   408
   365
    20
    80
    50
   424
   493
   140
   476
   381
   119
    86
    30
   392
   494
   485
   235
   304
   504
   336
    37
   389
   139
   159
   436
    66
   176
   211
   425
   446
   184
    25
    91
   116
   445
   374
   403
   315
   332
   326
   242
   260
   453
   434
   269
   152
   462
   488
   168
   498
   316
   318
    87
   402
   114
    77
   207
   321
   452
   181
   106
   241
   109
   268
   423
     2
   246
   136
   277
   221
   301
    53
   370
   341
   397
    15
   217
   224
   266
   387
   115
   271
   377
    97
   174
   254
   230
   379
   129
    84
   490
    44
   188
    14
   491
   283
   472
   233
   484
   363
   105
   175
   161
   470
    65
   415
    35
   495
   286
    92
   337
   299
    49
   371
   440
    16
   487
   290
   382
    38
    24
   167
    48
   437
    32
   367
   380
   215
   165
    43
   189
    81
   342
   133
   348
   422
    88
   258
    75
   372
   409
   418
   497
   306
   110
   358
   104
   191
