7
6
13
4
36
8
64
63
97
62
61
38
14
12
11
90
94
88
77
62
96
29
89
30
57
33
29
73
11
10
38
64
41
56
57
58
29
4
5
79
16
17
82
66
85
26
39
40
8
5
6
27
23
24
72
67
54
85
82
81
92
90
89
11
45
87
5
6
3
1
62
79
73
58
75
23
25
92
38
35
37
60
63
61
7
26
51
75
65
56
8
0
2
74
79
77
22
41
39
72
21
74
74
91
1
23
8
19
96
22
95
36
37
77
99
74
71
51
93
92
33
31
14
69
25
71
70
3
71
95
43
67
76
49
79
79
78
23
41
23
38
24
19
37
55
56
71
38
4
64
61
80
82
15
63
18
80
91
52
56
76
51
81
79
82
24
52
50
24
9
83
54
49
52
16
69
15
81
82
84
36
35
43
60
67
8
96
28
30
26
24
27
6
95
96
65
0
1
87
61
1
9
70
57
19
21
55
25
56
37
79
42
94
68
67
38
66
23
39
70
52
38
23
48
47
64
9
6
81
68
67
22
23
8
41
60
44
88
90
1
46
48
57
63
62
61
56
46
49
99
65
66
8
49
95
34
18
19
4
17
9
31
69
71
98
79
71
24
26
2
0
29
36
66
51
65
58
60
93
96
94
61
66
72
69
28
25
23
12
66
68
18
77
21
4
76
34
14
12
52
7
8
69
83
58
50
47
43
45
32
33
86
57
40
98
0
2
42
40
96
69
75
72
76
60
63
34
19
12
16
89
6
49
62
40
56
63
32
99
57
59
3
15
69
73
56
35
31
26
24
62
70
69
37
61
0
2
91
88
89
86
89
87
66
26
27
36
39
17
5
24
3
50
44
42
58
62
37
37
39
0
10
9
33
31
28
29
70
26
48
70
6
71
31
32
18
9
6
53
92
79
1
57
56
82
90
91
95
62
60
39
28
71
78
12
8
11
49
70
50
55
36
61
96
6
9
4
10
9
6
45
44
68
48
70
56
84
57
37
32
31
60
59
76
60
65
63
87
31
29
95
14
3
73
17
82
98
39
71
95
93
96
52
12
51
40
7
77
67
13
33
33
25
27
19
39
16
56
55
58
43
12
55
66
55
54
81
43
31
5
7
54
68
1
0
80
48
9
2
52
56
11
24
12
66
2
18
42
46
34
97
27
26
62
61
36
83
39
72
7
65
62
85
51
50
36
13
39
76
75
22
10
1
2
33
49
29
53
21
56
98
11
8
98
86
97
60
58
21
6
85
7
50
52
5
7
58
39
44
2
40
46
55
42
55
96
42
87
22
8
61
63
0
68
65
87
62
61
24
19
17
76
38
48
50
42
38
36
51
69
97
38
14
34
5
7
10
13
12
39
47
45
64
95
25
96
3
98
99
82
94
83
13
12
78
52
77
54
68
49
67
42
38
12
56
33
58
26
60
80
79
3
57
89
57
76
83
17
68
58
80
81
40
93
92
53
65
52
35
97
36
22
8
21
13
26
38
33
93
10
4
5
1
82
89
93
42
6
5
43
41
28
89
90
22
65
63
62
9
7
57
3
6
37
99
77
97
35
39
87
59
80
58
79
95
5
69
22
21
65
56
67
39
59
40
11
89
9
58
92
60
9
12
10
51
84
82
1
35
37
44
40
43
27
25
44
57
41
74
66
16
91
69
81
2
97
95
21
84
68
83
41
40
11
94
98
74
22
33
20
5
6
3
8
66
64
94
6
26
11
15
20
48
30
31
43
15
16
93
17
92
92
66
64
16
2
52
51
21
49
4
84
43
52
61
58
47
49
87
62
64
95
59
86
87
13
95
14
29
27
61
88
91
92
19
18
4
23
19
44
79
82
78
20
18
17
40
46
18
0
25
27
5
57
61
95
98
82
88
38
86
87
86
63
67
19
68
48
46
45
40
41
44
63
20
41
32
33
86
66
23
65
2
4
0
80
84
85
56
34
58
68
71
69
41
19
37
63
70
8
97
8
98
3
25
24
86
7
34
8
9
12
50
49
66
18
75
11
5
56
47
66
67
21
42
27
43
45
42
6
24
28
59
67
52
68
46
42
79
76
80
49
75
41
38
36
84
22
7
9
10
71
65
93
66
67
92
21
22
18
5
11
6
97
52
4
86
10
87
0
13
65
70
97
91
65
4
2
43
42
41
65
50
64
79
44
42
89
90
88
49
58
60
2
80
79
82
83
43
2
19
20
69
70
1
66
16
17
64
76
77
48
25
68
96
95
77
82
81
83
72
73
74
90
63
64
26
25
27
99
97
1
12
16
11
65
85
42
39
40
37
75
37
77
50
43
40
0
62
1
90
79
17
78
75
77
50
43
65
25
52
15
8
19
23
67
68
36
87
13
79
58
28
55
79
61
78
24
93
38
67
87
86
3
75
19
77
39
64
14
12
93
37
59
13
9
73
93
8
9
54
92
88
91
27
82
54
92
6
89
32
79
81
31
39
79
26
28
52
56
91
57
49
48
23
63
0
2
21
70
20
46
26
45
33
36
34
85
48
84
78
52
21
14
58
1
94
14
87
50
19
69
76
54
77
77
66
65
64
62
94
46
15
62
71
88
68
44
40
41
70
93
90
18
19
8
99
52
3
69
18
31
86
59
62
4
59
35
59
57
53
46
44
99
67
66
90
32
78
84
57
62
63
57
47
89
93
26
91
63
84
66
86
60
87
5
8
82
11
2
12
76
79
73
56
55
53
65
63
93
92
93
90
63
5
66
50
49
47
21
24
75
50
92
49
66
80
71
52
73
75
19
47
48
90
88
89
51
13
17
99
0
63
11
24
7
58
56
69
34
28
29
82
58
76
65
57
55
3
24
26
9
8
68
27
29
18
74
14
16
26
90
29
49
23
47
41
91
9
49
3
6
61
9
11
70
24
65
60
64
61
67
66
40
92
84
89
88
62
24
91
23
25
40
48
45
69
48
44
47
15
48
49
43
42
43
99
34
57
54
52
47
36
46
41
70
38
76
75
66
28
27
25
37
38
2
19
18
70
83
86
37
65
64
86
94
12
10
36
70
35
86
85
15
1
43
44
67
77
76
61
26
60
84
21
60
49
77
75
0
58
2
24
25
71
40
53
54
31
28
76
28
17
15
34
7
78
61
17
15
3
63
67
29
94
27
74
49
73
41
43
6
38
16
91
35
53
54
23
20
25
97
99
21
72
26
29
48
31
29
13
10
11
46
66
48
86
90
70
7
10
8
9
75
72
40
45
50
14
63
24
94
65
66
43
97
42
66
42
19
14
5
76
13
1
49
34
8
32
31
32
29
62
17
18
51
56
53
29
12
26
37
69
67
70
4
78
24
48
25
96
97
82
26
29
30
91
90
92
28
71
43
11
1
34
97
21
94
73
71
95
54
99
37
53
38
34
37
11
36
