75
8
72
52
22
90
2
69
52
0
67
30
37
18
85
60
99
78
67
90
83
0
45
53
39
90
60
85
23
37
68
30
12
75
45
40
49
90
47
15
67
99
2
37
96
55
99
39
90
12
25
75
71
15
37
25
60
0
1
2
75
69
45
99
22
90
15
45
65
32
99
60
0
37
98
63
92
49
80
40
30
69
54
24
45
54
60
45
22
19
51
75
99
21
47
66
11
30
72
60
30
26
0
99
85
22
85
40
0
8
75
99
83
0
47
81
99
90
60
45
60
0
67
83
55
99
77
67
90
34
99
77
92
75
98
90
55
99
92
30
82
99
75
90
67
68
81
50
75
33
52
78
75
83
60
75
71
74
60
47
75
11
48
86
0
0
90
33
88
60
81
8
53
37
77
99
79
94
69
56
99
77
53
13
45
0
75
21
83
52
93
67
8
30
75
99
45
60
83
52
90
8
75
67
33
30
52
18
15
75
92
67
0
99
22
60
79
75
55
45
70
45
23
68
90
60
99
90
20
75
90
53
99
71
60
46
99
38
77
56
75
78
3
99
76
64
39
84
0
17
75
49
72
45
8
37
67
60
99
55
30
60
75
37
0
0
83
67
57
75
20
66
60
75
15
99
85
45
60
43
75
60
99
83
54
68
99
25
0
39
85
40
8
67
37
30
55
90
3
69
75
90
0
45
25
90
49
37
0
60
30
84
29
31
2
30
52
84
19
75
81
49
68
90
75
30
63
83
58
69
45
75
60
44
71
75
99
95
72
67
0
1
22
85
55
60
99
96
90
52
99
69
48
75
90
99
15
73
45
97
68
99
75
96
9
75
67
76
90
64
70
90
15
75
0
80
60
23
86
99
75
8
60
34
90
54
90
39
15
60
37
62
8
42
52
0
22
75
41
83
90
75
60
8
83
30
55
90
77
62
85
33
0
99
15
63
94
75
45
9
75
32
99
67
52
78
94
75
53
33
93
51
39
0
62
90
8
45
83
99
90
60
23
0
8
53
23
60
0
1
47
99
51
85
98
90
67
8
52
68
75
93
8
60
69
99
67
30
45
22
99
75
45
83
52
90
45
83
15
67
90
15
30
67
22
60
90
61
56
91
86
8
48
24
47
86
38
52
0
1
90
15
87
75
83
30
90
83
99
85
60
56
37
8
18
99
75
79
95
74
90
75
0
57
30
38
60
37
47
0
90
21
8
75
99
52
15
82
69
83
46
90
40
30
75
60
90
37
83
0
99
15
47
70
0
67
77
54
37
45
60
61
55
99
77
37
99
34
70
97
75
45
73
92
9
90
99
68
97
67
22
90
32
8
77
66
0
15
94
45
99
0
18
45
65
99
71
45
15
90
75
67
90
22
15
48
99
30
45
60
80
94
68
48
20
47
45
67
53
75
75
48
74
15
60
94
45
55
37
15
90
45
18
42
67
52
92
75
0
30
32
90
63
48
37
65
92
37
13
77
60
80
59
19
42
90
75
52
26
60
93
30
80
0
54
41
99
68
60
37
4
99
60
34
0
53
90
26
82
67
60
53
17
47
32
86
45
75
90
14
99
80
18
52
64
90
8
83
99
77
17
45
78
27
50
75
25
90
47
30
75
67
37
99
11
68
15
96
78
38
83
60
99
77
67
90
8
67
37
22
60
92
84
16
99
99
8
95
24
53
30
45
21
15
37
99
27
37
17
63
99
22
75
25
20
51
75
42
99
92
99
90
38
67
30
37
78
50
30
75
75
0
20
15
23
99
48
90
21
0
68
75
90
63
99
75
74
52
0
37
12
68
50
75
60
94
75
8
15
46
64
90
99
75
8
0
90
32
67
1
81
54
66
11
30
38
99
67
23
98
83
90
75
0
45
90
99
83
37
8
93
30
75
45
90
75
76
52
8
15
90
75
3
83
63
90
99
39
75
22
83
37
65
13
33
68
90
30
51
75
75
73
55
47
67
41
99
75
13
49
83
60
55
75
53
60
8
67
57
45
99
19
57
51
71
60
83
75
99
52
90
75
45
42
23
83
60
99
61
53
15
70
30
0
1
51
9
88
24
99
48
34
45
30
99
45
92
8
52
60
56
75
60
30
45
78
45
75
79
80
90
53
0
1
22
75
17
99
67
8
84
45
8
64
37
84
99
22
60
30
95
75
37
99
90
40
8
99
84
75
10
99
68
75
37
90
45
86
15
75
86
70
90
75
23
15
64
46
82
39
81
93
75
24
90
84
63
37
45
34
75
69
99
27
0
79
40
75
80
17
85
8
40
33
49
0
1
8
37
68
99
80
98
75
95
55
90
0
99
48
75
71
67
19
90
82
90
99
81
0
82
99
90
34
60
65
37
0
2
18
42
0
90
1
83
90
77
63
80
60
49
18
65
55
75
30
81
15
37
57
19
99
80
13
22
60
92
0
32
54
37
60
15
38
52
66
37
82
15
0
83
37
15
99
95
90
67
0
45
15
52
99
63
37
82
22
67
8
23
99
66
37
15
94
45
45
90
0
30
99
75
99
83
23
30
30
99
4
23
0
78
75
30
47
67
60
99
0
1
96
99
77
8
60
22
90
33
64
8
30
90
84
40
75
99
45
92
64
75
60
60
0
83
38
75
80
47
21
75
48
75
70
53
15
99
99
45
75
23
41
99
47
12
51
67
66
90
45
15
30
90
45
15
67
52
90
71
0
8
99
60
99
37
17
56
68
50
75
9
0
99
45
63
48
91
90
11
99
91
30
37
80
8
75
90
75
67
15
90
43
37
21
75
39
60
90
99
38
16
8
19
85
90
54
67
90
30
2
54
60
80
15
37
45
60
84
11
69
90
99
90
99
0
60
87
75
41
67
76
15
66
21
75
76
90
83
8
48
75
81
68
33
0
90
15
80
60
32
75
12
30
82
67
45
3
99
15
83
45
95
45
90
33
67
0
41
60
23
8
67
81
15
56
30
99
25
99
45
68
53
75
99
67
97
90
99
53
23
93
77
65
90
34
48
30
82
39
17
37
67
64
90
15
48
22
60
15
99
90
75
99
55
0
83
54
75
99
22
70
96
30
99
83
52
15
45
92
63
30
0
99
30
0
78
55
85
30
4
99
22
45
60
93
30
61
86
8
76
67
24
65
54
75
53
77
94
75
37
70
83
75
60
99
90
8
60
58
30
75
59
66
0
15
90
35
64
33
95
8
30
3
60
56
77
0
75
93
72
24
8
90
45
60
41
12
94
60
15
45
90
60
8
99
61
75
65
57
75
60
74
94
37
60
15
99
60
81
99
96
97
75
74
60
41
67
75
45
8
99
96
78
60
70
27
75
75
8
77
0
1
45
81
32
60
30
30
84
75
99
39
92
47
45
67
8
37
0
83
8
62
83
3
30
45
99
64
60
82
18
30
75
99
15
39
63
81
90
75
99
41
75
90
26
45
0
30
63
90
86
0
68
0
77
64
99
75
15
99
67
54
99
30
69
97
90
75
15
33
83
99
75
27
0
60
52
90
63
37
8
60
90
33
20
8
87
53
90
66
85
75
80
99
0
18
1
90
67
99
0
75
68
42
99
82
66
52
42
99
76
60
37
90
60
45
57
64
99
20
37
95
84
51
99
8
90
25
99
62
53
10
90
60
75
52
8
39
66
92
45
15
52
66
99
93
45
21
90
99
75
45
45
67
85
99
97
99
17
37
67
98
75
15
83
53
99
8
67
83
60
90
66
47
84
13
75
15
39
70
13
48
52
60
75
62
40
99
90
54
27
77
99
60
15
32
75
0
51
67
60
77
30
45
62
99
90
75
22
39
0
83
81
99
45
13
60
54
60
82
24
90
90
71
4
87
69
99
60
30
13
0
60
34
75
73
90
75
25
60
83
90
30
99
28
45
75
99
90
83
13
42
24
90
30
60
33
70
81
0
30
75
64
47
75
48
37
65
90
25
15
37
85
68
90
75
37
68
99
30
13
52
60
99
90
67
22
90
67
17
83
52
0
23
75
30
99
65
15
99
53
70
75
23
15
83
99
60
99
0
57
45
60
59
99
75
57
90
0
68
91
67
75
0
70
45
83
83
92
75
99
60
68
92
30
71
45
75
45
60
52
67
60
99
15
57
45
87
52
5
99
82
90
15
55
37
60
83
99
45
93
9
18
90
8
0
1
45
53
37
90
83
15
47
0
75
8
71
83
0
99
94
60
62
45
0
30
83
31
0
67
75
50
45
30
13
60
84
75
99
37
98
99
90
45
0
1
37
78
0
99
94
75
45
99
95
71
80
46
12
99
90
38
22
99
83
2
52
75
25
0
8
99
55
2
15
0
67
86
32
81
99
67
99
25
0
1
68
60
99
90
9
90
67
99
68
92
51
38
60
8
45
99
37
70
21
33
60
67
45
68
22
60
90
75
0
16
60
75
83
55
90
21
99
30
77
97
90
48
63
15
37
83
99
75
13
45
81
60
22
93
82
80
99
79
25
45
90
67
30
46
63
40
68
99
18
90
99
0
17
15
24
81
24
30
41
68
8
46
60
40
85
75
99
90
37
57
45
5
69
50
60
0
75
99
48
83
75
90
8
74
55
0
90
15
45
85
60
37
58
36
70
53
15
99
37
82
52
75
90
8
33
99
90
48
75
18
90
30
99
69
12
82
8
37
68
90
90
50
37
83
23
90
60
0
55
86
15
45
83
69
60
90
75
0
37
1
50
15
45
37
53
99
75
34
5
72
99
24
67
50
94
67
90
47
75
99
99
63
33
8
85
75
67
90
0
25
99
40
30
67
79
60
90
30
13
45
68
99
85
70
95
90
60
19
49
75
99
75
98
45
60
80
11
45
66
48
81
0
62
1
83
51
99
82
24
75
8
86
60
78
99
99
60
0
8
90
50
75
20
99
92
53
21
60
99
39
67
75
71
38
0
90
60
0
30
85
52
91
15
0
70
60
93
45
8
61
75
45
52
99
98
60
81
90
37
27
68
37
92
75
4
90
30
99
33
67
17
30
90
62
55
30
0
90
18
67
86
37
15
52
90
99
78
8
33
53
90
45
15
99
42
68
35
90
8
60
50
79
99
75
24
75
0
45
99
90
81
99
90
60
45
99
67
39
97
94
60
90
21
67
86
99
90
37
68
15
82
60
59
94
45
60
59
61
99
78
60
8
83
32
52
64
83
60
22
99
75
52
23
78
0
60
90
83
18
75
99
90
0
1
63
69
82
51
86
15
45
69
51
8
0
65
90
15
43
0
99
60
30
90
10
40
0
67
99
83
99
20
37
30
90
84
90
37
75
99
15
56
45
67
41
23
51
45
0
90
83
45
8
90
99
84
83
60
41
99
25
45
0
30
52
24
0
67
75
85
30
92
0
52
71
90
60
71
86
67
90
18
55
0
52
52
99
82
15
67
75
78
67
13
60
60
99
45
27
90
60
30
15
86
0
75
90
51
0
72
60
99
37
45
24
47
21
86
50
41
60
0
67
52
83
84
37
67
16
30
84
23
45
0
1
37
53
99
8
96
65
90
33
11
86
48
11
37
75
83
75
37
8
60
71
75
0
60
45
67
33
85
99
90
10
90
63
37
78
67
93
45
68
60
75
38
99
62
0
45
99
0
83
15
63
75
38
90
45
99
60
90
70
30
45
99
67
15
98
83
90
87
67
15
39
