9
77
0
96
71
91
8
0
99
32
67
31
99
0
8
77
99
57
68
13
11
84
99
40
0
99
68
46
73
94
89
44
99
0
12
87
41
81
24
56
94
52
23
0
73
27
92
99
59
36
99
73
27
9
37
58
90
0
22
46
42
99
61
82
53
26
85
0
91
20
20
99
79
59
0
75
8
33
99
52
36
76
51
32
64
89
48
0
57
25
92
53
68
0
99
44
68
85
39
99
86
32
99
62
0
96
63
0
41
91
54
22
70
99
37
78
99
59
90
43
55
25
0
70
48
16
99
77
57
93
71
99
76
91
1
18
90
0
77
55
66
16
99
10
85
11
54
77
99
71
44
80
50
75
61
75
99
62
29
48
99
58
10
30
0
0
54
77
99
10
56
17
50
30
62
53
99
78
66
92
50
99
10
78
86
93
35
79
56
99
95
31
67
42
73
78
21
99
94
71
50
88
0
57
32
59
19
0
6
63
96
61
0
53
17
86
54
49
91
99
61
96
3
68
99
60
34
82
99
69
22
99
63
82
51
76
46
99
51
12
5
95
68
0
60
94
59
46
99
0
93
61
44
99
86
33
73
40
67
99
60
23
99
47
68
0
73
51
16
78
99
67
48
80
57
60
85
49
99
45
79
47
54
73
40
20
58
99
81
52
55
95
67
46
89
44
71
23
90
61
61
95
0
69
99
89
19
46
32
60
32
72
0
44
93
56
26
70
21
0
63
19
81
99
73
29
68
85
20
99
8
36
77
59
88
65
7
94
37
99
0
82
28
6
94
61
99
96
26
45
60
90
53
85
33
91
60
42
97
14
99
63
71
9
95
74
99
60
45
0
86
51
41
73
16
98
64
19
44
94
79
50
5
99
57
92
56
8
0
99
76
31
48
0
37
11
52
0
46
16
95
30
74
99
59
52
23
99
68
30
85
56
99
72
35
63
84
42
10
0
78
99
64
46
92
78
39
8
45
70
85
48
42
72
0
91
39
0
66
35
23
75
99
68
42
22
93
0
99
73
48
73
99
80
42
89
43
99
77
23
96
61
65
99
5
99
59
71
30
51
63
99
47
23
82
13
50
67
92
57
40
84
11
30
54
59
21
95
66
37
56
79
34
95
49
0
85
64
39
93
83
15
49
73
99
74
27
96
35
68
55
18
73
11
28
17
74
0
99
89
82
43
52
22
72
57
78
29
99
52
26
89
99
68
82
56
98
12
0
22
8
43
99
67
95
90
15
63
85
99
99
53
16
0
7
63
16
99
80
51
20
60
99
80
39
66
37
99
5
94
68
99
10
76
94
60
90
39
0
99
26
74
99
52
83
70
0
48
14
99
99
21
0
17
7
79
50
91
36
65
99
68
24
64
0
29
76
94
0
38
18
59
95
99
55
6
83
99
77
48
41
76
45
70
20
51
14
99
70
25
21
89
0
53
27
48
76
99
41
0
99
59
0
34
64
99
62
35
71
95
77
37
62
30
0
59
95
68
99
0
31
92
0
65
86
71
53
33
2
79
0
74
99
24
62
53
88
32
0
82
32
66
24
75
0
70
36
99
82
45
55
81
19
99
65
50
77
1
57
84
45
1
90
30
57
11
93
40
64
33
44
79
90
54
26
52
91
57
31
13
68
20
0
30
9
69
17
99
30
56
91
47
38
84
20
77
6
57
37
70
59
32
76
14
40
82
23
0
48
17
23
71
42
99
94
76
47
99
35
71
27
75
99
51
87
34
71
99
43
75
39
72
94
0
51
42
69
97
5
38
99
68
77
34
58
91
23
48
67
41
91
56
7
34
0
99
68
1
41
48
91
23
53
69
99
0
54
94
14
71
99
64
10
74
49
96
31
55
36
67
66
48
0
76
26
81
64
97
46
22
99
28
0
68
46
90
48
59
41
20
11
60
0
28
50
21
75
99
49
70
64
38
90
7
97
62
95
99
68
86
90
64
17
45
96
95
52
17
45
74
19
76
99
54
81
62
34
4
90
0
99
60
19
71
45
86
53
99
61
0
94
55
69
99
60
22
83
0
99
31
52
12
99
70
95
53
9
96
70
99
61
33
14
86
66
41
87
5
99
35
57
89
8
34
83
42
82
61
89
70
68
0
26
5
41
86
40
0
17
73
66
5
41
61
32
86
23
62
44
74
98
64
37
58
94
84
43
0
26
54
75
99
10
42
81
84
12
0
38
17
82
59
99
65
0
44
13
65
0
99
11
76
99
49
17
59
94
63
77
34
99
76
58
29
13
12
74
0
99
41
84
44
0
54
33
46
20
63
0
5
99
74
53
80
23
48
86
58
0
99
96
64
99
74
19
80
40
99
61
15
99
20
63
84
50
63
30
0
99
94
39
83
0
99
10
88
6
50
69
99
91
32
0
54
36
75
40
99
13
0
21
53
64
84
45
87
0
57
10
99
35
69
21
0
28
69
34
29
64
81
99
43
83
61
37
92
48
0
69
54
43
84
99
90
55
61
22
16
54
99
88
41
0
95
10
96
54
15
70
99
74
25
99
0
81
32
74
99
84
54
27
99
60
78
38
25
69
92
0
99
99
72
52
94
4
95
61
37
17
47
19
69
0
24
56
50
11
97
0
71
22
55
0
70
99
35
79
43
99
26
42
75
99
38
26
40
99
59
31
69
94
28
71
99
56
39
68
89
34
75
94
41
9
35
2
95
55
63
15
0
61
86
99
54
0
98
58
70
0
53
22
58
64
40
88
67
96
8
37
63
40
82
0
99
4
34
72
29
77
0
70
34
17
78
90
43
90
67
20
36
88
21
99
7
83
10
94
35
63
4
20
70
94
2
34
81
34
99
92
61
82
49
0
99
57
91
48
21
99
0
21
0
35
56
29
86
52
64
99
0
23
65
82
34
0
30
89
71
11
0
24
0
37
72
5
72
99
39
14
88
42
83
51
31
70
64
99
41
17
72
30
81
0
69
99
20
56
99
46
25
42
85
99
77
53
24
99
61
88
69
61
93
54
99
86
63
16
78
59
86
35
72
68
46
16
93
45
0
56
75
50
21
73
99
42
20
75
99
65
0
29
99
56
76
43
41
91
13
99
66
65
99
80
51
22
74
14
39
99
20
46
9
83
37
2
48
90
28
8
38
75
22
0
53
29
99
37
84
61
47
42
77
99
52
3
79
49
99
0
56
66
23
99
0
9
71
36
99
24
0
0
99
28
59
4
99
67
20
75
48
51
90
28
99
76
29
99
57
77
25
56
28
69
23
99
99
62
36
96
77
37
92
78
56
0
58
99
5
83
0
68
98
53
28
92
10
75
43
0
23
94
56
49
69
30
67
33
7
84
0
45
7
75
12
34
9
72
30
99
92
67
97
45
10
92
50
11
0
17
43
51
85
0
99
65
19
61
80
56
71
14
59
99
88
63
25
82
92
0
99
26
68
92
12
47
61
25
99
34
66
25
82
0
10
99
75
43
99
15
52
5
99
28
53
0
76
0
43
99
68
61
95
99
65
33
71
91
56
39
62
86
59
13
35
9
56
99
83
93
64
17
84
99
68
0
26
68
99
78
39
85
44
99
80
4
56
10
99
36
0
74
36
32
62
23
99
58
21
78
0
91
47
99
58
32
55
10
78
99
63
97
22
54
71
93
28
64
71
32
99
46
0
99
74
92
88
52
67
99
20
42
64
20
79
48
23
66
99
0
11
35
71
99
19
0
1
83
44
65
99
99
59
34
11
52
40
68
99
75
0
94
63
99
49
0
7
80
99
86
55
88
0
38
11
99
26
64
78
99
71
56
24
15
48
99
27
99
74
0
58
46
86
10
0
27
37
66
24
81
43
99
67
46
0
95
99
56
0
27
51
56
10
99
73
95
49
76
35
98
89
44
96
71
58
91
28
99
94
14
0
24
67
54
74
31
24
72
0
30
42
86
26
6
35
0
97
61
93
52
9
99
58
77
24
64
27
87
80
0
22
59
82
46
99
67
49
98
12
34
57
53
0
24
91
9
60
17
99
85
0
99
81
24
57
62
99
57
0
65
71
51
18
99
69
42
24
87
75
96
60
99
26
62
39
70
83
9
53
73
91
29
91
63
42
13
77
42
90
37
0
54
78
31
93
1
0
39
92
71
99
41
72
76
46
61
43
81
38
5
94
93
56
20
1
33
47
89
0
57
33
71
0
99
91
55
53
80
57
86
0
81
45
51
32
57
71
40
99
17
0
81
51
42
71
20
14
56
81
99
72
14
99
45
24
0
58
36
79
15
85
21
97
67
43
76
9
93
32
52
16
42
84
0
22
35
83
47
38
10
0
95
60
22
55
90
12
92
45
67
99
67
32
11
38
74
68
44
99
0
33
61
96
31
99
75
57
99
15
38
52
73
40
99
16
46
58
35
79
0
45
58
97
33
93
85
78
99
73
51
34
23
58
82
5
99
47
89
0
39
60
11
44
99
91
70
97
38
0
58
28
75
99
41
5
70
61
96
66
99
31
11
54
99
81
44
99
25
0
83
29
60
13
83
99
70
78
17
0
45
11
99
81
37
60
42
43
83
0
27
4
99
0
80
50
45
20
68
6
41
64
87
1
42
99
76
62
29
57
36
70
82
48
40
77
14
47
97
20
74
53
71
99
77
20
40
57
94
67
99
0
9
77
33
56
99
19
71
0
31
9
12
94
49
72
99
88
43
99
0
17
29
84
0
99
37
0
32
49
26
66
49
85
20
40
99
27
99
0
75
33
19
75
0
99
35
99
34
14
47
25
80
27
43
17
65
26
77
99
82
0
18
51
28
55
80
63
19
99
83
43
71
99
58
20
0
99
67
61
75
95
82
42
60
38
12
17
60
77
99
0
45
99
24
49
0
11
83
56
77
0
59
79
99
72
26
46
75
0
26
78
46
84
60
25
99
57
92
65
99
0
21
87
72
0
14
7
49
99
67
94
18
57
99
75
64
75
55
99
45
63
92
40
67
7
99
66
36
80
17
46
88
25
49
30
0
20
69
53
73
47
27
72
88
59
99
41
73
99
79
46
99
73
4
54
94
52
17
46
99
0
93
42
0
69
99
42
84
99
76
51
0
82
99
89
22
32
77
99
89
60
77
14
99
55
72
0
54
91
69
44
45
99
94
70
54
79
17
50
99
85
26
62
78
32
99
91
63
45
98
7
28
69
58
76
36
19
89
63
44
75
57
93
51
0
98
36
99
0
13
94
15
66
0
23
99
44
76
9
0
49
57
91
61
86
0
8
59
99
79
0
38
83
0
16
43
40
99
0
80
62
92
48
7
70
99
99
19
55
75
50
77
39
51
32
58
39
78
4
90
55
85
36
11
99
93
60
31
71
48
90
46
10
99
94
39
27
61
99
14
50
25
99
66
40
16
23
90
57
76
42
83
27
0
64
95
69
94
54
99
36
83
28
57
5
77
24
94
70
0
14
71
99
46
0
57
58
96
23
47
67
63
99
72
24
48
60
89
0
29
64
37
81
59
51
73
24
99
56
79
18
98
40
2
26
6
26
64
95
36
1
29
71
46
34
63
42
4
70
90
0
8
90
57
32
0
36
82
60
76
45
64
9
99
54
37
97
65
46
92
0
2
48
74
99
65
0
76
99
52
12
13
96
48
67
91
76
99
60
83
9
34
65
79
99
59
22
71
99
78
92
