8
7
12
74
75
87
51
48
52
94
42
98
6
11
97
6
18
7
19
17
15
27
28
30
40
27
38
76
2
74
66
77
68
38
66
93
30
98
97
85
5
89
96
5
77
36
89
86
79
78
5
6
61
49
62
46
44
62
70
85
55
15
13
39
19
41
87
26
88
49
47
23
71
85
93
72
16
11
80
49
85
56
84
49
56
53
11
61
47
51
2
33
6
28
33
35
68
70
71
46
57
45
84
13
11
43
13
19
9
55
49
56
57
50
27
89
38
5
69
11
31
81
98
4
75
76
59
26
13
30
15
48
78
12
83
68
65
49
65
60
93
99
57
45
13
18
16
54
27
56
72
47
52
15
50
55
62
68
21
58
59
70
42
77
41
13
85
87
61
99
62
20
7
98
50
57
22
33
78
73
42
44
53
78
75
42
68
67
93
38
75
70
46
84
44
74
80
76
62
60
58
69
27
25
62
63
59
76
18
6
13
22
17
90
94
93
23
92
80
46
43
50
3
28
24
23
56
55
6
11
1
24
46
16
60
54
28
11
8
64
32
43
30
74
9
76
24
28
22
18
13
11
62
89
64
55
54
4
46
99
42
44
57
62
56
75
74
16
7
34
55
47
25
7
70
2
33
84
85
34
13
18
26
53
30
87
88
93
82
44
84
9
54
29
52
61
49
54
45
51
51
92
52
59
69
68
30
91
94
78
14
21
39
44
41
12
90
10
99
1
70
71
14
15
22
38
34
30
70
78
94
16
87
38
35
92
3
89
4
47
45
66
23
22
21
2
4
51
74
75
73
70
44
71
28
16
82
35
4
12
53
72
55
41
4
89
77
78
76
46
49
44
45
41
15
52
66
64
81
83
89
3
36
33
2
7
28
56
61
10
62
11
7
11
47
49
11
64
7
39
35
45
45
40
95
57
55
35
67
15
65
31
28
27
64
69
22
21
86
89
48
88
10
28
5
27
75
43
11
35
69
37
48
73
68
45
2
51
55
90
94
74
69
39
55
53
56
45
35
36
83
93
74
4
2
99
73
90
76
57
51
56
59
60
61
86
87
92
0
75
9
38
41
10
21
28
22
14
7
8
46
22
23
21
47
46
47
50
34
50
29
49
20
18
19
28
29
84
46
26
37
38
77
80
29
39
74
11
34
35
29
21
27
72
61
65
67
72
93
47
49
45
45
55
96
4
74
73
61
59
42
10
13
24
73
89
69
98
32
35
9
11
27
84
6
4
43
14
18
41
45
90
85
92
88
19
69
84
3
0
1
4
2
3
27
20
17
89
90
14
55
86
89
80
56
53
6
7
1
7
93
95
82
45
78
20
31
35
65
86
95
45
40
27
79
5
74
1
72
56
33
29
48
61
89
59
10
9
91
78
52
77
7
56
28
51
80
52
21
17
64
25
21
27
29
26
80
87
70
81
48
10
47
18
13
40
41
22
36
68
38
32
51
14
75
71
13
74
49
31
32
1
43
76
99
20
96
11
4
13
70
7
12
87
55
91
48
42
78
43
8
9
91
61
34
59
42
40
96
98
57
77
6
65
96
57
4
83
37
36
67
12
92
44
6
40
25
20
58
45
60
64
35
34
21
82
83
2
86
61
67
31
28
58
84
27
90
39
33
36
22
5
6
73
76
64
8
68
70
87
13
92
81
80
75
54
92
99
68
88
89
54
67
47
97
96
67
32
94
26
16
18
19
36
37
38
48
31
30
42
43
15
97
96
46
6
27
24
83
76
34
19
69
22
16
41
47
77
18
14
92
93
90
13
57
14
19
91
52
58
81
52
98
96
86
4
63
10
32
60
34
84
81
87
11
56
10
53
97
52
10
16
76
42
94
43
36
32
60
90
27
22
36
73
44
53
76
26
29
94
90
16
19
77
37
36
8
31
45
42
85
15
19
72
75
48
80
28
77
90
5
79
96
77
19
11
13
68
6
79
12
93
20
14
93
98
95
9
14
4
41
48
45
53
37
83
89
6
11
12
19
91
99
90
97
74
37
39
34
1
36
92
59
88
23
22
19
88
90
55
30
26
21
24
43
44
6
29
2
60
57
55
66
62
59
60
32
67
37
51
88
14
60
17
55
63
69
7
85
99
52
46
48
85
64
86
54
1
19
1
12
14
51
63
62
22
18
26
19
96
20
87
7
10
40
37
26
55
60
7
88
35
34
93
90
33
73
81
82
43
56
84
24
27
26
85
87
37
49
52
37
64
65
68
74
23
24
53
58
56
25
78
32
80
90
96
10
13
64
37
42
39
36
34
32
53
88
95
56
58
30
1
85
4
50
21
71
10
9
15
22
83
88
15
87
96
80
47
50
42
47
46
81
26
82
89
87
90
69
92
88
69
74
70
84
5
1
85
86
87
62
96
58
61
60
5
68
67
66
42
34
44
13
11
92
91
5
0
2
72
69
28
56
50
11
51
57
75
73
17
60
56
26
16
94
96
93
83
21
58
57
54
34
33
70
14
36
38
68
76
69
34
36
35
87
88
86
74
12
70
95
93
65
85
7
9
53
56
67
99
66
33
84
54
33
83
48
36
38
12
49
75
71
56
17
63
61
44
13
40
56
60
58
62
13
20
10
85
12
89
81
80
93
43
79
4
0
1
6
31
27
34
33
28
4
66
5
99
86
89
54
53
21
61
62
60
64
60
30
35
55
33
58
56
3
50
88
90
77
80
79
44
61
32
5
91
1
62
15
88
46
86
45
7
42
4
89
74
64
35
93
39
5
10
2
3
1
4
72
6
21
51
52
49
65
82
85
62
19
11
51
78
82
86
84
63
74
13
75
88
15
38
5
29
4
49
62
50
17
48
16
50
47
8
80
20
74
53
76
85
7
54
8
57
38
64
42
57
22
25
31
28
83
48
85
44
66
59
88
73
75
49
57
45
18
76
81
85
34
37
46
51
50
48
5
47
54
25
28
84
68
67
92
93
25
9
93
91
39
78
75
79
74
77
44
28
26
71
63
54
45
53
47
31
5
9
76
62
98
23
21
89
8
11
22
5
67
3
47
60
44
80
79
69
38
32
82
63
7
68
78
62
63
35
65
67
19
21
22
90
55
91
90
39
95
93
92
85
52
70
92
85
81
23
3
94
62
16
63
66
31
32
33
12
4
48
31
27
32
30
32
60
9
2
39
95
91
94
23
24
11
23
21
42
63
37
54
73
72
56
65
52
67
67
90
94
99
4
0
66
68
80
17
80
53
32
29
60
14
16
20
32
33
67
83
36
25
62
47
57
80
76
23
38
41
73
0
62
1
66
16
2
33
32
79
70
65
18
5
11
17
92
1
2
84
93
80
91
78
93
37
35
34
96
20
56
4
9
76
1
32
4
57
16
62
40
50
34
69
42
61
71
75
77
9
15
13
36
37
34
