55
86
83
11
96
40
92
45
10
77
87
67
27
17
62
4
27
75
24
71
25
43
85
13
14
50
86
49
99
93
26
59
68
22
70
59
70
57
63
60
86
73
87
97
49
21
85
66
67
91
29
65
96
26
89
78
56
14
28
3
13
70
85
17
62
99
96
31
84
6
80
0
99
19
64
28
23
80
89
15
52
87
14
51
15
80
88
14
72
39
89
47
98
78
27
39
99
10
17
39
75
95
40
3
37
95
48
56
88
30
55
18
99
67
91
57
20
84
15
49
29
53
46
79
91
48
97
20
62
10
17
91
57
26
87
5
0
41
33
3
28
8
95
38
41
86
11
52
25
78
13
87
50
37
42
24
50
20
70
67
38
8
92
58
73
28
36
4
9
96
62
53
20
83
55
89
62
94
71
43
46
52
94
93
24
54
96
55
46
36
69
53
39
63
3
40
87
52
31
63
50
84
17
55
86
67
95
26
7
99
85
68
36
49
25
52
48
5
6
71
46
45
59
76
43
25
49
97
32
88
75
3
46
8
64
27
20
48
94
13
11
58
32
11
18
63
60
25
37
56
81
80
12
43
78
95
27
49
60
41
95
87
13
29
72
87
83
96
4
57
12
40
56
60
36
30
69
31
45
8
67
22
79
35
99
26
43
27
76
42
41
96
74
44
56
55
51
89
14
52
58
19
92
98
91
75
64
78
98
96
15
59
78
96
63
75
39
85
5
21
65
69
52
42
9
42
90
17
29
99
5
36
85
69
62
1
43
24
59
22
61
89
99
87
94
95
14
20
45
16
72
75
65
71
80
96
39
19
63
83
11
2
77
42
22
99
14
80
47
14
47
93
51
77
13
89
15
46
56
79
24
99
64
17
47
69
72
15
49
93
69
17
4
21
12
94
46
60
95
26
62
44
31
90
13
46
30
11
41
93
47
69
22
67
14
62
40
44
64
6
9
6
21
18
78
48
8
85
89
42
50
0
60
97
18
68
74
47
94
85
13
18
99
65
21
79
32
85
73
27
93
2
56
63
5
72
99
0
99
59
17
96
9
29
98
19
38
53
26
62
11
88
22
94
99
16
62
60
89
21
33
46
64
38
95
48
79
48
15
30
29
97
33
11
39
87
38
59
89
68
13
64
53
3
6
34
38
22
0
61
15
92
53
50
86
13
70
31
78
84
11
8
60
29
35
35
86
3
38
48
11
54
21
61
58
18
93
73
99
94
94
71
9
89
55
16
33
94
85
75
70
5
65
16
99
82
98
16
46
60
35
77
17
9
24
50
23
13
84
48
43
22
44
15
53
74
16
93
58
20
43
80
54
15
5
17
59
93
71
39
15
89
59
15
23
9
31
6
67
55
68
13
22
24
78
19
19
95
63
68
39
42
34
61
84
18
54
62
77
13
55
63
87
31
60
45
25
23
96
70
26
4
45
9
24
35
34
94
23
24
59
96
94
75
85
91
87
81
56
40
32
58
14
47
17
39
53
99
62
17
39
37
12
29
48
92
3
18
46
65
11
47
34
71
25
17
5
29
35
91
42
36
33
19
98
75
57
90
16
54
11
76
95
88
15
53
74
92
83
93
74
47
15
4
43
96
60
41
1
30
45
27
11
61
36
62
8
61
49
35
11
20
44
23
89
53
37
71
23
61
16
98
5
85
15
12
48
85
78
50
18
4
66
98
20
63
7
11
86
21
70
61
11
35
83
59
42
79
11
89
22
57
15
54
89
30
31
90
83
9
11
65
10
3
6
0
18
39
78
74
45
76
18
14
34
9
48
60
91
98
1
44
0
55
11
76
43
57
17
58
99
16
95
58
48
98
79
56
55
12
90
10
43
0
14
5
69
33
11
49
87
16
29
86
66
55
9
90
99
22
48
85
14
50
1
53
93
88
64
39
81
45
12
78
16
44
10
9
55
65
97
82
44
58
39
99
21
66
95
70
37
5
96
74
9
85
56
97
78
60
44
47
68
86
66
44
76
32
37
44
70
36
77
33
99
50
19
47
43
48
16
91
15
55
78
98
85
37
82
59
40
64
44
97
7
21
40
19
86
42
17
69
89
54
16
13
8
54
37
94
68
75
47
97
91
19
57
14
86
49
54
84
58
18
0
50
28
73
68
74
14
17
54
15
90
53
75
99
86
16
59
62
94
8
2
89
22
4
11
13
60
96
83
51
50
30
4
99
66
0
49
25
61
83
50
96
17
60
9
24
4
1
88
16
62
45
78
19
96
69
53
69
3
23
30
38
54
7
0
63
37
25
94
86
8
22
78
56
29
14
97
72
20
45
27
4
92
43
15
73
65
86
36
31
80
55
39
50
75
90
65
63
50
16
10
92
55
14
99
19
79
31
84
60
16
57
94
41
35
10
61
66
84
20
54
71
34
18
98
91
77
0
96
65
13
21
32
34
96
54
12
9
51
12
36
58
73
51
55
10
66
10
84
65
49
91
85
13
19
45
55
35
87
52
15
77
67
66
31
10
93
20
26
6
86
33
2
99
75
51
98
50
15
23
71
20
95
47
44
66
93
71
23
77
36
98
74
45
99
52
92
55
39
49
51
48
47
55
24
85
73
21
32
50
40
87
95
58
15
21
47
31
92
62
27
67
20
99
34
84
94
78
60
37
23
85
96
96
22
57
47
22
78
82
64
91
62
15
99
45
16
74
33
98
86
23
94
62
37
14
27
95
50
18
64
9
55
54
19
92
75
30
27
67
37
75
17
93
58
88
30
52
36
67
62
16
91
37
3
32
47
98
16
61
79
19
50
29
32
15
29
94
70
15
55
90
74
23
26
15
53
89
23
96
43
3
60
6
54
15
90
91
78
6
18
97
61
40
15
28
47
62
76
9
16
15
65
13
97
6
21
40
58
95
15
99
39
67
43
26
15
54
33
28
64
36
81
57
90
18
94
5
49
31
23
46
2
56
96
43
67
17
6
79
73
34
48
6
22
96
55
36
96
46
89
67
14
72
78
39
18
71
98
54
18
87
73
35
96
82
96
2
68
51
12
53
9
29
81
50
92
20
58
94
23
95
71
72
99
56
94
80
88
75
50
57
32
52
95
84
47
35
23
43
50
48
7
5
4
43
59
50
43
29
74
27
5
76
33
64
36
64
81
12
99
53
97
17
60
3
1
67
68
33
88
75
94
59
13
89
46
27
29
42
67
12
19
4
54
21
99
0
99
73
47
66
26
18
33
13
40
76
17
99
63
12
30
21
72
94
31
81
47
13
54
15
90
47
9
82
22
99
67
27
82
90
46
40
16
17
46
91
89
65
35
56
16
88
92
38
17
99
63
37
48
20
44
36
53
71
5
1
49
38
57
86
29
66
44
17
97
61
4
44
11
95
64
36
0
64
53
98
4
13
60
14
37
74
18
66
