15
48
20
5
6
35
28
45
35
18
0
12
45
5
17
27
40
25
0
50
55
42
40
5
27
45
46
6
23
0
27
40
15
27
5
35
45
33
11
15
0
40
40
35
0
40
48
22
20
27
35
5
37
25
20
50
51
0
38
7
35
45
55
0
5
25
2
45
37
0
20
47
3
15
20
25
35
8
45
50
10
20
10
47
30
3
47
20
40
5
25
0
45
45
32
15
10
50
2
5
50
45
43
35
10
40
5
52
45
25
8
2
22
19
25
48
53
25
7
35
37
5
45
30
20
0
5
45
28
20
50
55
37
35
40
0
10
55
15
25
55
43
5
50
25
15
40
42
0
45
25
26
30
35
45
50
45
3
44
5
4
0
25
43
50
10
5
40
37
15
27
45
13
33
30
35
15
32
30
35
45
40
55
38
7
30
42
7
23
33
45
50
20
5
30
35
47
43
32
45
3
25
50
40
12
7
35
26
10
20
32
13
45
18
25
38
45
37
32
15
0
42
17
5
0
2
45
7
10
25
0
38
18
5
33
6
0
5
22
50
7
37
33
17
5
50
35
50
3
45
15
20
25
40
52
40
0
53
38
7
15
0
47
7
13
27
37
10
28
22
0
28
45
36
35
42
5
0
38
32
0
20
45
35
50
20
10
55
22
30
50
27
23
25
40
15
52
13
40
50
12
37
0
28
0
10
22
38
12
5
40
25
45
50
35
40
25
35
25
30
40
25
0
35
18
8
11
13
16
10
30
40
18
27
3
6
8
0
35
37
16
15
12
37
43
7
5
0
25
50
55
45
5
22
3
7
40
15
48
25
28
20
43
33
22
0
15
30
55
30
5
0
33
5
15
37
32
45
17
28
15
43
50
51
35
50
45
45
31
26
20
0
55
20
43
2
18
35
50
20
8
50
20
45
30
30
48
55
38
30
15
0
45
10
37
17
0
22
20
25
45
17
38
32
20
50
40
25
51
17
27
25
43
48
28
20
12
25
35
7
45
12
35
30
32
25
50
27
5
50
33
36
31
40
18
25
45
35
55
25
8
17
30
23
0
10
40
56
0
25
37
32
5
40
45
18
8
25
50
55
2
42
22
5
35
50
35
40
12
42
20
30
32
5
20
35
40
25
42
10
50
20
45
55
7
11
22
35
22
30
20
27
0
25
40
8
0
40
52
45
25
55
22
40
0
30
40
50
45
0
17
30
20
40
8
23
16
5
20
33
25
10
55
42
12
27
45
27
3
7
43
37
30
0
43
0
15
53
30
5
10
7
45
20
30
47
35
25
0
35
5
22
45
23
25
42
8
15
33
45
40
55
42
17
25
45
44
22
40
12
35
35
0
52
35
12
0
3
43
50
2
13
30
2
40
30
28
30
50
37
15
50
17
25
50
38
0
5
20
47
38
10
35
45
2
45
35
12
40
22
37
13
20
17
37
23
36
30
10
5
15
55
20
10
15
35
20
55
30
2
0
45
5
50
2
37
10
10
0
30
35
0
17
40
20
53
42
19
20
20
27
22
2
30
10
2
32
13
12
8
35
17
37
27
40
13
50
45
25
53
35
17
50
45
40
30
15
50
0
33
7
25
40
0
15
37
33
41
0
50
25
3
13
25
30
51
25
12
25
50
43
13
32
12
30
50
40
50
23
0
17
25
35
25
55
18
21
35
30
37
32
33
17
0
0
45
55
12
0
18
5
10
55
40
17
0
32
20
0
7
45
50
37
45
17
0
50
32
35
46
5
13
17
40
43
47
25
30
37
50
25
42
13
43
5
50
20
35
50
0
20
33
45
30
0
40
15
25
43
10
30
35
17
45
2
43
37
23
0
50
25
35
15
43
12
47
8
28
31
43
13
32
11
10
50
15
40
50
10
20
15
45
25
38
7
37
34
28
20
23
2
20
15
22
19
6
8
27
11
2
43
15
45
27
0
5
33
37
2
13
30
33
35
30
15
40
0
5
0
17
0
12
45
30
40
55
27
0
42
10
50
40
0
32
8
35
8
20
45
8
22
28
5
17
20
0
55
20
50
30
15
51
50
33
22
8
27
0
45
32
5
50
5
30
0
35
50
8
33
8
10
43
3
47
15
30
25
15
22
37
33
10
17
26
37
7
35
2
10
32
12
45
15
35
25
35
50
49
12
45
5
23
17
27
35
50
25
13
5
15
18
42
30
20
42
25
30
5
45
2
25
50
35
50
12
28
32
45
20
10
35
30
12
20
40
13
50
15
25
47
35
50
55
13
42
30
38
0
5
25
5
24
3
25
6
27
40
0
25
2
10
25
50
55
42
22
48
30
12
40
18
20
13
43
27
0
45
25
55
42
27
0
40
50
23
8
32
30
25
50
0
40
15
50
20
35
2
37
34
40
15
37
0
20
42
35
0
32
15
45
20
55
13
15
19
5
17
32
0
50
17
5
22
40
2
7
45
7
4
12
45
15
55
45
46
50
46
47
42
45
33
7
40
50
55
40
50
13
5
15
4
45
50
0
12
7
5
40
15
53
35
48
40
5
30
40
10
50
5
25
37
13
45
35
30
40
2
30
43
7
23
45
20
38
0
10
43
30
40
55
5
40
20
30
42
15
38
10
20
20
45
3
15
50
5
0
13
32
10
40
50
40
47
42
2
20
8
15
50
35
25
0
53
28
8
30
40
28
45
22
28
10
32
45
22
37
25
48
40
10
22
25
50
7
35
43
46
31
5
23
33
42
18
25
10
45
5
17
38
10
35
21
35
5
25
22
5
0
15
5
42
3
35
50
23
38
12
0
37
34
30
12
0
37
13
34
0
47
28
43
20
0
2
15
37
35
27
18
18
22
15
40
48
27
5
20
40
33
18
20
35
43
20
27
22
30
33
12
7
20
25
5
22
43
15
15
50
40
10
20
53
0
47
30
43
48
49
12
45
50
13
40
5
20
50
49
38
22
28
43
5
23
25
43
35
5
30
55
10
35
30
45
15
35
12
37
10
8
32
18
0
30
55
17
37
25
27
3
45
40
25
18
8
45
30
10
3
45
40
48
18
15
25
0
5
30
55
42
7
0
5
22
18
40
3
30
35
18
28
40
50
55
10
30
55
43
10
15
37
5
20
32
12
22
0
17
30
0
35
25
40
0
22
45
0
22
35
3
17
32
10
47
30
18
5
37
5
30
15
48
53
18
2
27
45
13
25
35
13
40
27
43
10
35
43
47
15
35
52
28
10
45
2
10
5
18
5
40
8
11
10
33
36
45
10
30
5
18
40
10
27
2
42
20
35
45
5
28
50
5
0
25
38
7
41
12
20
30
10
25
40
37
20
8
28
35
5
40
45
8
0
45
12
13
30
35
30
41
22
15
3
27
30
47
35
3
35
6
37
41
35
0
25
20
32
10
28
0
12
50
