30
13
54
99
58
97
81
13
47
0
90
67
18
60
27
54
67
40
90
16
54
27
81
22
13
27
0
71
90
29
13
47
85
27
54
40
10
72
99
27
99
81
27
99
40
0
81
99
0
27
54
43
99
74
0
1
34
18
81
40
83
27
99
67
6
81
81
47
0
47
99
0
18
54
99
36
81
67
13
91
27
90
40
15
0
13
54
15
0
27
13
56
6
32
81
99
13
40
6
90
47
6
6
99
51
81
35
0
67
57
99
44
83
32
67
90
21
16
27
72
6
54
92
33
99
27
81
27
0
15
0
13
27
57
26
60
13
67
32
71
0
81
0
60
99
13
47
31
27
74
13
67
27
42
99
55
85
54
0
62
99
13
27
73
0
27
67
18
99
81
27
27
69
99
81
18
47
0
56
99
6
99
54
13
54
0
81
27
99
67
0
6
67
19
99
81
22
54
99
0
13
58
6
54
45
27
99
40
29
13
46
77
15
99
31
81
81
99
54
27
81
50
90
47
0
40
81
0
21
81
49
90
42
17
0
81
40
6
56
0
40
67
99
67
68
99
27
81
49
90
67
16
99
0
43
16
43
27
40
13
81
99
22
97
58
40
13
23
67
63
20
90
58
29
13
58
27
81
0
90
47
20
40
27
0
99
0
6
40
99
54
27
70
99
54
99
17
0
47
1
17
27
67
0
2
67
90
81
99
81
17
0
27
0
13
13
67
27
90
47
15
40
31
67
0
13
40
56
6
67
81
47
0
67
99
63
54
0
55
54
99
67
90
57
47
67
21
81
69
54
27
67
29
66
0
81
1
13
90
0
6
99
58
0
73
13
45
40
99
13
67
31
13
0
27
54
99
67
0
27
85
56
54
73
67
27
99
13
62
99
40
99
90
0
31
27
29
99
73
13
67
27
81
47
6
0
67
40
57
27
29
99
27
67
15
13
40
54
27
81
13
99
0
40
81
54
19
99
13
67
13
54
67
0
1
67
27
0
54
71
47
13
56
81
81
13
54
46
81
54
90
47
99
90
27
68
40
13
54
17
74
40
58
13
54
17
67
0
67
13
99
0
56
40
40
61
32
54
55
27
54
90
55
67
99
81
13
47
83
99
40
81
99
61
19
54
81
40
57
99
81
54
99
17
34
0
27
29
54
99
46
83
6
90
61
99
40
83
27
73
27
48
91
54
13
45
27
44
56
13
54
57
41
81
0
68
6
27
81
99
22
81
49
13
99
81
99
27
67
40
67
27
54
99
19
0
1
5
40
99
6
99
20
0
99
71
54
22
99
60
0
41
99
0
47
85
22
73
81
27
0
1
0
90
6
90
0
1
40
90
0
13
27
99
40
10
54
61
31
0
67
0
27
54
81
90
99
27
0
27
90
40
99
67
90
13
59
99
60
0
33
43
84
13
40
99
27
73
27
67
90
56
99
0
58
67
27
0
70
54
34
71
99
30
90
81
40
13
54
6
40
13
69
90
27
21
0
76
27
54
67
99
54
67
54
74
0
27
74
69
67
43
99
13
81
67
0
99
13
73
54
54
13
81
13
0
81
90
40
6
49
90
6
67
27
6
67
15
99
40
90
13
81
47
67
13
81
47
0
72
42
13
90
50
86
54
99
18
59
19
40
90
0
13
67
90
30
67
0
0
90
40
40
54
74
0
42
67
13
99
27
17
54
0
40
81
13
27
0
67
42
30
63
67
19
81
58
18
54
81
27
54
27
99
95
42
81
17
40
0
75
27
81
47
27
0
24
0
1
18
67
99
27
81
54
32
73
99
97
86
40
13
0
42
13
27
60
40
90
27
6
27
47
13
0
27
74
99
6
96
13
81
47
40
67
0
81
13
47
73
0
6
13
81
12
54
0
47
0
83
33
27
23
6
43
67
30
74
54
90
40
84
15
0
81
1
0
81
27
43
67
40
99
15
51
81
40
16
60
13
99
54
81
40
99
54
17
56
90
67
75
40
47
81
54
67
67
31
27
67
18
47
90
0
13
54
13
47
81
32
0
20
90
0
90
54
13
13
31
0
67
30
70
67
40
0
27
81
54
40
81
6
13
67
0
81
43
0
56
40
67
13
47
6
90
99
13
74
62
90
99
95
67
99
95
27
90
6
81
13
60
99
67
40
0
27
67
54
54
27
55
99
33
81
13
77
40
13
47
6
54
67
30
13
81
67
57
20
81
72
58
90
0
90
67
67
17
99
54
27
53
81
0
30
69
99
81
99
15
54
57
81
33
40
90
21
67
27
99
35
67
27
90
47
81
27
57
29
73
54
99
13
47
27
32
67
99
27
0
28
54
81
67
0
27
67
47
99
90
81
27
90
54
90
67
27
20
0
13
0
40
30
0
90
54
99
6
85
13
90
57
90
67
13
0
30
27
99
93
36
99
74
27
72
0
0
81
74
81
13
76
46
0
1
40
6
81
54
67
30
67
27
99
0
54
99
13
41
99
27
24
13
40
0
13
0
81
1
81
13
90
27
22
0
90
48
81
81
54
13
75
40
5
40
0
6
81
6
40
67
99
47
81
47
13
90
18
54
36
67
27
13
67
90
69
67
99
81
90
59
72
13
86
54
13
90
90
13
99
54
0
40
0
81
13
40
99
81
74
81
99
54
67
99
13
0
6
81
15
73
19
67
27
46
81
0
35
72
6
81
40
74
32
29
13
44
43
0
54
81
18
73
99
55
43
54
99
54
27
74
67
99
30
0
54
74
0
73
54
13
67
74
40
0
13
6
67
40
81
67
0
13
67
0
67
0
27
54
27
74
84
0
47
23
0
40
31
27
99
27
40
70
47
90
17
40
27
67
13
99
60
58
29
13
0
64
1
42
27
54
54
67
13
59
67
45
30
77
0
54
0
81
87
57
18
67
99
47
54
90
16
90
34
0
27
61
99
61
13
99
40
99
18
13
57
92
67
29
27
27
18
47
33
99
40
40
67
37
90
0
67
54
0
13
54
81
0
99
40
69
40
13
81
13
67
0
90
31
40
90
57
0
34
90
40
13
99
6
54
90
0
81
29
54
56
29
17
17
59
31
58
81
43
50
93
18
31
99
81
0
67
54
13
54
99
54
67
90
54
90
67
13
83
54
99
40
74
17
90
47
67
36
81
99
40
13
54
5
99
99
40
97
99
20
98
81
16
99
50
15
0
40
81
99
67
16
81
81
40
13
81
35
16
0
32
13
67
81
6
0
40
36
67
19
99
54
90
40
40
81
27
57
0
6
99
0
47
0
73
1
62
27
99
70
34
81
0
40
75
42
81
54
57
11
85
54
27
99
71
54
40
27
81
13
54
18
55
47
74
54
30
67
81
90
54
17
18
81
40
13
47
0
32
54
6
29
0
90
0
40
1
36
81
13
81
33
0
57
81
0
