99
90
89
96
87
90
2
67
85
99
99
90
60
94
83
99
90
67
75
60
99
90
95
83
40
95
60
75
82
99
99
90
67
96
75
40
99
37
83
15
68
93
79
99
90
99
90
75
60
47
87
99
80
60
8
99
81
60
75
94
99
90
48
72
94
99
90
56
83
45
99
90
88
63
40
67
78
60
75
57
90
37
83
68
45
99
20
0
97
93
99
52
77
75
90
83
60
86
99
93
33
99
90
60
75
99
90
89
98
86
99
82
95
75
47
99
90
92
97
80
99
90
98
88
97
99
82
63
75
64
93
84
94
75
99
99
77
97
75
60
99
97
75
90
71
99
90
89
73
95
99
97
79
52
45
99
90
98
75
41
86
75
99
90
47
99
90
83
63
52
86
99
90
30
54
99
75
97
90
91
68
90
71
85
67
99
90
60
83
15
90
67
83
60
75
99
78
47
67
75
95
37
67
57
75
75
68
99
90
83
99
84
67
96
77
99
15
97
90
47
69
92
81
99
94
99
60
98
97
90
81
90
75
60
99
99
45
75
67
83
99
90
93
89
75
67
90
99
93
83
99
75
98
90
52
69
11
90
37
60
99
30
60
83
41
99
90
67
40
15
99
75
45
98
90
83
87
99
75
48
60
77
58
45
67
90
99
97
83
45
99
39
79
37
63
99
53
90
83
45
99
82
95
79
67
99
49
90
89
95
30
99
70
83
75
90
54
99
97
15
99
77
75
94
73
87
99
90
55
37
99
90
83
46
69
79
99
75
37
70
99
90
83
75
52
99
90
97
98
83
90
77
99
84
52
90
67
84
99
78
90
69
99
84
79
99
90
70
94
83
75
67
91
83
99
99
83
96
75
60
90
99
91
92
93
85
83
34
86
99
75
37
94
45
99
99
90
83
67
45
92
83
90
99
75
99
53
70
60
75
99
67
83
52
64
99
90
83
62
88
83
66
92
79
60
75
60
90
99
45
99
83
45
67
46
99
90
75
37
83
88
99
90
60
75
81
99
95
90
22
99
45
98
96
93
94
45
60
99
90
75
8
77
99
98
90
78
75
99
67
75
90
60
83
99
82
99
90
65
47
90
99
70
94
83
60
77
59
83
55
90
67
15
30
55
99
75
98
90
67
90
54
99
92
93
90
30
67
85
75
90
63
77
99
75
99
79
60
90
15
99
90
97
92
91
99
90
37
75
91
86
85
99
90
75
99
95
75
48
78
50
90
71
13
62
83
60
75
53
15
85
99
80
75
98
60
84
90
99
85
86
99
94
90
75
52
39
60
45
67
90
75
99
83
54
99
90
93
86
94
99
52
60
75
83
99
90
67
37
60
99
67
78
60
98
83
15
53
75
90
99
75
90
63
15
99
45
98
95
97
85
99
90
52
82
90
82
69
99
60
45
67
83
99
62
51
90
75
60
99
84
90
75
54
99
99
54
90
53
75
99
67
33
90
53
65
99
75
60
82
60
90
83
99
78
75
45
99
98
97
99
90
91
83
67
90
45
67
52
65
99
77
97
75
90
81
51
90
69
60
69
79
65
50
90
90
45
88
83
99
99
82
64
94
97
90
77
75
99
67
99
90
18
45
95
75
53
90
41
83
75
62
85
78
99
99
90
63
96
75
85
60
90
99
91
82
51
92
75
70
99
54
50
67
97
93
60
77
57
30
67
75
83
63
52
99
75
98
93
97
75
87
83
99
90
75
99
83
52
67
99
55
54
67
80
75
99
37
52
93
99
75
92
69
67
99
92
90
50
80
90
78
86
75
99
99
68
60
93
90
90
67
50
70
54
75
30
8
78
60
99
98
90
67
81
99
90
97
83
52
85
99
83
55
98
82
99
75
37
72
99
90
68
15
95
75
67
87
99
98
90
30
60
15
78
90
54
67
83
60
81
99
60
75
37
82
67
99
90
40
75
85
76
67
83
99
78
77
67
93
99
82
53
71
96
78
50
75
22
67
75
67
50
45
60
90
99
38
30
45
84
90
62
15
30
60
99
67
83
93
93
90
48
45
60
99
90
97
95
83
99
15
98
87
75
90
52
60
99
75
60
37
57
99
71
53
99
96
97
95
75
99
95
96
94
99
54
90
97
83
99
90
83
67
15
99
78
75
96
79
75
90
60
99
70
75
90
83
99
55
99
90
91
95
87
75
99
60
45
97
90
69
37
80
75
85
99
95
96
97
99
69
67
75
60
84
99
90
45
46
75
99
97
90
57
86
90
99
94
48
75
82
67
99
90
99
80
60
45
67
93
66
75
83
99
82
99
93
90
45
75
99
63
73
60
99
60
90
45
61
75
90
71
99
83
99
75
98
96
97
75
69
67
90
68
84
99
90
69
45
99
90
92
53
38
75
90
67
99
83
45
99
78
67
90
99
90
75
30
60
99
90
91
19
60
99
60
90
75
91
99
90
67
37
75
99
77
98
90
60
99
90
96
97
83
99
90
60
92
83
99
60
98
83
67
93
23
75
15
45
83
60
75
45
15
99
90
45
95
86
99
90
60
83
15
90
30
83
99
75
99
78
30
60
15
99
90
92
71
60
90
99
91
88
75
60
79
53
99
98
99
90
60
75
8
90
50
67
37
85
99
83
55
51
67
90
69
99
96
88
99
69
90
60
75
99
70
47
90
75
99
69
60
81
37
68
96
99
90
66
45
99
90
69
94
99
90
88
96
83
99
67
75
83
64
82
99
95
70
97
99
56
48
37
8
84
45
63
76
75
37
90
75
45
63
80
99
90
30
53
99
39
69
37
96
99
78
75
93
90
83
18
90
75
99
99
67
81
95
75
86
99
90
75
47
90
99
75
30
52
99
60
75
90
45
90
39
99
96
83
60
99
90
34
8
90
99
62
78
96
99
90
92
83
48
99
90
87
91
60
30
99
83
97
90
85
99
90
93
80
45
99
97
75
30
80
99
95
90
45
82
99
94
93
60
83
99
93
96
90
85
90
99
80
86
75
99
45
97
96
99
35
67
83
75
90
78
75
60
99
90
99
75
92
83
99
60
78
67
75
99
90
60
75
59
99
82
95
93
96
88
99
75
52
15
86
45
67
99
90
99
90
95
83
55
90
75
60
37
15
51
85
21
3
30
90
75
64
83
72
99
45
98
86
75
83
39
99
60
78
90
60
75
83
67
99
60
75
90
52
99
90
67
83
53
80
99
53
90
60
96
75
99
90
45
99
96
90
60
15
84
99
90
52
25
99
90
60
75
37
99
55
90
94
83
83
90
75
99
62
84
79
99
90
60
67
75
60
90
74
99
67
60
81
98
70
99
45
60
97
85
99
75
94
98
85
86
99
90
75
90
45
62
75
85
90
67
85
52
65
45
99
98
95
90
99
75
90
67
60
67
76
60
45
75
60
58
99
90
59
99
90
67
60
70
99
90
88
96
45
83
90
66
39
60
99
75
60
95
83
99
90
75
60
35
99
90
93
83
47
70
99
90
75
83
99
68
90
75
8
90
72
99
50
67
75
67
77
72
90
75
69
67
82
99
90
55
85
45
15
79
99
95
75
76
84
99
90
67
89
99
75
79
98
90
45
83
56
99
90
90
60
40
67
45
83
99
90
60
85
84
87
60
99
96
90
75
63
99
72
92
80
66
99
75
40
99
90
67
30
99
67
85
77
96
83
90
75
99
67
42
60
30
67
80
99
83
60
52
15
80
99
93
90
75
99
90
89
96
75
99
90
75
91
67
39
99
67
83
95
99
54
60
72
83
90
88
99
78
60
99
90
94
75
92
99
90
75
67
86
30
67
99
8
68
75
99
72
60
24
99
75
90
67
83
15
30
0
99
75
99
67
83
62
95
99
90
91
67
75
90
62
99
83
60
79
75
60
99
90
32
99
75
33
8
99
90
87
95
88
23
67
56
75
60
99
78
75
90
72
54
75
67
99
98
88
99
84
97
90
80
75
81
69
99
66
99
70
83
75
99
90
75
67
96
99
75
98
83
71
99
90
91
94
70
99
63
45
97
98
75
83
77
99
94
99
60
83
95
78
99
90
96
87
60
99
62
90
15
77
99
75
83
60
90
83
60
99
45
90
99
72
90
52
91
78
47
99
97
75
65
56
75
73
90
90
75
83
69
99
99
75
15
60
52
90
88
99
82
75
90
80
75
99
77
52
32
99
84
77
85
75
99
90
67
83
99
78
60
41
99
63
79
67
15
99
90
86
67
75
99
53
45
60
75
90
80
67
87
99
99
93
90
60
40
99
75
37
97
96
75
93
15
30
0
75
99
95
98
83
99
75
77
15
95
86
52
99
90
53
99
60
80
98
97
90
62
15
86
83
99
68
90
60
95
99
90
97
70
98
67
90
91
75
99
99
67
45
86
98
60
78
58
99
37
99
84
98
95
60
60
99
96
98
84
99
90
60
52
83
75
99
98
90
83
87
92
75
69
99
99
75
96
41
83
67
90
79
60
99
69
99
90
75
52
87
99
75
52
38
83
99
96
90
30
99
78
67
38
15
75
56
90
67
83
99
63
90
35
96
75
99
83
67
90
75
67
93
45
78
99
75
77
98
83
90
75
83
99
84
99
67
90
75
60
60
99
37
55
75
99
90
52
75
60
51
75
70
99
22
80
99
65
53
61
85
30
99
97
90
99
62
30
98
90
90
67
87
77
99
99
75
83
62
90
83
45
90
57
15
99
90
95
83
81
99
96
95
83
98
75
99
76
98
90
75
26
47
70
79
99
81
67
52
30
60
90
83
99
75
75
99
84
57
45
82
90
75
99
67
99
90
60
83
61
99
69
90
75
52
99
82
63
76
75
99
90
67
52
39
90
99
83
67
78
99
92
90
60
41
99
45
90
15
60
90
86
75
99
67
99
90
60
75
52
75
90
67
99
83
99
60
98
95
96
99
90
89
39
63
99
82
95
84
67
99
90
52
69
60
53
90
99
82
62
99
90
75
91
70
60
90
75
30
8
69
75
90
73
99
90
99
69
60
76
86
23
75
99
33
99
97
71
57
94
99
90
75
96
97
90
77
75
99
70
85
99
94
90
40
92
82
99
90
37
90
45
67
70
60
99
85
96
97
90
99
80
81
68
95
99
76
70
90
75
99
84
98
90
67
60
8
83
75
90
99
93
90
67
83
85
90
67
99
75
90
79
75
99
81
99
90
97
96
77
99
90
87
96
88
99
60
67
75
52
99
90
89
83
60
80
11
32
0
45
99
95
82
48
67
99
67
79
97
90
83
88
99
81
98
99
84
75
90
60
99
77
40
62
54
90
99
86
37
67
78
99
75
60
90
90
99
83
37
60
90
75
42
83
67
90
99
98
77
55
99
90
67
77
60
90
45
88
78
15
99
75
33
53
30
99
90
92
96
83
75
99
45
2
83
90
22
75
99
86
90
99
83
54
67
99
57
77
98
78
85
66
99
90
30
99
75
98
90
52
64
99
82
75
90
90
77
99
93
52
99
90
55
83
15
90
60
45
52
83
75
99
98
90
62
93
80
99
90
37
99
39
78
57
30
99
90
97
65
30
90
40
99
96
83
99
75
98
96
90
87
99
90
37
77
90
99
75
60
71
99
75
83
45
15
99
90
37
88
98
99
90
60
96
87
99
68
77
69
38
60
99
83
96
90
75
45
56
37
83
99
90
93
83
60
