72
80
4
48
88
18
40
52
80
88
29
59
0
80
40
64
80
12
88
96
0
80
79
56
44
24
48
56
96
99
48
69
0
8
96
72
80
56
18
96
64
80
21
8
96
52
60
0
75
32
16
80
53
0
96
24
80
60
72
0
75
69
80
0
88
12
64
43
19
52
64
80
0
29
32
66
48
72
88
32
64
80
12
28
17
66
18
42
59
29
58
50
72
80
88
40
11
66
8
88
32
80
79
2
30
0
40
85
68
16
28
56
72
0
96
56
80
88
16
99
72
0
83
56
96
60
34
64
56
83
28
8
80
40
96
12
18
4
43
64
0
80
81
88
64
60
48
76
8
28
72
53
8
35
88
51
59
48
80
8
72
80
8
48
92
0
48
40
96
72
24
80
8
32
16
53
68
40
58
54
43
24
61
4
80
0
36
72
58
20
44
24
49
40
88
24
80
88
48
96
40
4
64
88
89
32
61
67
50
8
72
0
24
43
80
61
65
59
16
80
48
20
35
80
88
59
54
68
56
80
72
60
19
12
27
68
24
77
35
0
24
59
36
56
96
40
64
88
89
0
21
0
80
60
8
32
80
88
59
96
32
76
44
3
89
0
76
19
40
26
59
24
77
40
66
75
64
79
45
8
56
59
64
88
72
8
77
64
56
80
72
40
88
89
24
48
4
69
40
56
58
50
0
80
88
52
20
72
80
88
22
4
40
80
64
32
72
53
74
16
72
80
48
0
19
48
72
88
70
64
48
69
32
84
0
66
44
64
80
51
48
0
8
72
85
59
24
8
16
88
67
48
80
32
96
59
16
52
40
74
48
75
34
41
0
56
80
72
64
42
58
16
44
80
88
69
80
77
58
26
56
24
8
0
64
48
80
88
96
99
67
32
16
53
85
64
36
0
88
8
68
28
44
49
40
60
32
53
66
0
48
80
34
88
96
64
0
88
80
85
59
24
81
72
40
20
2
27
16
77
20
25
16
75
51
48
3
80
11
40
59
24
80
45
48
42
26
12
8
80
72
48
27
0
14
43
53
19
27
16
8
72
88
48
27
64
43
32
16
96
72
80
24
59
4
12
17
8
80
64
14
48
28
60
19
64
24
88
56
99
64
80
88
40
24
0
16
32
86
96
72
80
12
0
2
28
73
64
78
48
35
8
58
84
18
60
72
66
64
32
67
0
32
88
96
67
24
80
48
8
36
61
45
0
8
59
12
44
48
80
51
12
37
64
20
37
43
58
30
2
48
72
0
96
64
72
80
24
96
8
8
0
36
84
97
40
74
72
83
32
10
68
75
72
18
58
3
52
35
68
72
24
60
84
71
64
80
0
32
8
3
56
80
79
32
44
56
80
20
72
72
24
64
84
8
60
28
68
51
2
59
52
64
48
0
56
80
8
32
72
45
72
32
0
83
20
68
3
27
52
52
20
36
40
32
3
56
76
32
64
64
28
34
24
80
60
37
43
72
80
68
35
8
51
16
68
56
27
10
8
32
80
88
4
96
51
72
80
88
37
20
40
80
64
48
56
68
44
29
80
61
16
48
32
15
44
24
8
88
64
18
37
2
68
56
8
80
88
96
18
18
72
32
53
56
32
48
80
96
67
40
80
52
26
24
64
27
48
88
16
59
8
27
75
20
16
40
32
56
96
67
20
42
24
16
8
24
60
66
56
24
80
68
48
96
24
4
51
69
36
40
8
59
32
93
66
40
18
72
27
43
38
48
80
88
56
24
57
40
96
72
24
91
80
0
66
8
35
76
88
56
75
24
32
64
53
0
80
88
96
12
51
16
8
88
69
53
76
27
21
69
77
40
0
93
0
32
88
21
64
42
60
65
56
24
64
19
76
28
48
28
0
80
88
64
32
48
88
96
24
28
64
32
88
96
60
64
56
88
8
68
81
74
3
66
20
60
2
51
64
24
80
37
58
56
24
80
88
3
40
56
68
48
83
58
48
32
24
16
99
56
64
84
72
19
64
11
60
24
40
72
61
18
80
27
76
56
64
92
99
48
80
88
83
72
72
80
64
96
0
44
16
72
85
32
8
77
37
57
56
40
51
39
27
72
64
74
65
48
72
36
60
72
42
29
67
43
24
80
88
0
80
24
92
72
16
68
8
40
48
44
64
12
32
88
72
71
40
80
8
64
36
42
32
80
43
59
24
80
88
59
36
72
18
43
72
18
0
88
96
24
72
88
96
80
72
12
73
80
88
72
80
29
58
37
61
34
13
16
80
64
28
11
43
56
56
3
20
27
14
72
3
27
56
80
0
8
88
96
40
56
24
48
96
99
72
80
3
20
76
72
59
34
5
43
40
61
12
80
19
69
80
81
16
8
69
79
80
86
94
40
0
80
96
99
64
20
72
88
8
52
32
8
76
57
19
0
32
48
67
21
40
67
80
48
0
61
76
64
88
68
82
76
64
40
59
0
80
32
55
56
72
88
16
43
64
0
72
92
68
34
72
56
80
96
24
8
66
60
88
66
13
61
32
77
48
3
24
58
0
32
40
88
48
14
8
80
88
96
56
72
3
80
88
64
59
29
12
48
80
8
64
88
96
99
18
48
67
34
30
72
80
24
0
56
48
56
88
89
24
29
16
80
48
78
72
80
88
96
44
69
81
80
48
74
69
48
80
78
72
29
56
76
0
64
67
28
79
76
64
69
51
16
72
64
24
0
66
84
32
40
64
48
96
2
72
80
50
77
88
40
62
64
88
56
53
72
8
32
96
40
48
12
0
78
72
32
52
18
16
44
72
64
16
0
4
69
52
57
48
18
56
40
88
96
36
43
32
68
4
52
69
0
40
88
64
27
45
80
88
2
72
80
88
64
38
48
64
72
24
67
29
48
80
88
50
19
32
80
57
59
72
80
88
96
0
50
19
56
88
56
32
83
48
5
12
18
8
80
51
27
72
0
88
18
48
20
25
19
8
64
48
83
0
32
72
27
56
88
44
68
80
64
88
96
28
56
72
16
96
32
24
48
72
3
40
80
19
16
24
64
75
32
88
65
56
32
88
0
99
36
19
64
80
88
44
49
2
40
76
40
24
88
52
96
11
72
80
88
32
66
26
3
59
33
10
28
66
0
80
50
8
68
24
88
44
12
24
64
88
64
24
56
72
99
24
76
2
51
60
56
35
76
29
40
66
26
40
80
56
0
60
48
72
16
44
18
32
80
88
8
27
56
74
72
67
27
64
80
0
56
43
64
37
51
0
40
88
80
16
64
48
12
0
82
51
72
71
40
32
43
2
72
80
37
52
8
80
88
84
72
43
28
0
8
72
28
56
13
40
61
24
16
84
32
8
69
72
0
84
43
8
68
51
24
72
32
84
71
24
51
68
8
40
24
35
0
24
88
64
50
45
18
59
32
66
35
30
0
41
64
50
48
56
96
29
51
12
61
2
24
66
44
3
32
28
35
16
76
88
61
0
72
64
80
29
8
53
33
24
32
69
80
88
33
69
26
50
0
80
64
80
88
96
86
24
80
52
8
88
32
18
80
8
96
56
19
40
88
48
58
32
8
88
96
64
32
88
80
86
66
20
2
60
67
59
40
51
64
43
42
40
56
10
76
66
20
76
52
27
64
80
35
48
96
56
8
76
88
96
62
72
80
77
88
67
59
40
76
3
66
32
16
88
40
44
24
80
8
88
32
80
79
40
96
16
35
75
24
32
12
21
61
48
14
76
74
64
8
93
46
56
10
67
57
72
80
19
16
24
24
80
52
56
48
43
11
64
49
0
45
2
27
58
48
24
16
84
56
72
32
60
66
59
45
32
60
40
72
96
58
42
12
64
80
56
24
69
83
48
72
80
88
96
40
27
11
40
72
32
64
12
80
19
4
56
64
88
96
99
32
74
48
13
0
42
27
0
74
72
24
66
60
72
88
68
4
28
40
80
72
56
45
83
51
50
27
0
40
64
64
80
16
96
8
64
28
72
84
96
34
12
72
80
76
40
80
24
96
16
0
32
40
88
64
16
80
32
0
48
24
74
8
88
96
13
0
53
32
88
58
40
24
88
8
2
36
67
43
11
3
68
82
75
72
72
51
4
20
26
28
21
32
66
24
48
76
92
88
60
24
80
42
8
67
32
80
88
96
16
40
60
16
74
88
58
72
80
24
48
18
8
48
16
96
36
43
54
66
8
11
72
64
88
96
60
65
56
80
40
64
48
56
28
41
72
50
11
26
44
56
64
72
96
99
21
35
52
4
72
56
80
0
19
55
40
3
74
48
88
40
24
48
96
84
28
64
80
34
0
40
4
74
19
8
52
8
40
0
96
60
4
37
40
32
11
5
52
16
80
64
40
85
10
96
56
72
64
8
99
72
80
88
64
24
40
76
3
86
89
44
32
50
48
56
72
51
13
59
52
64
56
88
28
44
72
50
80
88
16
20
26
16
80
8
45
68
52
34
16
56
26
0
88
40
59
48
8
72
36
30
58
72
8
40
56
72
55
88
28
10
64
43
36
0
21
56
40
48
24
67
42
66
61
82
48
3
20
56
40
72
80
78
88
96
24
72
56
96
16
0
50
16
80
64
72
8
88
61
66
32
72
88
96
52
56
64
84
40
8
72
56
84
0
27
48
80
88
96
64
72
20
64
88
48
35
29
0
42
33
12
0
74
16
88
48
24
72
90
88
44
20
60
11
26
12
20
60
32
5
26
59
53
67
8
56
36
48
80
93
72
19
59
51
66
64
48
40
80
56
68
11
3
20
37
32
64
80
8
92
66
48
40
88
69
40
52
0
83
58
60
73
31
63
0
26
45
2
56
69
64
0
72
19
96
67
48
80
27
2
10
48
80
81
88
0
16
80
8
64
72
2
43
19
29
34
56
18
77
44
40
12
58
76
86
50
19
8
80
88
56
40
80
24
0
38
66
51
0
40
41
21
32
24
88
0
56
88
64
87
72
73
24
80
64
75
64
72
40
99
61
36
12
53
64
36
8
80
78
67
27
59
44
2
0
72
16
80
50
88
68
26
79
44
12
40
24
88
16
99
8
72
48
28
32
68
18
54
0
40
72
48
32
16
8
50
12
35
0
80
56
0
88
96
72
43
4
68
37
48
19
0
53
80
29
19
56
80
28
16
44
64
80
16
81
64
22
42
0
75
67
21
25
13
52
60
66
56
8
45
35
0
48
88
80
68
0
52
40
32
61
48
68
35
3
0
80
88
96
99
43
37
50
20
5
72
52
45
58
8
64
0
16
96
95
51
0
44
56
16
69
18
56
36
76
19
48
72
13
24
43
52
18
16
80
16
48
24
96
64
40
64
88
8
90
42
8
56
88
32
40
80
88
56
96
24
77
43
32
16
51
12
72
28
34
40
24
64
90
80
72
0
88
89
8
24
36
68
42
25
64
80
88
11
85
72
80
88
10
96
72
0
16
93
73
66
29
40
64
0
52
0
77
13
64
20
56
48
83
32
51
66
8
80
88
59
0
54
64
88
37
19
68
56
41
67
56
48
88
8
8
80
88
27
21
35
59
12
20
8
24
45
66
8
89
42
72
80
40
88
2
11
0
80
72
10
68
50
45
24
69
11
40
80
58
72
24
3
8
0
32
0
88
96
99
0
76
60
32
48
32
67
12
18
40
60
16
48
84
97
56
27
5
80
88
72
80
88
0
99
