15
90
53
12
96
68
99
35
15
49
65
28
28
17
69
5
34
75
18
70
44
44
76
14
14
51
85
0
0
0
22
59
85
23
71
60
70
57
63
56
85
70
88
97
50
12
64
35
65
88
29
66
96
24
89
77
55
14
29
3
64
80
95
17
58
97
97
23
75
6
90
0
99
18
63
28
23
84
88
15
52
93
18
58
15
82
98
12
74
39
89
46
99
75
27
40
88
11
17
39
82
95
42
4
38
92
48
53
79
30
56
13
59
36
93
67
25
89
26
59
16
95
60
61
93
23
95
53
75
16
52
90
54
21
85
5
0
43
33
3
28
15
93
58
52
84
12
61
39
80
9
56
10
41
75
13
50
20
74
67
38
8
94
60
72
28
34
4
10
96
63
54
20
84
56
91
62
95
44
37
51
74
99
94
24
55
87
56
45
38
56
53
37
61
14
38
85
50
34
76
54
86
17
60
87
70
90
27
7
82
83
70
36
47
12
85
87
13
52
67
46
45
0
99
49
49
76
97
32
88
75
3
46
8
99
28
7
42
82
14
11
60
33
11
18
61
99
33
53
56
83
80
12
42
76
90
25
27
60
37
96
82
13
29
69
86
83
78
40
99
12
39
56
89
42
34
71
31
46
8
63
23
75
49
98
26
43
27
77
47
44
48
82
16
59
55
51
92
15
55
58
19
92
99
91
69
62
77
88
89
16
49
59
96
16
75
37
84
10
44
99
99
66
17
9
43
88
17
30
99
99
99
99
86
53
14
43
24
60
32
59
92
99
87
94
94
14
20
43
13
74
98
16
56
96
82
39
19
64
90
49
21
73
41
22
96
12
68
41
16
62
99
55
87
15
88
16
53
58
80
22
96
80
34
37
69
95
14
45
79
78
18
4
22
13
77
51
79
94
25
61
44
31
91
13
76
38
14
41
90
65
89
55
71
14
59
40
44
79
8
33
11
51
17
78
49
9
87
90
42
50
1
69
71
43
67
71
46
91
55
15
31
93
75
20
99
31
83
77
27
90
3
53
63
6
71
17
49
88
57
12
96
17
59
96
15
58
95
26
58
11
86
23
94
95
15
59
67
89
26
19
64
99
40
95
49
88
61
19
30
29
96
33
11
40
87
38
60
93
64
21
65
53
4
7
37
43
30
0
89
11
83
44
63
88
17
54
21
99
0
99
99
58
29
35
35
86
4
38
47
11
54
21
62
57
16
93
17
90
55
99
59
13
89
56
19
31
85
59
81
73
6
58
16
96
73
99
30
46
60
35
64
23
11
24
48
23
12
82
46
44
22
45
16
59
76
13
86
50
19
50
85
89
53
15
18
61
94
94
57
17
81
51
21
23
9
32
7
64
57
67
15
42
46
48
36
21
60
94
69
39
42
34
63
84
17
62
99
76
15
53
57
83
22
99
70
19
13
87
50
99
48
99
9
24
35
40
99
36
20
61
97
70
30
62
96
45
16
57
40
32
99
99
0
17
39
52
64
99
19
96
60
15
29
49
90
3
18
46
72
12
46
61
97
18
17
5
30
35
81
42
44
38
21
93
56
15
66
24
45
12
56
96
93
15
57
72
80
94
79
76
46
15
4
43
98
66
40
2
30
47
65
17
99
36
61
8
59
51
36
99
99
99
14
86
50
99
99
0
63
25
96
5
87
16
12
46
83
89
55
17
4
67
97
20
73
7
11
76
22
96
64
24
0
0
42
43
80
11
78
11
92
19
63
86
31
33
97
79
10
35
66
11
3
17
54
87
42
76
72
45
77
17
14
34
9
47
59
88
97
2
44
0
54
12
94
47
66
0
99
0
18
99
30
65
99
82
99
55
17
94
11
42
0
16
6
56
36
11
51
87
14
50
88
79
53
15
90
90
16
53
90
29
63
3
39
86
92
66
39
84
54
15
79
34
55
10
9
68
54
98
27
40
60
36
62
98
18
95
69
37
16
45
78
10
84
58
90
74
63
21
67
99
0
0
99
69
14
41
44
74
36
81
50
99
87
20
64
42
48
16
91
15
54
65
98
79
0
99
89
39
64
44
99
7
22
55
19
95
44
18
68
74
73
15
28
9
49
27
91
68
76
42
97
90
24
56
17
93
57
36
81
60
50
14
86
18
96
57
66
15
18
57
18
92
43
78
97
73
15
57
45
81
12
2
84
22
4
11
13
13
75
44
52
51
29
26
99
66
0
54
25
60
86
32
90
13
53
9
24
4
1
97
17
57
43
80
34
88
79
53
70
3
23
31
39
86
50
14
86
47
13
96
87
15
23
78
58
60
18
97
78
20
50
52
12
89
53
16
75
64
87
28
32
73
53
38
50
75
88
66
64
51
16
10
91
55
15
97
17
78
48
85
67
16
56
93
41
35
10
58
68
97
20
51
65
34
7
98
96
68
1
91
64
13
21
32
34
99
69
19
16
63
99
34
75
97
48
65
21
67
10
85
58
16
86
88
13
20
59
93
18
76
41
11
79
70
68
83
10
93
20
25
6
86
33
1
96
83
78
98
67
48
26
89
22
92
50
47
67
98
76
23
77
37
98
62
19
74
56
93
56
40
51
52
49
47
54
19
93
99
18
63
50
14
87
90
53
14
21
62
33
97
64
28
68
22
99
34
86
96
92
48
9
24
85
96
84
21
62
66
19
99
84
72
91
48
16
91
44
31
74
16
99
64
13
50
87
87
23
47
95
76
45
74
11
57
78
34
90
77
32
29
70
32
76
32
93
66
73
14
46
35
66
62
16
92
39
3
32
47
95
14
58
95
15
58
29
32
15
30
94
71
17
54
90
65
23
27
11
81
98
27
96
43
4
62
8
55
15
92
89
72
12
19
96
60
99
0
0
13
50
87
9
17
15
44
21
99
6
21
39
49
87
12
82
18
51
44
26
15
55
33
28
63
35
83
56
88
18
95
6
46
31
23
50
16
60
97
55
90
16
5
74
70
34
47
7
22
92
51
16
95
58
87
50
18
76
86
0
16
62
99
55
18
89
71
35
96
81
96
2
72
54
12
49
9
29
81
50
93
22
60
95
45
95
70
72
97
56
95
77
88
97
52
64
31
53
96
81
44
35
16
57
93
50
7
5
5
44
59
64
50
30
66
31
6
98
19
70
34
79
92
27
72
99
99
18
63
3
1
67
93
16
57
80
99
57
14
76
51
27
29
43
57
14
22
4
53
22
99
99
99
72
45
67
26
18
32
10
51
81
17
99
64
99
99
99
61
96
19
82
46
12
53
14
90
44
13
90
37
98
53
27
87
94
47
41
16
17
46
92
90
61
23
68
62
78
92
40
17
83
53
20
48
20
44
16
56
91
39
14
60
37
61
81
29
72
44
17
97
61
7
46
22
67
41
14
17
89
41
98
4
13
81
15
42
74
18
65
