0
34
54
31
93
58
82
12
42
2
61
31
93
21
66
81
51
34
42
89
20
57
22
0
9
40
0
27
75
0
11
77
99
25
60
31
74
11
99
26
63
0
85
26
99
79
1
99
78
9
0
44
70
99
0
30
6
18
79
0
55
86
0
69
29
99
44
82
0
48
19
71
81
20
53
35
83
67
9
90
32
90
42
16
0
25
15
50
17
0
17
87
36
33
56
78
44
13
40
18
88
42
72
8
30
35
79
99
18
63
0
85
47
34
70
22
0
74
20
52
77
7
56
35
1
65
27
81
4
18
0
65
79
26
99
62
13
0
35
0
99
81
40
64
93
13
44
75
33
19
67
11
33
10
46
71
85
53
0
25
63
36
99
30
53
99
24
0
99
72
26
27
71
99
81
23
44
2
81
33
6
72
37
88
10
99
79
57
99
21
66
97
22
64
81
83
49
0
96
0
64
10
61
78
48
16
99
83
37
8
8
48
99
69
99
37
85
11
37
56
27
8
47
89
0
41
14
55
23
99
93
43
89
79
33
0
79
40
7
45
0
43
65
16
70
99
78
27
99
91
45
67
62
99
0
51
16
84
80
36
99
23
99
4
31
63
96
22
93
63
20
86
60
32
6
60
28
78
50
92
4
71
43
77
20
0
93
15
90
42
0
28
51
0
54
99
16
79
6
50
88
22
50
0
21
66
19
89
78
21
81
93
72
26
0
16
45
99
92
0
67
91
37
6
26
0
40
94
58
32
44
82
0
29
64
99
52
3
29
13
53
99
91
57
21
69
99
0
41
74
31
15
68
99
42
0
24
15
86
20
8
41
76
45
3
99
99
46
11
67
13
36
67
16
31
99
56
14
0
32
53
84
57
99
67
0
95
83
16
43
40
90
8
0
38
43
62
30
5
99
15
44
82
43
49
2
38
63
25
59
55
98
27
65
54
17
48
10
54
99
84
13
99
43
7
82
22
51
0
15
71
0
67
30
0
67
27
0
59
17
99
16
59
0
38
82
99
48
84
0
87
47
68
49
88
34
81
36
99
18
75
0
61
89
42
18
65
27
69
99
45
92
0
59
43
4
90
51
21
0
90
56
61
71
99
13
51
15
88
41
97
79
95
0
35
54
83
43
99
59
80
10
56
98
36
64
0
89
32
99
84
47
0
89
60
51
37
85
56
47
77
31
92
15
4
15
49
53
88
58
42
88
58
40
35
0
67
62
24
79
23
78
48
10
59
99
62
99
26
90
40
5
52
99
21
2
6
33
42
92
3
99
22
0
70
99
49
23
99
60
0
71
21
71
0
47
22
76
8
28
0
92
56
4
33
90
53
27
88
38
0
48
9
40
8
39
52
29
63
0
67
99
49
18
59
99
93
27
4
65
29
0
59
97
65
86
12
35
61
30
7
46
84
12
40
91
3
28
75
0
92
54
17
0
60
90
87
24
0
8
49
99
33
99
79
41
82
15
50
10
92
70
15
30
24
0
64
0
77
28
68
18
98
34
71
45
0
32
76
73
20
42
10
97
78
69
31
49
50
11
71
14
55
41
11
49
95
42
87
61
50
67
32
67
93
53
68
42
21
66
38
81
80
44
16
13
81
51
73
8
45
14
67
86
87
13
34
88
21
65
39
1
61
13
40
99
32
0
99
0
63
22
83
42
53
4
45
92
88
18
0
20
58
73
89
41
8
0
30
35
45
65
25
95
65
99
19
61
72
81
26
52
28
71
99
11
45
99
41
1
28
24
80
48
75
28
0
76
7
23
69
0
99
81
51
40
76
22
99
86
39
99
74
0
43
26
65
99
90
28
6
25
54
8
0
34
47
46
95
67
16
81
0
1
43
98
82
16
99
23
74
99
77
11
39
52
82
1
49
0
88
75
28
32
45
7
99
76
47
96
40
0
60
5
85
99
1
82
30
72
45
34
99
18
48
37
82
16
60
87
42
55
16
99
99
0
31
93
59
99
76
36
97
48
81
37
67
31
26
66
19
45
88
40
24
52
15
46
79
32
98
21
58
0
53
89
41
13
35
52
64
30
74
15
64
37
24
79
59
40
82
3
90
14
70
41
82
0
58
33
71
49
16
64
88
40
64
21
76
61
39
99
63
68
99
82
86
47
58
62
11
0
16
66
99
99
29
70
53
25
58
98
36
77
77
10
44
9
76
99
86
50
36
15
83
46
59
19
50
74
97
58
60
3
34
99
65
47
55
84
3
82
33
56
72
99
77
37
94
17
14
60
99
87
43
20
64
1
46
69
37
31
42
87
58
26
63
31
76
47
99
15
50
88
68
31
40
78
26
97
54
86
0
0
33
99
48
80
21
78
52
30
56
90
64
73
30
18
16
41
57
85
31
0
99
54
4
16
85
99
94
57
67
77
16
37
25
99
64
71
35
0
74
25
0
4
83
71
84
41
24
47
79
22
80
37
4
18
58
78
69
0
23
54
0
99
48
12
99
72
28
32
37
0
19
2
49
24
44
80
57
30
52
86
92
16
0
47
85
12
38
77
3
40
0
17
81
46
22
25
70
99
80
10
47
88
21
99
71
38
92
9
91
39
72
99
61
51
79
44
75
15
0
89
53
10
18
90
99
57
0
22
44
4
99
39
9
63
24
76
99
58
99
11
10
65
0
77
19
27
66
22
1
46
81
0
36
99
79
15
78
58
34
70
99
48
95
21
89
50
21
75
22
0
91
44
99
95
51
2
65
99
31
2
91
28
75
5
0
12
99
41
40
0
99
8
68
44
26
79
45
47
14
57
99
68
39
53
24
75
41
85
0
0
22
42
74
33
15
55
22
60
47
91
19
38
90
0
17
92
61
59
28
14
4
37
62
15
46
62
51
87
12
16
61
45
77
32
0
55
99
30
87
0
31
66
99
45
55
1
29
91
15
60
29
65
99
63
37
84
39
0
68
9
85
58
0
64
93
23
76
0
35
69
0
38
5
91
3
90
68
23
52
0
87
51
55
97
69
53
38
82
64
10
99
43
89
33
99
28
87
93
66
37
92
10
91
72
92
53
67
12
82
0
26
59
21
21
62
33
84
60
99
51
72
3
31
69
0
70
0
36
91
12
52
95
55
69
55
90
67
53
12
39
67
99
44
90
18
44
33
65
29
38
97
15
23
53
10
12
99
76
53
96
71
43
83
56
85
48
53
42
8
99
65
17
32
12
81
70
35
82
0
3
37
42
64
95
35
83
0
42
65
45
0
57
91
1
82
42
20
0
58
99
27
93
69
1
44
99
62
47
68
72
32
0
7
43
76
5
47
99
59
10
31
19
57
62
74
51
2
28
4
51
16
54
58
79
49
87
31
67
80
49
88
44
21
53
76
10
51
36
35
2
83
0
33
25
75
7
99
37
0
59
35
80
0
60
15
0
