5
50
10
60
55
15
40
5
52
28
30
42
20
38
8
18
45
8
0
30
0
43
13
35
55
37
27
23
28
45
45
32
0
8
23
45
50
35
58
17
23
40
8
47
15
2
20
32
5
0
38
13
26
0
5
25
5
35
60
10
45
31
0
5
60
15
0
25
60
35
40
35
0
30
65
45
50
31
10
30
45
50
18
7
35
5
35
55
60
65
20
47
25
42
3
37
5
0
50
45
35
5
40
45
57
0
25
5
55
37
2
23
35
12
50
10
15
43
30
20
0
20
55
13
25
5
22
35
0
40
45
50
28
10
60
3
5
0
55
10
0
27
10
35
60
18
0
40
52
33
25
50
51
55
10
45
32
15
46
50
10
50
22
35
55
2
40
50
0
57
43
25
35
10
50
40
50
20
60
35
23
42
33
3
10
2
38
32
25
40
23
38
42
0
50
25
50
3
40
12
7
35
3
45
12
20
35
0
30
45
2
12
33
15
10
45
17
7
3
10
45
7
50
11
4
20
10
55
25
65
12
25
43
0
55
43
48
33
41
13
25
0
12
55
60
42
20
50
8
30
23
0
30
55
56
38
42
35
10
55
30
47
8
0
43
2
5
0
53
58
22
42
26
18
25
45
10
15
60
65
13
2
45
25
55
27
10
25
55
30
41
38
5
47
17
27
5
50
22
55
25
35
15
60
30
33
5
37
30
53
22
40
7
26
20
33
35
28
22
30
23
18
25
2
35
35
40
55
60
57
45
32
0
55
54
35
50
30
60
65
0
10
55
5
60
25
15
10
60
65
45
0
55
60
22
18
25
38
50
55
45
12
46
7
15
13
42
5
50
49
15
35
48
0
60
40
2
45
22
55
22
8
0
48
35
38
18
5
50
51
32
17
10
21
15
2
20
10
55
38
5
50
27
37
32
28
10
50
0
60
35
50
3
18
20
43
7
35
13
25
25
51
40
7
30
35
27
25
55
30
35
5
55
45
20
8
0
47
45
50
37
8
35
50
55
22
30
0
8
40
0
28
47
5
30
45
5
55
60
58
5
4
45
12
8
30
6
0
55
60
45
25
55
8
10
20
7
21
30
55
13
35
46
42
25
23
40
50
35
57
40
27
20
35
55
0
18
21
32
13
12
0
45
27
38
28
5
37
20
33
20
0
8
32
55
2
20
37
10
55
0
47
43
54
15
25
50
40
45
55
7
22
0
20
27
12
25
50
0
60
45
40
13
55
60
42
15
33
38
40
45
50
20
15
62
25
7
4
10
37
8
0
37
20
15
35
50
2
0
7
12
40
10
15
20
5
47
15
45
60
27
5
50
55
17
45
20
3
50
32
5
30
55
25
0
45
12
25
32
52
25
40
45
57
63
31
20
0
10
60
12
27
42
47
40
5
20
0
60
65
45
20
52
46
12
45
50
10
57
48
35
50
0
45
65
43
25
36
30
55
22
35
50
10
20
40
30
56
25
61
20
5
0
58
25
15
30
45
55
65
5
50
40
15
65
22
18
42
27
14
42
32
29
33
20
18
21
17
27
23
45
5
22
13
52
37
17
0
40
45
7
20
50
30
12
17
37
10
15
0
35
27
45
13
16
40
50
55
60
65
13
30
15
35
10
45
30
53
10
60
10
40
25
45
65
5
32
50
20
60
25
7
33
12
50
25
34
15
55
54
27
5
50
23
30
30
35
20
5
0
37
10
15
32
47
28
30
25
8
50
38
25
42
47
40
30
45
23
0
58
45
37
7
20
50
33
13
37
0
50
32
0
28
33
36
17
5
25
55
45
22
35
50
19
20
20
42
0
38
46
0
31
17
27
5
40
35
10
53
25
38
45
10
55
60
2
45
28
20
10
35
40
25
45
60
3
5
0
22
55
20
27
45
55
22
2
10
45
30
60
32
20
30
45
7
37
27
18
5
45
25
48
15
51
49
35
0
55
13
34
35
45
15
53
23
20
45
50
60
40
27
10
50
55
60
45
35
2
8
53
2
43
10
35
55
5
50
37
34
40
10
3
15
32
25
15
35
25
14
10
40
7
25
55
41
45
35
55
60
10
5
35
47
13
43
42
30
15
55
60
43
22
48
49
37
0
23
28
10
45
5
18
45
25
58
45
35
13
5
50
22
42
5
33
0
42
30
23
0
10
23
37
43
0
12
8
22
20
48
25
0
13
17
23
50
25
0
48
5
35
45
40
17
30
0
38
8
30
11
22
20
25
50
33
58
26
35
42
10
25
45
3
26
20
55
10
27
0
45
35
0
30
37
13
8
37
20
35
40
57
35
50
55
12
27
23
15
50
55
52
38
0
5
42
20
35
10
55
25
63
0
15
20
40
10
2
37
18
20
15
10
37
0
50
27
35
10
55
18
21
17
23
13
37
32
20
30
10
35
50
3
45
50
48
55
35
20
0
60
61
0
20
55
60
10
27
5
15
55
60
45
2
44
13
15
32
22
0
50
55
23
7
35
50
5
35
12
45
55
60
45
13
44
5
40
40
3
33
10
5
20
25
55
45
35
5
20
30
60
47
28
12
45
50
32
7
30
35
40
58
35
48
17
0
27
22
2
19
25
10
45
25
10
44
40
40
33
45
15
0
45
5
15
38
46
12
43
48
40
30
43
30
50
15
31
40
0
28
15
60
18
42
0
50
10
15
45
55
20
30
25
2
12
20
55
30
50
25
35
55
10
50
2
30
40
42
10
5
55
60
32
12
0
40
55
15
3
40
30
35
32
15
20
45
60
45
40
55
60
65
18
21
35
15
47
30
10
47
18
0
45
28
32
25
8
12
10
25
47
35
2
10
15
53
20
37
13
30
25
55
32
28
35
50
43
5
48
30
35
55
0
37
15
53
58
0
50
32
10
60
43
5
25
55
60
15
0
5
37
52
45
25
10
40
60
27
45
35
50
13
22
12
38
7
15
27
10
5
42
50
20
35
50
0
10
27
32
23
25
18
35
48
42
53
52
40
10
15
25
55
42
22
5
50
27
35
17
45
55
0
45
50
55
2
35
0
50
38
10
25
25
48
53
54
15
12
9
25
15
47
29
15
20
45
60
41
10
23
27
37
30
10
15
5
45
15
42
50
7
3
8
35
45
52
25
40
12
16
10
55
40
30
50
60
45
5
28
10
15
45
0
48
8
33
36
45
50
18
25
5
8
28
31
23
15
0
40
55
13
15
45
50
30
60
0
40
0
15
50
60
30
10
50
0
65
33
8
25
12
5
28
15
40
0
60
10
35
52
25
57
0
12
45
30
60
28
10
45
0
55
25
20
12
33
43
8
0
15
55
54
30
5
40
22
50
32
13
16
8
45
7
43
22
51
0
5
25
40
10
58
20
50
25
60
65
30
50
21
20
60
10
43
50
46
5
33
17
3
25
48
25
45
55
13
40
30
18
43
22
13
0
15
10
60
25
15
7
28
30
25
5
31
0
40
58
22
10
35
5
45
15
28
48
30
25
33
23
36
0
5
18
21
32
15
0
45
40
55
25
13
35
10
55
15
65
30
10
48
52
47
38
20
50
40
51
45
50
35
57
49
43
12
5
22
18
17
25
45
13
35
5
50
0
32
40
13
22
20
25
16
20
35
47
0
60
42
10
0
5
60
30
50
45
13
5
41
25
50
30
35
40
33
36
32
15
20
35
12
21
25
20
32
10
0
50
10
30
2
52
20
45
10
35
60
65
42
15
25
37
30
22
5
35
53
58
42
12
3
38
45
43
2
48
27
25
25
17
0
55
32
32
15
50
38
41
30
37
22
15
55
25
11
43
2
20
37
23
17
42
5
43
48
45
17
23
28
10
37
18
21
37
10
20
55
27
26
20
42
15
55
35
45
55
27
24
0
25
55
43
32
27
40
45
50
60
5
35
25
20
52
40
50
0
22
10
37
15
5
0
50
35
15
55
45
63
32
22
42
39
45
13
33
20
36
34
18
31
40
50
10
0
30
45
15
65
16
10
5
55
60
27
23
38
32
8
15
3
32
45
10
30
0
52
25
40
2
40
10
30
53
38
41
35
25
55
5
50
25
57
15
43
10
25
53
0
45
50
35
55
65
25
17
35
42
10
7
15
50
55
60
13
40
50
49
28
43
48
13
40
30
7
15
36
35
40
15
50
35
57
40
12
33
40
20
55
37
13
2
0
5
35
48
40
10
23
10
15
20
60
47
27
5
50
55
60
37
22
10
50
33
0
17
48
28
53
27
37
41
35
47
42
23
49
5
46
45
12
8
17
14
27
15
10
40
0
5
20
40
35
65
5
50
20
0
65
38
10
20
45
60
40
0
55
60
45
27
45
5
55
37
40
8
11
3
30
45
5
32
20
30
42
0
50
55
60
5
18
45
55
60
0
50
30
60
65
25
15
7
45
55
42
37
46
15
43
45
12
10
55
40
22
17
27
45
35
30
43
20
48
3
5
47
15
55
60
42
38
30
48
0
23
40
2
30
55
45
46
50
55
51
45
32
5
23
25
32
37
18
10
50
22
5
42
50
15
2
15
7
38
23
8
42
35
28
31
32
3
25
40
10
45
50
35
60
0
12
42
0
39
43
22
20
50
27
40
45
46
23
37
13
32
43
0
23
25
35
15
2
30
40
12
37
32
0
50
27
45
0
53
58
20
10
55
60
65
0
15
37
45
60
35
40
55
25
3
22
18
45
25
21
40
50
32
17
7
5
20
40
55
27
33
0
50
55
40
45
35
20
10
65
38
27
22
30
48
3
43
20
46
38
27
0
48
23
30
20
0
5
60
59
40
5
55
15
65
8
18
0
50
25
45
30
10
2
50
45
50
47
2
35
10
35
52
18
20
12
38
3
9
17
17
23
10
50
5
37
43
0
46
42
2
20
50
55
53
30
25
42
0
12
0
28
48
53
42
10
35
55
56
60
42
33
10
40
35
45
44
25
40
60
37
5
18
4
32
27
0
30
25
58
15
50
35
51
55
43
25
12
45
55
15
42
23
10
0
7
35
11
5
42
40
0
55
39
15
35
50
18
48
42
25
50
10
58
20
3
40
29
33
36
40
50
7
3
28
18
5
50
49
25
28
15
38
3
10
35
15
50
28
7
33
43
0
5
22
25
20
52
13
35
43
10
15
55
46
35
2
20
55
42
30
10
5
35
52
37
35
40
55
60
0
35
12
10
15
38
20
50
5
33
42
20
0
55
60
33
0
7
40
55
45
2
32
0
55
15
37
23
48
42
35
30
5
55
65
10
50
55
21
52
15
47
35
55
40
42
10
50
55
52
7
12
42
40
47
42
5
25
15
60
35
42
15
25
36
15
50
36
35
60
27
45
37
3
5
2
10
22
5
55
20
5
27
21
55
30
17
40
13
25
7
20
45
0
60
20
25
45
60
2
27
37
17
0
50
0
50
55
26
60
20
45
35
58
15
20
50
10
0
62
35
23
15
2
30
38
7
41
4
8
8
0
38
50
55
35
25
8
50
60
33
20
7
42
38
27
35
45
2
15
45
50
30
60
65
45
0
10
25
65
43
12
37
45
35
42
12
35
22
20
25
10
0
37
35
0
37
20
32
40
2
17
0
5
23
33
38
15
28
45
13
45
18
2
30
27
45
50
55
0
0
12
30
35
60
