22
29
27
92
6
59
84
30
2
85
3
39
91
44
70
68
8
75
54
29
62
50
41
29
46
11
84
74
89
45
52
62
40
21
78
53
99
0
99
26
34
74
29
11
91
92
59
17
25
50
5
0
99
0
99
0
63
69
61
85
82
49
12
96
19
15
50
69
84
58
88
15
0
99
99
66
79
3
70
58
39
31
46
44
29
42
95
67
42
11
16
89
35
56
26
84
7
23
75
92
63
78
98
44
74
42
13
76
46
12
82
68
73
61
92
10
40
53
21
82
32
55
5
24
40
8
86
59
30
15
68
31
78
91
95
14
63
36
44
12
73
11
49
90
3
71
93
56
45
76
57
13
90
75
94
10
75
60
60
10
44
18
46
15
68
21
55
51
79
63
93
81
30
76
8
81
34
79
4
99
3
90
34
12
60
99
88
57
15
63
20
93
39
20
34
95
8
81
59
18
29
33
26
7
22
30
50
97
35
56
32
41
17
99
56
25
49
67
33
10
18
29
99
1
26
30
59
77
12
33
65
39
11
81
36
29
85
9
32
88
10
90
25
68
50
71
42
43
55
28
17
24
94
79
23
72
77
63
87
33
98
26
29
84
48
15
86
20
58
86
48
11
87
59
36
29
1
40
86
98
33
43
88
30
62
38
40
72
84
99
0
99
0
99
97
81
7
6
61
78
14
54
89
88
7
37
51
47
69
11
40
79
85
3
88
87
22
80
10
59
55
14
93
62
53
72
54
98
50
73
42
10
80
3
25
11
99
99
0
75
11
94
8
4
95
4
61
28
6
34
55
62
92
14
39
42
30
73
67
65
75
5
27
28
4
40
7
85
12
8
69
80
40
78
93
90
16
62
20
47
78
66
16
40
48
52
4
14
27
19
15
84
47
5
79
36
93
99
14
57
16
92
18
80
51
23
5
76
87
24
44
33
80
33
63
43
53
49
78
11
11
79
8
89
57
24
51
82
15
8
70
47
64
22
49
97
19
36
16
69
37
10
75
39
13
34
84
10
15
8
28
89
82
33
88
7
41
60
86
37
52
93
99
99
99
17
24
53
69
3
39
8
37
82
82
48
16
0
26
95
0
99
99
39
65
21
49
85
13
99
0
0
64
52
62
48
40
60
81
44
74
48
13
84
5
88
64
91
56
21
82
11
46
78
34
50
16
28
8
96
76
48
16
31
24
0
99
99
46
3
83
0
0
99
76
92
66
86
50
71
45
36
29
0
99
0
31
99
11
47
83
61
57
28
93
26
78
92
70
51
23
63
87
66
20
56
73
28
59
47
99
49
99
60
96
83
0
0
0
65
2
79
10
37
60
91
34
24
41
18
87
51
28
16
11
37
54
33
66
12
75
20
34
84
59
24
42
6
45
94
88
30
70
26
54
99
99
99
40
91
3
37
46
32
95
98
14
20
28
44
89
57
98
90
52
66
97
8
27
45
20
37
31
96
11
48
15
83
84
99
50
88
35
53
10
32
60
37
76
81
40
14
90
34
62
26
48
57
20
85
23
69
11
36
58
99
99
99
2
99
0
16
87
50
99
99
99
41
29
61
14
24
63
15
30
43
79
80
13
51
13
68
81
47
59
33
38
46
82
0
45
56
73
24
94
50
9
74
67
83
33
20
3
0
9
67
51
36
67
34
32
21
74
90
85
49
86
12
31
68
95
18
87
61
16
49
85
10
84
48
35
58
13
32
49
15
26
75
10
12
33
81
92
75
21
36
0
90
5
67
88
83
19
52
51
90
11
54
1
20
37
94
97
78
8
33
43
18
78
46
18
71
40
25
49
72
65
58
71
7
47
41
37
74
81
9
30
46
19
56
86
27
95
73
93
48
9
77
39
1
67
18
45
92
42
90
77
66
27
60
45
42
82
15
92
72
6
30
73
56
58
11
83
89
35
32
41
5
84
5
18
59
3
68
43
76
11
41
5
60
40
93
54
74
61
72
83
16
51
88
9
15
76
20
12
29
82
61
23
99
0
0
99
0
99
78
10
60
14
70
39
84
58
80
82
19
93
36
77
3
5
42
17
85
39
50
45
89
0
9
87
48
14
27
21
40
78
14
0
5
73
28
71
40
12
34
25
45
78
64
9
45
9
75
97
47
63
5
19
90
58
17
81
72
27
51
17
84
36
94
65
53
10
58
69
40
11
70
60
67
56
76
44
98
46
64
21
95
5
62
1
67
73
89
57
86
52
16
78
61
94
30
55
72
83
45
70
21
62
83
88
15
53
88
12
48
89
74
79
53
99
65
58
56
32
52
17
85
19
80
36
83
54
18
43
81
21
9
76
36
39
79
11
54
34
87
68
24
16
72
0
96
12
94
51
66
51
26
83
16
45
6
78
39
46
35
90
52
14
87
19
62
97
79
97
39
94
65
80
95
40
69
17
70
90
50
9
91
93
59
42
42
84
24
57
90
23
60
26
84
71
16
83
13
48
84
58
23
86
34
68
89
61
86
29
43
10
81
55
82
17
14
80
90
42
61
86
12
91
85
9
25
43
5
28
8
19
68
29
28
50
70
22
67
95
96
20
55
33
41
55
8
70
87
75
65
1
75
59
41
11
39
67
59
49
27
14
91
35
94
68
32
7
44
76
50
26
50
94
88
58
13
57
36
48
11
86
52
48
71
59
91
16
86
73
63
46
70
61
9
52
26
74
99
84
92
24
97
28
62
8
59
13
53
82
45
9
3
52
72
36
33
56
22
61
51
28
82
41
46
29
53
48
46
97
56
57
99
16
85
31
59
18
94
50
26
68
14
94
29
80
57
34
64
86
96
99
0
99
28
89
5
37
75
62
42
2
70
4
40
86
85
13
48
79
5
42
43
76
96
7
17
87
18
75
86
69
54
79
13
45
86
42
4
85
47
29
42
18
1
70
42
25
9
90
36
61
41
75
49
83
43
8
80
66
44
69
42
85
84
50
20
88
77
53
45
11
24
68
84
20
9
71
81
48
22
84
70
87
35
0
22
12
44
93
71
23
64
96
99
99
20
68
89
78
41
0
62
63
93
58
81
8
17
91
22
30
76
54
69
97
84
62
55
96
4
69
32
7
53
3
41
50
74
45
81
13
66
72
31
90
9
49
94
36
16
76
85
26
41
35
76
79
44
34
32
81
53
52
90
52
11
46
14
63
44
12
97
76
6
42
42
17
67
49
46
96
13
51
89
49
20
24
12
50
85
71
49
57
57
82
46
19
48
17
75
6
87
78
46
16
32
97
51
20
8
67
53
95
60
45
74
80
88
20
57
50
63
79
95
22
54
47
96
65
36
90
10
52
70
32
82
21
50
27
0
30
15
80
47
97
22
44
88
41
20
28
14
50
56
20
42
22
13
84
57
10
24
36
72
90
40
90
60
41
7
50
0
99
99
