37
3
12
22
45
33
42
7
17
38
23
15
38
26
50
5
50
55
15
65
25
48
40
55
60
37
33
40
50
7
35
45
0
60
65
37
13
28
42
3
23
43
30
50
55
45
23
33
50
55
18
35
43
13
20
22
10
50
55
60
13
22
32
3
16
15
32
45
55
60
37
42
35
5
50
7
17
32
0
50
40
25
13
3
45
10
37
3
18
43
12
5
50
55
20
15
40
35
60
50
45
2
30
55
40
40
25
52
50
55
30
37
3
50
18
25
30
55
60
42
32
38
27
45
50
30
42
18
35
55
40
8
15
35
60
45
38
50
13
5
0
45
55
60
65
5
50
10
60
65
8
42
17
27
2
17
3
40
50
55
22
13
5
50
55
45
35
55
60
65
32
12
5
50
20
12
3
20
50
55
12
38
20
47
43
45
50
55
5
35
18
28
7
22
31
45
50
55
22
37
27
7
35
50
55
37
7
42
27
45
43
54
50
32
18
22
32
12
27
17
42
30
50
55
60
28
12
37
20
50
38
10
48
58
23
17
35
50
55
60
10
40
5
15
65
25
40
52
35
30
37
27
7
17
33
43
22
27
3
17
38
17
2
27
22
2
42
35
50
0
35
50
12
28
3
28
40
10
55
50
17
27
35
50
55
28
17
33
3
10
45
23
50
13
30
15
5
52
35
25
30
35
15
60
50
28
37
12
3
18
42
22
30
50
55
25
45
55
60
65
40
17
25
7
55
0
50
55
60
25
25
37
12
5
30
15
47
30
55
22
13
40
30
55
60
45
50
32
55
60
37
30
50
45
60
15
43
48
56
58
13
33
22
42
3
40
50
23
13
0
8
22
28
15
50
40
10
55
30
25
42
33
22
10
47
17
27
8
35
13
12
5
50
32
25
40
45
55
60
65
13
5
50
22
32
17
7
25
50
40
43
22
32
13
3
0
47
10
23
35
25
40
52
13
30
37
42
35
15
55
30
50
40
60
17
2
42
12
32
22
5
35
42
10
60
45
22
33
13
50
27
18
23
12
42
38
28
7
17
41
43
27
5
15
55
12
5
50
40
27
43
7
18
27
33
22
5
30
55
60
32
13
40
50
3
22
45
35
55
60
35
12
30
47
3
23
7
45
50
28
25
40
55
60
10
20
25
45
55
15
45
50
55
60
65
25
0
55
32
20
43
48
13
37
3
28
37
0
13
20
45
33
2
13
22
35
50
55
17
10
32
38
18
25
7
15
50
55
60
65
17
37
27
7
2
33
15
50
55
40
13
5
20
55
60
45
25
35
60
65
38
43
25
33
7
15
32
48
40
55
45
23
13
32
3
32
45
5
40
60
8
45
50
55
60
38
22
45
50
55
23
38
7
30
48
33
43
47
37
17
28
8
42
35
15
23
37
15
5
55
32
12
22
42
17
37
20
45
7
30
12
22
7
27
42
18
38
27
7
0
10
5
23
42
55
42
38
45
5
55
13
3
20
37
50
40
10
45
60
65
13
33
17
42
7
25
40
55
13
20
30
20
55
42
60
17
27
42
5
10
25
45
55
60
65
25
50
55
35
65
42
17
27
8
33
10
50
32
40
60
43
10
50
0
60
27
5
15
55
33
10
48
28
5
18
32
45
50
55
5
43
27
33
12
3
40
50
55
60
65
10
50
40
60
65
30
15
55
60
65
5
50
55
60
65
28
12
3
18
42
17
10
38
45
55
37
45
40
55
60
30
50
40
3
10
12
5
38
23
27
42
33
12
23
51
28
20
50
45
60
33
45
17
25
7
27
7
43
35
50
32
45
20
40
60
27
20
37
50
55
7
40
15
55
60
42
2
32
13
37
18
36
25
7
2
12
38
22
30
48
45
50
55
60
32
42
30
50
7
20
45
35
55
5
15
12
37
5
48
22
32
20
50
55
15
33
42
18
7
27
23
32
13
3
42
15
47
42
50
28
45
50
48
55
52
12
5
22
37
48
27
7
38
2
32
23
38
27
8
0
2
27
12
18
37
0
32
50
55
7
18
40
50
5
60
13
33
23
2
42
13
35
50
5
60
20
3
30
42
10
35
50
55
7
15
18
42
30
25
55
42
7
25
35
40
43
10
25
55
60
30
25
40
55
65
10
30
20
55
65
15
5
42
40
45
45
27
50
13
55
42
25
15
0
60
38
27
3
17
41
23
30
50
55
60
35
48
7
17
0
30
12
20
3
45
5
42
23
0
55
27
42
0
50
33
37
7
30
50
55
30
29
50
25
60
37
22
45
13
7
30
50
55
13
22
20
7
50
15
60
22
38
30
50
55
13
37
3
20
48
18
2
38
10
30
10
45
55
60
65
35
50
55
60
65
32
18
8
21
15
27
22
42
7
38
35
40
55
60
65
28
40
50
55
60
17
38
27
7
2
12
25
45
20
60
40
8
23
50
2
25
45
35
60
65
30
47
25
3
15
10
45
18
22
38
35
18
45
55
25
35
5
55
18
30
13
28
38
2
20
45
25
15
60
65
40
0
55
60
65
28
17
2
37
45
20
42
47
27
37
5
45
33
55
60
0
22
32
13
42
13
3
18
28
40
33
45
23
50
55
45
20
50
60
65
5
50
17
38
42
25
30
55
50
65
33
12
3
45
50
42
23
33
13
3
5
50
55
35
65
18
37
45
50
55
33
23
13
26
20
22
7
42
13
27
17
7
42
25
50
20
50
55
60
65
25
50
55
8
40
2
27
37
13
20
2
40
12
30
55
42
12
22
3
32
30
50
55
37
23
18
43
2
27
10
15
32
47
35
55
32
3
40
25
55
12
22
38
43
5
42
28
0
50
55
42
18
7
25
35
20
47
15
35
60
25
50
55
52
60
45
27
18
3
37
43
5
30
55
60
17
5
42
48
40
5
17
10
55
60
33
20
50
55
53
32
18
25
50
55
5
22
48
33
0
30
8
20
25
11
32
12
35
48
40
23
32
12
3
42
43
52
55
58
61
40
8
25
55
15
10
22
45
55
60
2
35
50
17
55
10
33
5
25
48
30
20
55
60
57
20
43
47
32
2
22
8
43
32
49
42
37
17
51
45
40
50
55
60
65
37
33
42
8
18
15
50
20
60
65
45
50
35
58
64
32
45
25
55
60
45
32
20
52
30
2
45
50
35
60
32
25
50
55
60
42
32
12
3
39
40
50
55
60
65
15
0
32
43
55
30
50
55
7
25
37
45
3
27
10
15
50
55
60
65
2
35
5
55
60
0
47
43
7
18
43
32
7
17
49
28
8
37
15
50
37
25
45
55
60
27
12
3
37
18
12
27
33
5
22
37
7
17
45
50
27
45
35
55
50
15
40
50
56
25
40
18
27
7
3
3
10
5
38
55
2
45
50
55
60
45
3
10
52
20
25
50
55
60
65
22
45
50
55
60
33
12
22
3
43
8
28
18
38
2
32
45
3
22
35
26
22
12
37
45
37
12
43
22
30
38
12
45
3
22
40
50
45
60
59
0
5
55
60
20
37
27
23
7
32
30
45
55
38
50
28
42
30
20
50
35
50
55
60
65
25
45
50
60
65
23
45
7
17
27
45
50
40
60
65
20
0
45
60
65
32
23
3
17
42
32
17
3
23
37
40
3
12
20
55
45
18
23
7
38
13
16
10
42
48
45
12
5
20
37
20
13
25
50
60
28
17
7
21
15
27
45
3
18
33
30
45
25
13
5
40
12
3
22
32
7
28
13
38
0
40
50
55
60
15
37
0
17
41
27
8
27
17
2
43
28
35
13
3
22
15
47
35
27
3
38
5
10
20
60
17
5
50
55
60
12
20
50
55
28
45
22
50
55
33
42
30
50
40
35
27
33
42
5
50
25
17
35
45
60
23
12
38
3
17
30
37
18
8
2
35
50
3
23
40
27
18
45
7
0
0
50
55
60
65
42
12
32
39
30
35
50
8
18
55
25
12
5
35
60
28
17
5
50
55
42
3
33
12
37
37
40
50
55
53
38
27
12
3
43
20
45
55
32
10
18
33
7
23
0
13
27
37
3
45
45
40
22
13
30
42
12
23
3
45
25
45
55
60
50
15
27
40
5
60
45
32
0
20
60
3
40
25
50
60
28
35
50
7
17
42
10
50
37
22
32
7
40
18
22
15
35
55
60
5
42
35
50
55
25
38
18
7
42
35
37
45
22
8
30
43
7
22
32
12
45
50
23
13
3
45
30
35
60
65
45
50
18
27
7
42
20
50
55
60
17
3
32
10
50
5
10
55
60
40
15
45
55
31
20
45
50
55
60
65
40
50
55
60
65
27
37
3
13
43
22
40
12
5
55
13
35
42
47
3
43
33
51
46
45
22
32
43
7
36
40
20
55
25
65
40
50
28
17
35
45
35
55
60
20
22
32
3
42
12
17
38
41
28
15
7
45
15
30
60
35
40
20
60
65
35
5
45
60
55
45
50
30
60
8
30
18
8
35
55
45
15
50
35
65
38
42
10
35
55
28
7
17
38
2
27
38
8
18
2
12
27
5
50
55
8
42
27
20
50
10
40
5
60
55
15
35
25
60
65
27
13
42
37
3
30
40
17
5
60
12
28
5
50
22
32
22
40
50
55
20
50
51
15
58
45
40
50
35
63
12
17
7
28
3
10
50
55
28
37
10
35
53
17
27
30
13
48
20
42
20
7
45
55
32
35
45
18
7
50
40
10
35
60
61
38
30
10
5
42
43
17
27
35
47
30
45
55
40
65
32
42
39
43
33
12
20
37
30
25
32
45
50
55
60
35
22
50
45
30
10
48
28
35
55
22
43
7
17
32
45
17
30
55
56
12
45
50
27
5
45
50
20
33
10
35
30
45
55
65
40
17
7
27
47
13
30
50
55
60
23
3
32
42
10
30
50
3
40
60
8
12
33
42
2
42
20
50
13
5
37
17
25
50
7
22
42
12
3
27
0
50
30
60
65
22
45
30
55
50
45
30
55
60
65
35
22
7
42
28
40
7
17
28
0
12
27
42
3
18
10
15
55
56
60
37
22
7
17
26
12
18
2
45
50
0
13
40
18
25
7
35
17
25
45
22
45
20
35
25
33
17
42
25
8
37
42
35
50
55
28
45
50
35
60
32
37
3
22
12
17
33
7
42
25
38
5
50
55
17
38
22
7
15
50
30
42
13
20
55
22
32
3
17
27
15
35
55
60
65
45
28
8
18
35
5
50
55
38
30
32
36
28
20
50
35
48
12
3
23
10
50
55
35
17
45
50
55
60
8
5
50
27
55
53
20
50
32
51
7
33
37
23
45
50
43
33
7
25
50
25
33
5
55
38
45
50
55
18
2
0
33
40
53
61
25
50
55
60
65
43
12
32
22
28
38
27
7
43
32
2
27
18
43
10
30
42
50
55
60
33
37
45
50
55
13
43
27
16
10
37
23
43
13
28
42
22
7
32
13
45
50
55
22
33
22
38
12
28
3
15
45
53
40
60
10
18
30
55
60
45
22
50
32
8
25
50
20
60
65
18
3
32
45
50
32
22
10
50
55
40
50
55
60
15
20
45
55
60
65
0
25
50
10
20
42
33
15
50
55
45
32
3
15
50
10
5
55
22
40
7
20
40
45
60
40
25
55
60
20
42
27
7
17
23
8
42
15
50
55
