7
83
36
92
6
76
55
29
10
82
3
39
94
42
71
67
10
71
53
21
59
79
50
26
35
10
78
88
58
16
56
85
28
22
83
43
93
57
13
60
28
87
26
10
91
90
58
17
25
47
5
94
71
43
99
0
99
52
17
83
0
0
99
95
22
17
49
68
84
47
80
14
55
31
87
64
77
3
84
34
0
16
85
49
24
44
94
74
38
9
10
80
39
57
33
78
7
18
39
81
66
90
97
36
73
44
24
67
41
9
89
42
77
14
69
18
41
51
22
81
34
62
9
22
36
7
78
42
12
16
84
35
79
94
97
2
32
15
34
8
68
25
31
78
6
45
88
55
33
76
34
10
88
69
94
9
83
53
19
12
62
36
49
27
93
24
56
41
77
53
94
89
17
54
22
86
54
79
33
97
3
80
36
12
61
99
0
57
0
66
20
93
37
19
29
94
5
81
59
14
29
99
99
99
9
44
86
91
34
60
55
91
14
96
72
34
51
76
25
7
19
30
80
4
58
19
71
96
16
37
69
40
5
23
35
30
87
11
33
85
9
79
37
57
16
92
36
54
75
27
14
24
96
79
23
42
84
24
75
32
91
30
32
73
55
40
91
23
42
63
16
64
99
68
36
9
28
74
90
97
34
52
89
16
60
35
36
72
85
97
0
47
86
11
96
79
7
11
47
84
15
54
88
89
39
64
64
17
99
12
43
82
84
6
86
89
15
52
13
64
54
3
64
34
51
74
54
96
39
79
52
20
83
0
40
23
50
86
12
48
10
91
9
5
99
6
69
23
8
34
55
12
89
52
39
41
15
78
63
61
94
3
37
15
21
81
15
77
82
12
74
74
25
57
86
95
57
76
21
46
77
52
13
36
29
64
6
13
28
19
44
14
81
5
79
31
91
98
0
29
13
62
22
79
54
99
99
84
99
0
99
20
79
38
78
21
61
32
54
10
46
88
8
72
47
32
50
80
20
10
73
40
99
0
99
97
19
33
0
99
99
13
74
43
15
46
80
9
19
8
0
44
0
27
88
9
15
55
91
19
55
82
40
89
23
17
50
81
65
3
41
12
53
72
81
47
16
26
50
96
52
88
10
36
59
0
37
84
0
57
15
94
62
48
61
35
13
56
97
23
64
84
16
51
6
88
65
91
53
33
82
11
45
80
34
63
99
99
99
96
68
49
18
58
92
45
83
26
46
20
67
1
85
18
79
93
64
79
49
68
99
89
33
14
88
54
43
85
10
50
85
61
0
0
99
44
71
93
69
56
42
15
91
50
14
49
72
21
88
54
99
99
99
65
96
83
20
77
90
63
0
86
7
38
82
85
44
9
34
9
76
76
35
13
9
37
54
11
59
32
75
12
35
93
57
20
91
7
38
86
61
32
86
16
49
13
85
38
51
85
6
39
52
36
67
91
41
12
28
76
92
39
67
87
29
53
89
26
53
87
13
50
54
93
17
8
22
52
89
98
42
69
14
99
28
10
63
37
76
83
63
16
93
17
52
23
45
49
26
87
16
52
11
60
99
50
26
63
4
26
41
17
81
45
0
99
0
42
27
63
19
54
88
16
31
44
72
74
20
51
13
64
74
46
60
12
47
78
77
0
47
48
86
10
91
47
7
75
67
83
37
21
6
36
4
76
43
27
67
33
32
23
77
90
84
67
46
29
13
46
85
8
88
54
26
35
75
7
86
44
48
83
30
47
68
22
26
77
9
7
22
82
92
75
25
25
4
89
4
34
74
80
26
59
54
91
13
99
0
99
21
62
85
81
9
30
41
16
76
45
18
69
40
27
51
72
67
53
90
15
52
41
38
76
82
0
35
34
9
55
50
15
85
69
90
42
12
79
43
10
94
41
55
90
16
83
44
11
14
83
49
29
77
12
82
43
12
36
73
55
39
6
78
82
31
0
38
1
83
99
99
99
28
68
38
78
11
43
13
59
41
91
54
73
59
75
93
27
66
81
12
36
86
31
12
49
86
63
38
19
45
72
87
12
49
79
13
48
14
67
39
89
60
75
56
37
85
35
77
13
59
38
16
0
0
0
58
83
25
9
88
88
99
99
99
42
79
19
0
11
74
24
71
38
11
34
25
44
87
69
26
64
15
69
97
46
76
10
10
59
38
5
81
68
39
37
8
81
32
95
67
35
7
58
88
60
35
80
13
43
31
76
54
84
47
66
11
95
3
64
1
68
82
88
62
86
50
16
72
56
90
0
99
99
81
23
68
32
65
88
90
18
59
87
16
49
8
75
58
52
85
66
87
54
17
51
33
76
12
63
37
81
52
24
58
79
21
7
73
32
77
38
11
70
28
89
84
41
4
61
3
97
15
84
62
55
33
13
79
17
42
0
83
34
58
17
91
51
14
87
14
62
81
80
85
38
96
69
83
82
13
43
15
74
91
94
3
83
83
49
17
45
77
25
55
87
31
57
30
81
70
22
83
4
79
37
99
99
0
33
66
88
58
85
29
36
3
76
64
76
11
32
83
94
41
60
84
11
85
60
25
45
66
59
99
99
17
86
52
30
50
66
48
64
78
86
16
54
12
40
70
7
55
86
97
17
8
90
74
55
12
45
75
89
67
42
15
92
33
88
71
54
4
38
85
66
16
34
97
93
93
12
58
34
53
15
88
69
51
76
61
90
23
81
12
43
16
99
62
8
63
25
76
97
83
64
45
95
39
68
12
80
19
53
79
47
16
7
55
71
36
34
55
6
81
39
12
75
29
48
15
85
52
8
91
54
57
95
18
80
52
46
13
87
64
47
99
10
98
25
81
62
25
65
85
96
35
66
93
23
75
6
16
92
61
41
16
76
16
58
92
92
60
74
73
0
19
43
76
96
8
18
86
26
63
86
66
32
93
84
57
47
87
6
45
68
9
43
14
1
72
42
25
8
78
36
58
11
77
56
86
41
16
73
45
37
68
29
90
85
56
21
88
77
40
99
51
70
60
98
14
2
50
83
57
23
79
73
91
45
1
29
14
45
93
70
59
15
95
84
88
63
17
92
60
62
14
99
0
0
0
66
6
35
87
21
26
94
52
76
97
81
62
55
97
6
28
17
3
55
3
33
58
94
13
84
21
55
64
31
88
14
44
79
66
17
99
65
12
35
24
51
82
99
69
17
80
53
51
90
53
12
45
29
66
87
63
45
77
23
49
42
16
66
20
60
88
13
67
80
62
29
0
65
39
90
89
53
71
63
82
45
1
61
45
68
6
87
80
43
19
32
85
61
99
27
64
48
97
74
24
69
85
86
17
53
12
45
85
95
26
55
44
88
71
36
78
11
35
61
9
81
26
49
17
7
30
14
71
54
97
24
42
90
55
17
31
14
52
52
7
30
25
9
81
86
4
23
36
71
89
8
73
38
17
2
40
56
9
87
