30
40
55
0
63
3
7
35
0
2
15
25
0
57
32
27
12
22
28
20
40
17
30
39
35
42
25
40
35
15
33
0
47
45
40
37
15
47
7
30
43
25
30
18
10
45
46
17
50
49
17
45
30
12
20
5
50
55
60
27
15
2
47
25
55
23
26
20
5
40
35
0
7
43
23
41
0
50
51
55
40
5
52
50
55
35
27
51
52
10
2
32
40
50
55
13
40
5
0
50
23
25
20
55
60
15
22
17
16
25
30
37
10
15
60
12
25
8
15
20
33
36
30
23
0
15
43
30
7
3
43
27
10
37
45
45
5
30
55
35
0
15
35
25
65
35
47
5
0
15
10
38
27
43
20
37
15
32
40
45
18
21
7
40
30
5
0
40
60
65
30
13
18
2
41
28
40
2
30
25
0
27
47
43
51
25
47
17
10
14
37
43
48
45
53
0
50
55
11
40
30
13
43
20
15
37
27
42
15
50
45
10
25
60
15
22
15
50
55
45
40
25
55
30
45
32
42
7
22
20
42
18
2
30
47
10
20
50
25
57
10
3
25
55
60
0
35
13
50
60
15
5
30
60
65
43
23
30
40
45
43
12
10
25
55
5
35
45
23
53
3
15
45
35
40
17
27
15
20
7
7
22
15
50
35
42
15
32
50
55
40
45
8
30
0
15
32
7
50
43
30
20
55
2
10
10
32
20
15
60
13
45
22
0
55
27
25
30
20
60
40
15
35
60
45
7
17
30
50
0
25
35
17
13
5
37
30
15
47
52
25
32
0
26
27
10
42
25
50
60
28
35
32
50
55
40
13
31
45
30
8
32
15
10
55
5
37
15
25
41
25
2
33
17
48
10
47
32
40
42
7
40
3
10
30
45
7
20
15
14
30
7
17
14
20
0
10
18
32
35
40
50
32
45
0
40
28
31
25
5
33
15
51
48
54
16
27
45
50
55
42
27
38
0
46
37
42
35
0
20
32
21
5
15
50
45
20
55
15
50
5
22
4
20
32
12
7
40
18
26
15
5
52
25
60
2
30
13
38
47
40
27
45
53
20
35
23
25
20
30
2
45
35
55
60
42
25
38
45
10
15
47
30
5
35
22
33
0
37
5
12
0
50
8
55
25
50
42
51
38
15
3
37
42
39
20
10
50
60
30
37
0
25
42
55
25
35
55
0
15
40
27
25
32
7
32
30
35
10
48
33
45
18
20
25
32
5
37
30
0
35
17
50
55
60
45
50
15
57
25
38
3
45
17
35
45
32
2
20
25
40
50
55
5
27
10
37
0
55
60
28
5
31
25
55
32
10
47
44
57
45
32
27
35
50
30
40
0
55
10
10
50
0
15
5
40
28
31
3
47
5
30
15
10
65
35
50
20
15
63
15
30
53
58
25
25
45
10
60
5
2
10
30
45
57
37
10
20
15
27
45
33
10
20
35
20
28
35
2
52
10
11
17
5
47
42
13
25
37
47
37
40
35
45
58
25
13
15
10
60
30
15
55
40
0
25
45
10
5
15
5
22
33
26
20
10
45
55
17
35
28
0
5
45
55
22
45
50
55
5
10
11
50
55
52
40
15
7
33
20
20
30
55
10
2
42
25
3
13
40
8
45
50
20
25
45
0
55
17
7
0
47
16
15
22
25
7
2
45
55
8
23
40
50
49
30
42
15
40
55
42
15
50
49
5
33
42
8
12
5
10
20
35
60
55
35
12
45
50
60
22
40
3
25
55
12
38
43
20
0
23
13
5
40
55
38
30
50
5
40
22
40
16
10
5
17
35
50
55
25
45
17
50
48
55
13
27
20
43
50
10
40
55
45
35
20
5
35
25
13
20
50
0
45
27
2
35
0
5
34
13
40
20
47
25
43
15
50
55
20
12
30
35
55
60
20
30
7
5
60
30
50
15
0
60
2
15
43
3
20
45
50
0
60
65
30
41
35
55
60
2
20
8
50
55
7
35
0
5
57
17
25
5
45
60
37
25
35
40
0
10
15
38
45
41
12
32
5
0
45
20
3
42
5
10
28
10
50
55
60
10
25
50
20
65
20
35
10
58
63
23
43
48
38
40
25
20
5
56
53
45
10
17
30
60
15
5
10
25
33
18
23
15
40
55
5
17
45
13
16
43
30
15
53
5
39
45
3
44
6
27
45
0
55
33
32
0
21
15
52
27
2
40
15
25
25
48
5
40
60
38
0
48
10
30
2
32
28
37
5
7
27
43
48
45
37
35
0
40
15
30
7
22
38
13
37
8
27
0
23
32
20
30
35
40
20
35
10
27
57
25
47
37
10
55
27
35
0
55
15
15
40
25
2
60
10
42
25
33
3
45
40
5
13
25
32
45
0
55
60
28
30
10
55
60
35
8
25
55
60
27
12
3
45
50
13
17
45
25
10
15
35
7
40
60
35
23
5
53
42
25
36
30
5
29
30
45
0
60
65
38
27
3
31
25
35
5
28
33
25
5
23
12
25
20
3
13
45
38
41
27
33
25
47
56
2
0
50
55
60
22
30
36
0
10
20
8
12
31
21
5
27
50
55
6
0
5
50
60
40
38
32
10
0
53
7
22
4
18
25
46
30
45
40
61
35
50
40
3
27
30
20
45
50
65
17
25
50
51
40
38
43
20
25
53
8
32
12
10
5
8
45
2
10
33
5
33
42
20
55
18
7
30
35
50
33
18
43
10
50
22
10
20
27
9
25
43
32
27
3
0
5
25
45
65
25
0
5
40
65
5
32
22
47
15
30
2
50
37
20
38
2
20
50
55
33
15
10
0
50
16
3
30
25
55
0
45
5
20
65
43
28
48
15
40
28
30
25
53
40
20
40
52
7
45
15
50
27
25
30
10
27
50
55
15
40
0
7
35
3
32
5
41
37
30
17
12
25
47
8
35
50
55
5
20
10
0
55
20
35
5
40
55
13
25
20
0
53
60
48
30
50
40
23
26
15
32
43
26
5
45
13
0
55
60
2
25
50
55
60
10
40
23
55
32
2
30
10
48
20
10
22
42
17
25
30
45
40
15
0
12
9
15
10
20
32
43
48
20
28
40
7
15
50
3
42
30
50
40
10
35
13
2
50
55
23
8
11
9
40
30
20
3
31
47
32
42
30
21
5
45
32
18
8
27
0
50
30
40
45
26
20
23
15
55
3
18
33
6
0
38
40
48
15
55
15
0
5
50
28
45
20
30
60
65
17
40
13
20
5
13
40
17
3
22
37
0
20
34
41
2
20
48
52
32
22
3
38
45
10
5
17
14
18
42
38
8
15
0
45
13
15
10
55
14
33
45
12
25
3
25
10
32
5
37
0
20
50
60
65
15
36
30
43
50
35
15
52
5
28
10
3
45
55
30
22
0
48
53
40
40
23
27
18
3
42
18
30
50
55
22
37
25
50
20
35
13
45
55
5
0
50
55
22
27
12
0
25
55
60
27
3
35
50
23
0
22
13
20
25
32
38
46
30
51
10
50
55
45
25
13
0
5
16
3
37
0
48
32
20
30
50
49
8
29
30
13
15
20
58
37
25
45
13
3
25
35
6
30
60
37
15
25
53
58
38
10
50
0
60
2
20
37
13
8
10
32
20
55
50
45
12
50
7
3
27
45
16
0
31
45
10
55
28
40
13
27
43
17
10
0
7
3
10
55
20
40
35
57
55
45
8
40
25
60
30
50
55
60
15
30
25
35
8
55
22
5
50
55
45
0
35
7
47
15
38
45
50
47
41
35
45
10
60
0
17
8
42
35
0
10
50
55
60
2
35
5
10
30
65
5
12
40
6
15
30
25
35
60
65
19
25
50
10
60
20
48
8
42
21
30
10
15
53
0
27
45
44
35
40
10
27
5
40
57
25
0
55
47
15
2
30
45
55
20
12
25
50
55
60
25
47
44
50
5
40
48
22
0
35
23
5
50
38
27
45
50
55
30
65
42
25
10
55
47
10
20
30
60
55
35
22
45
53
27
40
23
10
55
45
2
13
35
0
5
22
15
35
0
60
43
32
2
10
0
40
30
10
60
48
45
2
43
37
20
35
10
20
0
60
30
40
55
50
12
25
20
50
40
63
42
27
47
40
25
23
15
37
26
47
28
20
50
55
53
27
17
25
0
30
22
33
5
0
55
5
15
25
35
47
5
25
45
32
17
42
25
30
53
61
7
20
40
55
60
42
6
0
50
40
42
40
47
33
15
45
10
17
55
5
35
48
0
53
40
45
50
25
60
61
25
13
16
10
55
5
40
13
15
10
15
5
10
50
62
0
48
53
45
22
40
15
50
57
41
15
48
25
37
5
45
50
40
0
5
35
13
45
40
27
0
25
55
60
57
2
10
45
40
30
30
35
25
60
65
13
17
0
50
45
40
32
45
53
12
0
13
25
50
60
22
40
17
25
7
35
23
48
13
30
35
43
45
40
58
35
12
5
42
23
15
5
55
33
35
30
17
40
48
10
45
13
50
3
47
45
0
20
60
55
20
45
3
35
60
45
37
7
3
17
3
40
22
27
20
10
15
0
58
33
10
50
51
30
60
2
40
13
16
14
25
12
20
45
58
30
5
40
20
62
43
17
25
51
0
45
32
0
15
26
20
10
5
57
66
45
0
55
60
65
40
35
10
60
20
22
19
45
25
37
35
12
30
45
25
30
36
15
52
33
5
23
30
45
10
27
41
7
37
3
10
40
55
60
23
10
42
48
0
40
2
30
7
0
55
30
40
13
35
58
30
40
45
10
55
13
37
20
45
50
42
5
48
20
40
35
23
40
15
60
32
10
50
15
58
2
10
40
27
15
42
17
27
2
10
33
2
0
5
50
32
28
45
46
50
35
8
50
55
60
42
5
20
55
60
15
20
48
30
60
12
17
10
13
50
30
0
50
60
25
10
48
37
20
30
40
50
3
22
12
37
40
35
50
60
13
16
12
32
30
18
21
15
50
51
20
15
55
45
66
35
0
53
5
15
35
25
0
60
65
38
10
20
0
60
42
8
0
50
55
10
25
50
45
65
37
2
30
18
31
37
32
3
40
30
2
42
10
48
53
0
7
20
50
40
20
40
55
56
13
8
25
50
40
20
35
15
43
0
22
15
10
55
5
60
32
15
6
5
55
2
5
52
0
50
2
5
48
10
0
42
38
45
15
30
27
25
30
20
50
35
10
55
40
20
35
3
40
15
60
27
5
35
55
50
10
25
0
45
40
32
20
3
40
7
40
35
0
5
13
45
50
10
18
30
45
50
48
55
23
15
5
55
45
37
22
42
2
39
0
38
22
45
50
41
40
17
50
55
14
25
45
10
53
40
2
35
15
53
27
0
35
55
13
60
23
26
35
48
20
3
6
4
45
25
0
17
50
5
10
7
45
50
30
60
45
10
33
35
30
42
47
40
8
52
2
35
7
43
20
42
23
10
45
25
23
8
12
2
43
45
17
33
23
3
10
45
0
60
55
27
15
35
25
60
30
3
20
55
51
30
25
53
8
45
20
25
50
7
37
17
15
20
8
31
32
40
50
55
8
20
12
37
7
35
20
43
5
35
25
2
12
20
50
35
28
0
22
12
20
13
30
42
50
0
10
9
20
30
0
40
22
5
45
60
25
40
30
5
62
27
2
40
17
15
0
50
28
20
40
