95
99
79
22
65
99
65
89
85
5
54
99
57
83
28
83
99
65
67
62
99
83
91
80
94
95
99
77
88
62
99
83
91
72
40
76
96
57
99
54
83
90
19
73
77
99
27
61
89
92
88
99
77
48
43
76
99
79
28
65
61
99
77
69
88
99
85
59
39
27
87
99
80
76
91
72
49
78
92
87
72
93
56
43
41
95
99
65
83
44
94
87
81
99
40
99
16
89
86
93
36
99
31
89
92
87
99
84
92
81
99
83
55
91
88
59
99
76
90
79
96
99
88
50
57
81
76
62
68
89
77
67
93
59
53
99
77
43
16
67
99
84
91
88
78
99
77
62
68
88
99
77
88
61
69
54
99
67
60
83
99
86
90
93
84
99
83
62
39
70
99
89
83
55
93
78
74
80
51
82
76
87
56
95
99
99
62
70
66
77
88
77
99
54
16
61
99
67
70
88
70
95
65
51
57
62
99
80
67
33
74
96
99
77
88
95
72
79
75
55
40
92
46
99
61
72
94
99
89
82
83
90
93
73
87
63
99
67
78
86
95
99
89
75
78
50
84
90
72
78
60
99
77
88
41
92
86
29
99
36
29
96
99
51
57
99
80
74
77
55
76
96
99
55
89
28
82
74
91
77
54
71
65
81
61
72
89
82
41
45
72
40
81
77
66
95
99
71
49
89
82
99
60
53
68
99
51
56
63
17
38
73
78
29
81
54
36
83
67
52
61
96
99
68
52
99
71
65
89
56
87
99
91
70
43
82
95
76
71
99
99
88
78
48
17
84
99
90
72
76
84
99
69
90
93
39
94
99
85
62
83
48
90
80
75
87
95
89
82
74
66
97
99
83
91
95
73
78
99
83
88
78
99
52
67
41
47
99
73
80
94
99
89
84
69
99
89
76
73
79
94
64
89
86
99
94
99
87
63
90
99
69
65
79
38
99
89
61
77
69
39
81
74
91
28
17
84
90
71
64
96
99
62
82
91
95
99
89
83
92
99
87
91
39
61
99
83
91
73
79
16
95
99
86
90
94
43
56
99
40
6
99
11
39
72
88
99
72
61
80
77
56
87
91
83
83
99
91
86
41
71
89
86
82
63
89
72
81
77
86
94
87
77
99
67
99
80
62
29
67
17
93
86
99
89
84
90
82
75
88
88
78
72
82
99
95
82
75
88
78
99
66
84
27
49
99
83
65
91
88
99
84
90
87
94
99
73
89
92
78
94
71
86
99
62
99
83
66
91
43
88
99
73
80
77
69
64
28
94
99
85
89
99
92
79
95
72
79
63
83
61
85
89
99
93
95
60
99
72
79
72
97
99
89
80
99
81
66
55
75
99
78
66
55
28
62
84
92
88
99
76
95
62
87
89
71
64
88
99
80
83
90
94
99
75
89
73
79
64
66
83
99
91
88
62
88
74
99
51
57
81
44
99
76
74
52
96
56
99
69
96
71
64
77
51
39
45
57
79
35
77
67
87
90
99
74
94
99
89
78
99
87
91
71
65
60
52
81
71
99
94
77
88
67
70
51
82
56
73
89
61
82
76
70
64
45
77
93
85
99
99
63
81
73
78
76
78
73
91
81
99
83
23
6
40
82
51
57
16
6
88
77
99
48
8
99
88
71
59
52
95
99
83
16
27
95
40
14
47
66
99
50
56
39
60
74
94
85
64
39
93
73
87
77
97
89
86
82
74
92
95
99
82
91
72
70
95
99
65
72
89
83
66
34
55
73
99
56
53
27
88
99
78
62
66
99
77
88
51
67
91
87
66
77
55
99
77
53
67
61
50
92
84
88
99
75
79
57
81
54
88
99
78
74
55
99
82
91
76
79
88
99
78
17
51
77
62
88
68
71
83
99
91
72
88
64
77
99
88
50
92
87
29
82
36
74
77
87
64
69
95
71
62
99
89
81
65
67
71
44
85
66
96
99
90
61
99
78
75
70
99
73
54
81
57
62
42
45
67
99
78
72
99
45
63
86
90
93
37
77
83
99
39
62
89
99
81
76
78
74
95
50
73
78
80
99
83
91
88
77
94
83
88
73
99
17
93
85
99
89
17
55
48
40
65
55
99
37
73
78
55
99
70
44
89
82
99
91
78
69
87
99
74
78
80
96
99
77
43
52
77
88
60
53
66
54
81
74
95
99
99
77
88
60
53
75
95
99
89
82
93
83
90
63
77
71
99
43
16
45
74
95
99
89
87
99
82
75
91
85
85
89
99
66
55
62
94
98
99
84
88
70
99
65
60
99
81
60
54
41
94
99
72
89
62
99
86
90
93
84
99
54
66
17
23
63
99
89
92
77
77
63
68
87
84
99
81
75
59
84
82
73
76
89
99
87
95
99
90
75
99
88
17
27
7
71
89
64
66
76
48
93
87
84
99
83
99
91
73
29
99
18
71
63
24
60
99
88
53
51
96
99
77
63
88
98
96
85
66
88
98
66
17
7
24
70
96
99
64
89
28
99
77
50
56
93
87
82
75
73
84
92
88
99
77
49
99
89
92
81
99
84
91
88
77
65
77
99
38
62
88
99
78
72
82
87
99
80
62
67
70
95
99
81
76
61
94
99
85
68
99
63
69
66
39
85
90
40
46
75
71
99
64
66
78
50
94
72
81
56
87
96
72
78
90
95
51
56
87
99
99
54
57
69
60
95
99
67
87
90
16
97
99
46
6
99
84
90
93
23
77
98
96
94
86
99
85
90
93
73
54
89
86
92
99
92
86
99
89
50
77
96
99
39
47
61
83
99
91
88
49
96
99
71
83
82
93
88
99
74
17
84
90
73
93
84
69
89
99
92
87
99
50
42
57
88
62
67
73
80
99
73
80
61
77
88
42
45
17
57
69
99
88
29
34
95
99
60
80
51
96
99
85
70
65
99
88
66
77
49
38
99
30
83
49
84
99
90
87
94
99
89
27
76
83
82
99
65
70
90
83
89
99
80
75
83
90
88
73
79
73
78
69
99
89
96
99
83
70
49
36
60
99
53
31
88
55
44
66
22
94
78
99
28
36
52
96
99
66
57
99
72
80
77
66
72
95
99
89
82
30
72
34
61
50
84
90
93
63
80
61
99
77
88
69
72
93
87
99
82
50
84
89
94
77
91
87
74
93
77
95
99
43
84
90
76
88
65
99
16
61
93
82
51
76
98
96
84
87
93
97
99
89
85
65
82
48
95
76
40
94
72
78
87
89
70
98
96
86
91
99
44
65
88
68
99
82
16
6
61
94
99
88
71
64
85
89
49
70
65
99
83
59
88
73
99
76
88
49
18
61
95
99
85
68
94
99
88
71
65
88
99
71
48
43
87
89
99
93
49
65
78
67
62
99
94
70
62
66
55
83
99
91
87
44
38
99
77
88
63
82
99
51
58
73
79
70
64
66
96
87
98
96
85
67
99
69
88
65
61
61
92
87
85
71
94
72
79
69
55
28
98
96
94
86
99
71
64
66
78
49
71
99
64
62
84
99
90
93
62
62
84
68
65
87
96
99
77
88
66
63
82
96
99
67
28
94
99
16
55
99
55
70
28
37
88
99
64
67
79
96
99
82
74
91
43
99
40
46
56
61
91
43
86
68
72
99
81
62
68
88
99
74
79
82
73
93
87
77
90
89
76
79
73
82
97
99
41
88
62
87
94
76
90
79
82
75
89
87
50
50
32
35
81
43
81
99
72
78
69
99
83
91
88
77
93
87
99
80
67
99
89
72
78
39
81
74
39
84
90
60
99
25
19
49
92
86
99
55
83
84
99
55
76
40
99
76
81
78
62
49
67
33
99
63
82
75
28
93
88
88
99
77
59
48
17
81
75
93
73
76
94
87
84
99
99
85
90
52
72
62
93
83
67
89
49
95
42
56
99
29
99
56
74
34
99
73
89
85
52
62
67
94
99
83
99
74
78
80
91
76
79
99
82
59
87
99
63
71
38
77
99
88
63
27
72
94
86
99
82
99
89
92
77
66
52
73
81
55
70
38
99
70
88
30
93
86
88
99
28
88
73
99
17
8
99
54
82
75
72
99
80
76
71
50
73
98
79
71
64
99
58
89
92
82
71
63
66
99
82
72
93
87
99
82
84
89
99
49
40
91
25
67
64
70
93
65
99
78
76
99
76
39
49
89
90
87
76
96
99
76
89
85
91
83
38
72
79
51
56
87
99
70
64
62
84
99
67
90
93
39
94
99
88
65
84
89
94
76
72
95
99
89
84
56
99
79
76
67
63
99
89
85
93
83
77
97
99
40
88
75
94
48
43
16
84
99
66
55
90
96
73
99
77
88
99
84
91
76
74
99
81
60
38
51
17
83
70
86
90
99
84
91
64
67
51
99
72
78
75
71
88
64
80
60
94
99
89
55
77
78
49
99
61
68
99
60
72
38
80
99
88
68
64
16
83
99
91
88
78
81
99
69
62
66
78
61
67
74
81
99
89
72
78
29
77
99
67
70
64
39
72
99
79
69
99
59
88
28
36
84
89
87
99
62
97
77
67
99
88
88
55
99
74
79
62
99
67
77
58
84
61
68
54
99
61
78
39
83
17
49
95
99
84
28
83
91
78
99
94
69
96
65
71
93
52
94
99
88
55
99
88
52
73
57
93
86
99
50
76
51
82
74
90
93
84
99
90
87
94
96
99
62
89
86
93
86
99
83
90
60
95
99
53
85
40
83
92
74
77
98
96
86
93
76
99
89
76
83
61
82
96
99
91
88
70
96
65
62
16
94
82
76
72
61
62
99
67
70
44
99
83
65
67
91
82
74
90
79
50
84
99
90
93
54
99
89
74
50
86
79
99
63
71
91
71
89
62
66
81
88
99
73
80
60
99
88
59
54
50
39
99
45
58
55
93
86
89
97
16
99
86
90
93
61
94
76
78
99
90
98
59
96
93
77
38
99
78
72
29
82
99
76
66
90
99
84
68
65
55
99
88
65
43
78
99
66
89
92
86
59
84
90
93
87
75
78
80
99
90
85
89
91
99
95
84
70
64
44
61
99
55
73
89
78
88
99
73
39
79
73
92
99
85
53
99
83
71
91
64
94
74
78
90
81
48
91
87
83
74
99
81
74
90
51
95
74
78
72
80
60
99
77
53
51
99
81
41
57
52
48
94
99
84
90
88
99
78
66
55
99
84
90
93
87
57
92
40
45
77
99
88
61
71
66
83
99
91
88
77
85
61
89
94
52
72
99
81
6
16
93
86
99
83
90
99
72
78
89
62
99
55
66
45
48
99
84
91
72
52
98
73
79
76
81
76
99
33
51
70
99
48
42
82
76
99
81
71
65
55
88
75
79
99
50
71
93
87
44
62
94
99
88
55
45
69
99
65
88
59
99
88
44
56
77
99
39
72
48
29
87
99
84
92
95
89
87
79
20
92
90
72
87
82
62
99
86
90
93
67
99
61
68
64
70
85
66
89
91
98
95
99
88
50
57
70
65
18
26
55
88
75
79
99
72
97
71
62
78
81
61
92
96
99
86
99
89
81
72
85
94
77
89
85
82
99
39
72
79
47
77
98
64
68
71
16
94
82
92
76
95
99
89
82
42
88
99
78
74
58
73
92
87
79
60
49
94
99
83
90
99
88
71
64
80
99
83
91
76
55
61
93
84
88
99
86
94
64
76
79
71
99
28
35
50
87
99
84
92
72
