5
7
67
10
60
85
81
37
74
53
52
80
29
31
79
97
71
43
38
42
97
8
3
0
1
17
18
19
38
5
58
4
57
60
7
53
19
98
99
97
31
23
40
38
37
61
91
17
72
92
33
34
96
65
37
65
62
63
38
40
97
24
83
23
98
87
84
26
1
20
12
9
98
81
79
75
20
92
36
33
7
78
59
77
74
49
3
46
89
47
54
94
57
53
44
71
44
88
62
45
6
55
5
7
90
77
79
56
15
55
71
15
31
88
14
45
46
21
83
51
70
91
52
90
31
12
50
53
16
15
84
19
44
18
86
54
68
72
56
69
37
38
65
57
36
60
47
17
59
18
5
4
46
99
47
35
33
37
34
36
95
68
64
62
70
55
99
20
98
97
10
11
84
72
83
15
16
6
9
38
51
27
8
25
13
44
59
57
45
50
39
17
28
89
15
10
73
71
68
6
98
72
30
34
75
82
9
6
74
81
24
58
59
27
56
47
16
41
17
44
98
78
96
30
9
92
63
88
79
53
62
63
8
98
96
48
93
98
97
57
23
34
81
25
98
28
90
87
86
30
52
89
94
92
38
58
69
65
57
10
22
70
42
93
96
51
56
77
42
58
18
77
40
17
44
52
85
49
12
9
9
98
97
22
24
45
61
70
47
72
75
61
74
76
95
52
51
37
47
49
44
75
43
40
76
69
43
54
44
96
74
8
62
75
60
55
24
56
45
89
79
45
47
70
36
29
61
58
46
71
27
74
73
71
22
59
62
84
6
57
8
12
76
62
13
14
33
12
16
32
92
81
91
84
54
4
90
25
81
78
61
28
42
62
45
20
65
29
31
27
93
44
45
56
25
1
6
5
39
81
18
20
46
51
33
29
55
59
57
28
37
2
64
32
36
29
31
98
28
32
88
72
29
73
1
2
52
25
27
23
13
16
14
30
28
64
13
11
65
85
12
89
53
2
13
43
99
40
98
41
65
61
54
2
59
93
74
62
67
72
28
29
0
35
25
50
25
49
48
3
3
46
67
69
80
91
20
84
81
32
17
66
31
97
18
28
39
56
30
40
92
93
58
60
50
47
6
4
45
5
23
21
32
35
95
44
79
43
36
45
54
38
39
41
51
51
53
24
52
25
70
2
56
64
61
92
30
93
14
71
20
2
17
18
1
42
51
40
31
26
16
7
8
88
15
70
3
71
4
0
73
22
14
25
74
35
36
33
41
37
72
34
33
74
95
83
84
99
26
14
79
12
95
10
35
5
2
89
83
88
43
92
31
66
94
26
16
19
39
21
49
21
18
50
17
92
73
89
87
74
72
46
73
71
15
80
17
29
79
31
22
3
36
80
1
72
38
78
52
51
59
39
6
5
89
69
77
62
81
82
48
49
53
47
81
17
50
88
43
62
96
10
63
12
11
86
83
85
63
68
35
10
11
33
4
14
7
0
60
8
40
57
9
96
77
8
39
13
69
11
83
12
47
49
80
9
25
27
33
8
37
96
44
39
98
93
92
25
94
26
37
88
56
90
38
53
71
69
56
68
30
79
29
32
22
23
95
93
21
67
87
20
19
80
86
47
57
8
55
88
28
27
75
7
25
73
13
78
75
76
65
89
4
67
90
70
63
61
62
96
3
69
22
49
2
59
92
91
90
57
35
73
74
72
34
52
55
53
33
54
43
45
74
12
83
57
77
58
98
80
99
41
15
3
42
75
74
73
86
19
86
88
57
10
37
44
39
60
43
63
88
92
1
40
41
4
72
2
77
5
43
11
46
59
58
8
50
67
52
22
9
66
6
64
7
10
23
48
37
34
46
1
83
3
2
42
32
45
90
43
50
53
32
60
29
1
8
3
83
95
82
17
31
12
29
34
93
28
45
44
78
50
49
79
54
72
74
36
9
7
39
10
18
37
17
29
26
54
27
93
66
62
40
67
65
91
7
31
90
29
80
93
30
29
86
94
56
48
92
50
86
10
42
5
71
44
90
60
59
74
54
31
11
57
58
69
59
35
72
91
38
90
96
95
92
13
8
28
12
35
58
4
94
3
81
16
45
14
44
43
88
63
42
44
48
96
35
97
88
72
72
14
18
13
20
2
3
43
70
68
14
4
26
13
1
18
75
76
78
29
15
19
70
83
89
87
88
55
89
8
55
83
82
71
81
2
40
46
7
0
93
83
92
91
6
77
28
82
85
42
41
31
21
23
22
93
90
39
64
35
31
42
0
93
29
77
3
1
79
85
5
99
68
98
97
50
46
28
31
29
57
89
61
59
88
87
90
12
16
13
51
45
43
81
53
14
30
12
26
92
0
78
62
58
82
34
20
19
37
21
7
11
54
80
27
78
35
23
29
9
80
79
86
75
1
49
10
9
62
46
38
32
40
31
4
29
59
20
79
37
34
37
95
49
32
58
49
15
9
12
90
69
73
54
55
14
45
43
31
51
42
55
3
4
79
98
97
19
22
24
13
11
26
14
0
11
69
83
12
28
86
6
57
58
84
76
34
36
35
63
24
51
42
49
43
48
74
31
32
61
82
57
40
60
83
63
99
95
58
60
26
5
70
4
71
6
98
60
79
57
33
30
27
90
31
90
58
31
65
93
43
41
96
27
7
51
23
30
25
28
44
41
35
40
69
23
53
36
46
54
2
83
75
28
5
79
64
83
34
84
34
20
57
8
59
88
68
69
25
83
35
26
36
25
22
8
19
13
65
6
56
58
96
95
67
83
30
81
27
29
90
58
56
17
89
65
82
66
83
79
98
50
92
96
97
88
55
58
68
86
30
93
51
94
95
69
73
95
64
66
27
94
83
24
26
52
83
15
55
14
37
35
68
43
73
29
26
43
40
27
35
44
59
40
41
90
48
49
87
96
25
26
24
7
4
37
31
80
39
86
20
4
71
70
69
20
34
45
43
39
12
66
74
15
19
89
85
87
35
84
47
13
65
64
61
53
70
13
54
52
98
57
55
37
40
86
56
92
93
85
7
4
87
89
86
31
32
68
18
54
85
4
5
82
76
12
15
59
58
73
53
20
86
99
54
11
26
74
10
28
11
47
10
43
46
59
61
30
28
5
62
18
23
22
60
44
23
32
78
74
27
98
72
57
95
82
80
81
21
54
75
0
15
14
78
11
3
79
75
10
42
20
21
58
87
4
3
87
31
84
57
44
45
74
71
76
52
77
79
27
27
66
24
82
67
56
98
91
18
99
14
15
76
71
69
8
14
82
9
10
17
16
11
60
62
92
48
89
53
49
7
19
25
16
31
46
2
43
45
1
82
34
36
49
53
10
99
92
90
1
89
61
13
11
14
98
86
68
99
4
38
74
35
36
90
8
68
39
66
2
87
92
88
76
27
21
39
25
24
45
57
75
56
84
90
23
65
26
25
24
64
23
2
75
22
3
32
86
84
83
94
84
60
54
39
62
69
3
65
87
94
30
88
15
59
87
52
49
50
54
14
4
61
48
60
71
64
43
65
63
99
46
6
97
7
88
49
52
47
45
87
84
29
81
82
9
24
95
22
0
15
48
4
8
3
61
62
21
51
54
13
23
59
11
61
17
18
25
14
91
16
88
7
75
74
36
24
58
60
59
70
39
2
1
96
3
36
71
89
77
37
98
48
50
49
84
72
75
73
41
58
55
87
54
42
31
23
33
84
24
45
87
21
84
78
37
52
82
51
53
85
24
47
78
67
36
5
95
70
25
54
80
57
78
58
32
29
10
25
30
94
99
38
34
79
8
58
6
66
57
40
9
41
67
37
23
25
54
30
57
50
93
53
23
95
54
32
34
55
56
83
5
0
49
9
49
69
21
13
66
16
11
12
13
10
84
26
97
23
9
93
48
91
69
21
48
83
82
85
52
59
25
24
20
40
28
86
79
83
84
98
97
87
96
89
79
63
64
81
77
78
76
69
70
25
91
2
24
22
5
85
87
84
49
51
61
60
85
30
62
43
8
63
87
37
76
81
69
2
68
38
3
37
42
66
42
24
12
25
26
9
1
0
12
3
68
99
72
12
9
53
52
93
33
54
68
67
18
54
69
18
88
56
17
81
28
36
35
26
54
95
29
70
37
36
22
96
47
95
74
21
20
67
22
81
55
7
35
47
49
37
40
35
39
14
69
14
80
77
46
34
48
23
47
82
89
86
85
91
90
9
14
15
13
90
72
81
63
95
94
4
87
3
13
10
64
53
68
63
49
35
99
31
38
40
34
33
85
59
35
45
65
84
61
73
43
40
41
52
50
58
54
74
73
75
91
93
9
11
62
96
7
10
56
98
95
56
96
58
3
18
16
63
81
78
46
87
86
85
8
79
41
80
90
88
79
47
4
7
5
1
32
31
2
7
27
10
9
28
84
34
50
25
47
26
16
63
20
74
59
89
3
97
98
88
50
19
51
69
52
47
94
93
61
46
32
31
70
59
63
14
62
63
64
52
39
51
2
85
84
88
17
52
18
51
92
78
22
77
76
34
43
57
64
44
2
82
80
91
6
87
35
14
15
16
43
30
45
44
87
3
62
64
6
42
80
67
77
68
18
37
69
91
94
1
4
1
17
55
6
9
19
23
20
90
21
11
71
13
20
53
76
46
43
50
84
71
67
33
68
12
62
60
46
59
73
76
51
5
8
81
26
85
79
28
83
72
36
40
24
38
39
3
40
85
25
5
23
31
32
0
52
51
36
2
17
27
19
15
54
31
34
81
77
33
77
0
96
99
97
83
65
39
41
82
13
69
14
8
67
57
46
56
68
5
35
67
36
37
71
26
25
47
33
23
83
49
46
73
84
64
69
42
12
68
73
90
74
88
91
50
96
52
56
97
79
74
62
3
16
33
88
32
78
21
50
42
55
41
65
96
4
25
37
46
7
35
5
6
59
66
65
96
0
64
78
23
90
92
26
92
58
20
88
90
88
78
36
41
44
71
41
83
62
63
26
46
66
67
25
58
92
59
35
67
47
36
37
59
38
32
33
30
88
34
19
97
17
98
75
88
6
89
86
28
10
22
9
25
20
4
46
68
70
2
57
45
85
56
59
70
72
83
74
69
80
43
29
84
32
83
80
78
5
6
62
72
77
60
61
41
38
67
37
88
25
46
21
49
20
56
89
91
62
63
93
85
15
89
58
86
94
91
89
44
10
51
91
89
69
49
85
70
50
20
20
96
0
1
84
50
11
9
8
33
40
61
39
58
38
57
1
2
3
0
31
37
38
70
40
31
58
33
15
17
37
32
1
35
0
83
95
81
24
22
12
22
23
24
64
30
58
18
22
45
54
68
56
20
37
69
73
76
71
25
66
63
49
50
46
92
70
59
61
94
1
98
99
0
66
68
25
47
55
24
19
56
84
55
18
55
86
17
56
15
75
6
66
7
13
26
81
60
80
82
96
97
34
98
37
73
89
81
76
24
48
11
45
44
41
1
57
58
3
39
47
3
49
15
74
78
8
10
6
2
76
60
63
64
75
17
26
62
25
18
2
1
91
89
90
45
89
21
95
84
90
82
78
4
94
10
36
19
45
43
87
26
95
96
52
74
3
2
19
20
2
38
51
52
36
36
15
14
62
16
20
65
40
22
38
65
95
32
40
66
75
46
43
72
74
10
77
12
11
78
22
51
28
36
23
