0
30
40
3
35
7
30
0
55
7
27
3
20
40
30
40
23
15
0
50
32
15
33
36
15
10
30
43
28
37
15
30
10
27
45
24
2
40
47
23
13
5
35
0
5
37
10
27
5
25
52
37
35
40
2
12
45
15
0
40
23
2
26
15
30
55
15
50
10
12
8
15
32
23
36
15
42
33
8
40
45
45
31
5
0
15
20
35
12
22
35
40
45
38
13
45
22
40
17
5
0
55
35
20
0
30
0
40
43
0
50
25
46
17
38
27
25
22
0
50
30
12
42
42
27
25
10
25
37
20
15
50
30
42
0
32
8
22
42
17
27
20
50
10
3
11
5
25
0
30
15
5
30
43
23
30
42
12
25
35
7
45
35
3
15
17
15
20
12
45
22
22
42
5
15
40
50
40
45
8
3
32
5
0
20
35
10
22
17
13
45
22
43
30
45
40
35
15
7
17
37
20
35
7
37
2
46
32
15
25
10
48
25
27
40
30
40
12
31
12
32
8
15
37
25
33
25
12
10
45
30
7
40
3
10
5
20
30
7
45
37
0
18
32
42
22
28
31
25
33
15
36
16
27
45
40
0
28
35
0
20
22
5
50
43
20
50
40
15
0
12
7
40
5
15
25
25
3
30
45
40
52
35
5
30
2
45
35
42
39
25
37
5
50
33
0
37
30
42
5
27
5
50
15
3
35
28
43
31
25
37
5
23
0
35
35
50
7
33
8
36
18
35
47
8
32
37
35
17
10
45
50
32
42
15
35
35
47
20
40
50
13
10
37
25
5
30
57
37
8
17
18
10
50
40
0
30
20
3
50
8
11
5
5
40
30
20
50
15
8
15
12
25
5
52
10
50
30
20
15
37
25
35
45
35
23
26
17
45
44
42
12
25
38
0
41
40
30
13
45
30
55
40
27
10
5
35
55
10
18
32
28
0
5
40
32
13
10
38
20
12
40
25
20
30
55
25
42
2
10
47
27
0
30
45
38
0
40
7
25
48
15
8
50
42
15
40
42
5
50
42
31
8
10
35
15
42
38
12
23
3
40
38
43
0
23
13
5
0
50
38
40
22
30
27
5
42
45
2
20
15
20
55
5
45
40
5
32
17
20
45
55
35
0
12
13
20
38
15
43
20
30
48
53
20
30
7
35
50
0
5
15
43
0
50
35
30
35
40
7
42
12
35
7
0
45
5
15
37
8
35
10
38
15
5
12
32
20
3
15
28
10
50
8
18
35
22
10
35
20
5
43
25
20
5
5
43
25
15
25
10
18
28
30
28
5
15
32
27
31
40
3
41
27
0
22
32
0
13
25
2
15
10
37
9
0
37
50
28
37
0
28
17
2
10
0
40
7
38
18
35
10
25
20
27
35
33
37
27
25
38
45
35
0
25
40
25
50
40
33
50
45
40
13
45
30
55
32
5
18
38
32
8
12
25
50
25
10
5
15
35
23
35
23
5
27
5
25
10
48
15
10
38
27
10
15
3
45
25
10
38
5
42
27
33
15
40
2
50
37
45
50
8
11
20
27
3
37
3
40
50
15
38
50
22
18
25
45
30
12
35
50
40
30
20
45
25
50
55
25
3
37
15
10
55
45
7
3
0
5
33
20
32
7
43
33
12
12
27
20
25
43
3
7
33
17
0
27
25
5
50
32
20
10
40
43
0
20
33
0
15
16
23
30
15
40
23
0
45
15
28
40
31
40
50
49
15
50
27
10
50
55
5
0
38
32
42
0
43
10
25
22
5
50
28
10
30
5
25
40
2
0
50
30
50
40
15
32
43
42
13
45
2
25
50
22
10
40
10
48
15
23
42
25
45
40
0
10
0
52
43
51
50
35
45
7
10
50
22
2
30
50
23
7
15
28
20
25
27
2
42
30
45
8
38
30
50
25
13
33
3
35
6
5
37
15
15
0
48
38
30
47
40
18
12
40
10
22
20
38
0
20
47
32
2
38
22
28
30
5
35
15
8
45
46
50
33
45
7
10
25
32
0
45
50
12
35
50
35
15
52
5
22
10
22
5
48
40
3
28
42
30
50
37
30
50
12
34
5
10
0
55
12
2
27
33
5
50
13
21
0
38
25
45
40
50
45
5
13
16
37
0
25
43
23
0
30
13
20
2
20
6
25
35
6
43
22
15
40
41
45
37
22
0
45
50
0
12
43
8
30
45
55
27
10
32
17
43
28
0
5
55
5
40
30
45
8
25
3
5
0
30
35
25
5
10
20
18
0
7
45
50
47
45
20
35
27
17
0
10
48
53
32
5
10
40
12
35
30
5
52
22
10
45
22
33
42
10
35
15
27
45
43
11
7
40
0
25
15
28
38
2
25
50
55
30
5
55
40
0
20
5
50
37
45
30
5
27
42
40
10
48
35
37
44
33
37
23
10
2
13
0
22
15
50
45
30
53
40
10
30
2
20
12
35
45
10
30
50
55
25
18
24
45
44
27
25
20
13
40
20
55
27
17
25
10
22
26
5
15
55
30
17
15
25
13
35
7
20
0
40
50
7
0
32
40
45
10
17
0
48
52
45
46
50
22
17
25
7
40
12
15
8
14
45
22
27
15
50
55
15
48
2
45
40
18
13
45
16
0
50
8
20
2
40
28
20
30
27
15
50
33
12
45
25
0
13
15
40
22
35
7
20
35
30
50
30
35
55
15
40
55
28
40
18
45
3
46
5
0
45
30
13
50
45
50
48
2
22
20
0
33
10
15
30
7
0
11
40
45
10
25
7
43
20
8
10
50
45
0
15
18
10
5
0
45
55
35
10
38
20
45
37
10
43
45
30
50
35
8
27
45
25
38
32
45
50
55
10
50
41
0
30
55
13
2
43
45
30
55
35
50
43
27
7
15
37
15
47
35
50
12
40
8
22
40
35
15
32
22
35
32
7
38
7
27
20
42
5
0
22
10
47
12
10
17
30
50
0
25
30
48
45
50
3
37
13
40
17
27
8
0
18
50
45
13
5
35
0
55
35
12
27
41
0
10
43
48
40
25
43
35
37
2
18
37
33
3
35
8
48
0
20
50
45
50
55
8
23
0
17
35
15
15
5
55
32
15
0
2
43
20
2
28
45
45
15
30
26
20
13
35
10
20
41
35
3
27
5
50
10
25
47
18
27
45
30
0
37
45
10
20
45
12
27
15
37
41
40
50
22
45
35
3
40
50
55
12
45
25
2
35
15
13
0
37
35
43
5
45
8
0
0
48
27
30
5
47
30
45
10
2
35
50
32
42
37
2
20
13
43
23
10
25
30
55
35
48
17
10
0
5
25
45
15
10
27
40
30
25
53
21
0
51
27
15
42
40
50
51
45
20
12
20
37
34
25
18
8
18
0
30
22
17
13
10
20
30
40
22
5
40
5
30
15
2
32
0
50
49
