90
27
2
99
69
47
0
99
49
19
70
99
99
71
80
99
74
52
99
73
93
80
42
7
86
42
66
90
51
22
84
99
78
71
99
67
56
99
93
24
83
55
25
99
93
64
26
83
64
90
59
99
60
78
92
99
82
99
92
83
66
99
78
29
99
95
99
74
83
62
99
92
99
45
8
75
99
69
28
93
71
94
62
88
99
79
86
75
36
99
66
86
99
77
99
93
20
83
99
99
79
72
53
87
99
23
96
58
66
99
89
99
61
85
99
66
72
57
91
99
37
96
73
61
99
79
71
99
76
95
41
80
50
86
61
55
99
77
82
99
62
16
94
0
17
67
86
99
93
53
57
99
96
75
26
0
29
99
80
98
73
95
69
99
63
42
88
99
58
99
87
44
84
61
53
89
99
99
73
78
82
54
95
99
78
71
76
99
83
89
64
95
62
93
99
32
81
99
78
99
89
75
49
69
99
83
74
87
58
99
85
46
99
22
82
0
47
11
79
99
67
62
57
99
85
99
74
67
88
99
82
33
80
99
6
99
93
81
45
76
99
68
96
52
94
65
99
84
45
99
78
92
30
75
99
86
99
93
99
29
60
82
99
92
27
83
57
99
75
91
57
99
95
60
21
95
95
99
89
99
51
83
75
99
55
82
99
76
74
99
67
44
82
53
96
63
99
99
70
41
50
91
63
26
99
95
93
70
99
96
42
68
99
89
64
38
77
88
65
85
99
99
90
63
36
72
99
99
85
63
78
49
99
86
15
52
85
99
93
39
62
82
17
87
74
94
61
99
74
25
48
99
80
71
99
78
9
17
62
81
72
99
65
99
94
36
70
21
0
23
99
95
78
13
45
44
92
85
81
60
99
68
99
80
99
66
71
25
76
0
44
84
99
28
72
86
99
76
71
66
36
84
94
70
99
26
71
44
97
65
44
79
99
93
99
84
61
73
94
53
51
84
99
79
46
99
93
40
3
43
88
67
99
74
49
55
77
96
99
25
63
36
95
75
99
60
85
82
99
75
83
54
48
81
53
99
30
90
79
99
82
15
41
99
95
99
23
96
58
99
93
99
74
51
23
90
99
67
26
0
51
99
96
99
80
71
20
66
83
71
99
94
80
52
11
92
99
82
18
68
90
77
42
89
25
70
0
79
54
87
87
63
4
24
71
99
99
46
93
9
44
99
58
99
81
87
65
99
79
99
62
99
30
67
96
99
3
92
99
85
99
12
44
48
90
83
27
61
67
52
99
95
41
99
94
71
99
91
23
99
76
99
78
42
23
87
74
24
78
99
92
60
99
44
96
73
89
29
68
93
49
73
26
87
99
11
52
99
41
99
94
27
80
99
99
70
55
99
62
75
99
68
80
99
80
91
99
57
94
63
99
69
85
59
89
99
74
95
95
71
99
48
85
56
99
89
16
85
24
99
45
74
99
77
99
90
99
8
35
22
99
58
99
8
84
93
63
11
99
82
3
11
50
97
60
99
93
97
52
71
99
25
1
74
99
65
52
80
56
12
80
67
49
99
6
45
99
93
71
98
65
55
82
99
99
74
92
99
71
43
70
99
76
26
94
64
70
96
99
71
45
86
99
34
94
99
67
91
99
62
95
99
84
65
61
99
75
66
41
82
60
83
99
85
37
11
39
6
53
60
99
95
53
88
99
82
18
73
45
87
60
80
99
71
80
99
93
99
67
62
99
59
79
82
99
76
76
38
99
94
99
79
66
19
0
99
91
19
35
99
62
86
66
99
46
90
70
79
49
99
78
45
99
80
49
13
59
92
99
99
95
42
29
99
90
95
10
99
84
45
7
80
99
67
99
76
88
22
99
82
32
71
87
86
57
99
53
99
84
66
89
99
46
78
99
92
74
99
65
20
99
60
94
64
15
99
51
98
67
94
83
18
58
80
37
99
93
68
99
24
99
87
51
17
99
99
44
81
99
65
52
81
99
94
99
85
65
95
68
99
55
99
95
89
52
10
73
99
89
19
72
99
99
82
93
25
67
99
59
99
95
38
95
72
74
99
84
20
60
99
64
99
81
99
63
86
99
56
95
99
68
62
72
98
76
49
96
84
25
69
90
74
99
84
28
87
70
53
93
21
24
80
67
97
26
67
99
45
94
72
99
86
92
52
11
43
81
99
19
78
0
78
14
45
86
99
93
63
91
99
24
79
55
12
45
99
67
99
83
49
99
80
78
30
99
24
85
99
99
86
68
27
59
99
99
40
66
81
66
88
46
99
70
97
25
90
25
81
99
99
24
82
38
99
68
77
99
86
47
99
95
46
79
50
16
89
47
19
78
99
55
90
61
99
72
62
99
29
82
99
92
51
51
88
57
93
38
69
80
52
99
88
60
99
99
24
72
66
87
99
41
99
69
99
73
80
47
99
94
99
68
77
85
99
80
99
76
95
99
83
90
25
99
59
99
71
80
64
99
72
19
84
99
15
80
52
62
99
97
94
48
61
99
54
89
45
74
83
14
98
56
61
42
80
88
64
99
44
99
93
13
99
61
88
65
95
99
66
76
81
57
99
99
95
50
46
99
76
19
98
51
99
69
52
99
76
62
99
52
93
99
80
65
86
43
15
70
22
99
23
61
81
99
63
67
99
86
56
99
59
88
99
14
62
99
77
88
87
59
99
43
99
84
73
35
99
99
40
95
72
95
48
15
99
94
89
24
0
25
65
99
99
73
46
82
99
93
65
99
83
48
18
55
99
72
62
58
96
64
78
20
55
64
93
99
54
85
99
99
87
74
21
99
67
99
20
71
80
99
91
99
67
63
89
50
72
34
99
90
9
99
42
99
74
90
29
58
68
99
81
23
89
4
62
99
52
93
31
76
99
84
99
26
80
56
99
15
99
48
99
81
73
25
95
68
22
82
77
28
69
86
99
86
92
74
55
84
88
53
99
99
80
76
99
18
87
99
55
76
43
90
99
78
99
70
99
81
49
69
88
62
99
27
93
47
87
60
71
99
4
20
99
64
87
55
0
99
45
94
80
40
99
60
91
99
99
90
36
99
75
71
57
99
68
99
71
78
41
99
96
52
74
57
99
80
63
56
99
96
84
48
99
24
99
70
58
98
75
99
44
62
78
99
51
13
56
82
65
99
89
72
99
85
71
99
86
99
58
82
99
64
94
93
30
72
79
99
71
99
68
85
52
86
58
46
70
99
58
92
99
28
52
0
73
99
87
99
92
67
77
99
95
22
99
93
53
21
67
99
71
95
23
83
0
92
23
75
87
63
98
99
78
53
59
96
99
27
96
89
95
70
99
55
91
51
65
89
99
98
71
94
85
49
99
67
99
71
22
91
77
99
68
91
79
99
91
49
90
99
25
95
99
16
49
60
99
68
80
63
92
45
99
74
94
80
42
50
26
99
92
