20
67
43
89
2
95
7
53
77
27
58
34
15
82
2
79
12
59
92
36
89
25
44
64
7
61
13
73
84
94
47
32
65
6
19
59
43
36
53
82
58
23
76
42
92
84
60
21
5
37
65
43
5
21
89
7
89
45
26
65
89
43
7
24
66
77
39
96
58
20
30
10
47
66
88
95
35
10
81
58
41
76
17
92
58
83
64
43
5
22
99
0
0
0
0
72
46
93
23
3
89
66
45
6
24
87
37
17
6
57
2
45
70
80
17
67
89
32
51
10
75
0
94
46
15
65
80
5
40
17
93
76
54
9
31
18
91
64
4
37
43
67
89
1
19
89
42
28
64
7
6
66
19
90
39
23
13
76
52
9
5
21
94
43
69
42
25
82
8
61
93
22
72
47
3
29
7
77
60
44
44
24
89
6
66
64
82
48
29
10
74
6
24
93
47
71
24
92
5
47
52
72
12
92
33
27
28
6
58
84
90
69
29
9
49
0
61
14
39
88
51
73
91
28
7
6
45
24
67
91
44
23
92
59
75
99
99
99
99
99
7
77
95
52
28
46
5
94
75
15
42
5
89
19
66
71
92
5
22
46
93
74
45
16
0
25
65
46
5
88
40
6
53
89
68
3
65
39
91
19
52
6
93
27
75
99
37
83
10
62
29
79
49
93
66
77
36
95
52
11
15
92
33
72
53
7
56
97
80
30
92
74
30
52
9
73
2
44
20
93
69
18
42
3
93
93
10
75
56
33
90
6
40
16
67
46
30
5
60
18
4
33
50
18
91
91
51
73
29
8
26
73
6
93
50
68
49
10
88
30
68
90
24
45
7
12
52
71
91
34
97
8
57
39
22
11
36
74
57
92
2
27
99
58
86
97
11
35
82
59
27
7
94
73
49
8
30
76
19
93
9
73
30
51
92
70
48
91
27
7
4
49
93
22
75
50
8
29
69
91
92
70
6
25
47
64
83
45
25
98
67
8
89
27
48
49
70
90
23
8
77
50
95
23
3
24
47
90
5
69
29
9
73
50
92
72
32
3
15
52
27
50
93
74
7
85
29
42
83
18
94
9
77
30
53
0
16
90
64
80
78
93
15
40
60
31
73
8
93
52
91
71
27
6
50
20
38
56
75
91
17
69
92
41
3
75
21
56
92
39
22
6
89
66
42
32
48
68
9
92
72
7
93
49
27
94
25
80
44
9
14
99
70
36
57
5
37
16
90
65
39
75
57
17
91
91
47
69
10
28
21
7
88
62
40
4
73
22
92
47
59
79
8
32
94
80
6
99
25
51
40
7
83
21
61
5
69
22
91
45
6
48
92
71
25
59
93
13
80
38
43
58
27
86
71
98
54
20
82
0
75
7
26
49
94
25
7
46
70
92
14
91
18
51
6
8
58
75
42
24
42
66
89
5
18
73
6
49
25
94
7
25
91
70
47
44
9
28
85
64
60
85
6
40
21
7
70
49
91
27
74
25
93
5
50
11
77
58
36
92
70
90
8
30
50
31
10
77
99
49
32
92
53
10
71
31
9
71
50
92
84
48
64
32
11
24
69
47
92
5
93
51
73
7
28
28
73
6
93
52
31
78
8
94
57
95
79
20
43
61
51
92
9
72
30
7
92
70
26
47
85
38
65
2
43
92
22
39
58
76
7
76
52
95
28
6
72
48
25
92
35
67
89
24
14
31
54
9
92
75
6
91
70
25
46
47
91
7
71
24
48
71
92
26
6
25
47
88
7
67
37
84
1
81
78
44
59
76
90
15
88
5
45
25
64
9
45
75
88
6
73
49
6
25
93
29
77
94
53
7
78
94
48
8
47
42
61
23
83
5
64
87
9
40
24
43
33
59
94
19
70
36
53
20
5
54
36
89
45
13
93
32
80
64
48
94
9
32
57
77
11
98
85
36
61
93
28
8
51
75
93
51
75
26
5
76
5
52
94
26
26
37
10
52
97
89
47
23
68
3
7
72
27
92
50
72
92
24
48
7
59
22
79
40
5
30
74
56
6
91
68
91
43
7
26
76
49
73
24
8
49
37
30
76
60
10
85
67
34
63
52
96
8
76
29
5
67
45
89
22
63
24
86
8
41
35
74
92
13
55
69
48
26
7
90
27
90
48
69
7
8
49
89
70
29
32
92
72
53
16
31
19
8
79
1
45
91
69
24
6
34
56
93
77
10
52
4
95
25
77
3
20
45
73
94
99
99
99
99
99
99
68
28
0
0
89
49
12
32
71
7
24
90
71
49
58
91
17
38
77
89
22
43
67
5
93
76
25
51
7
49
3
32
72
19
90
70
7
29
49
91
24
70
46
6
34
71
54
90
11
47
89
9
27
70
41
0
39
53
0
78
95
9
35
58
13
35
55
76
92
99
10
85
33
59
93
54
77
7
29
74
8
51
30
95
69
18
41
13
94
33
91
8
50
81
36
10
79
70
93
80
95
58
7
31
94
8
31
53
74
9
34
81
96
58
29
71
81
65
0
20
7
90
71
53
29
65
10
86
49
43
54
30
4
65
72
5
47
24
94
34
54
74
15
93
28
0
89
60
32
1
16
58
43
75
5
67
21
90
43
81
58
34
95
10
52
29
74
92
8
29
56
81
7
98
22
65
90
44
4
47
70
5
24
92
43
11
62
82
26
92
29
51
8
72
8
27
49
90
70
99
4
46
25
60
39
63
5
22
87
94
39
23
59
78
66
46
88
27
8
50
30
10
90
68
0
13
92
42
71
55
32
78
97
7
51
22
0
73
91
44
88
66
24
6
90
46
28
8
69
0
66
90
61
28
28
84
74
95
62
24
40
66
3
92
27
92
70
47
8
52
65
9
25
41
43
63
23
6
85
48
91
6
69
24
5
22
69
89
46
77
57
15
95
38
6
40
95
21
66
24
45
65
86
7
99
32
60
82
8
73
91
55
33
10
59
5
39
23
91
56
83
95
71
8
94
59
36
11
77
8
5
93
67
38
48
6
72
25
93
37
19
51
46
62
96
81
59
33
9
91
4
50
70
22
58
23
93
3
76
93
61
76
25
43
27
6
53
79
96
77
49
93
6
23
48
91
25
7
70
42
85
64
15
96
6
95
50
75
27
43
91
28
73
15
97
76
60
87
8
54
93
75
9
32
25
85
7
52
26
90
69
6
24
46
44
78
60
9
27
54
5
76
89
99
69
46
24
91
6
49
24
81
92
4
8
35
63
90
4
3
89
43
49
13
71
5
48
93
24
6
85
41
61
22
90
52
70
9
30
21
65
87
43
2
38
82
94
66
13
8
25
86
43
63
34
11
53
90
72
93
56
8
74
33
6
42
92
70
32
92
50
78
24
2
93
6
72
50
26
48
92
59
21
32
84
34
66
22
47
65
8
95
32
50
53
73
7
23
38
7
56
24
69
39
0
99
99
0
99
57
93
34
10
77
34
79
95
57
11
1
33
12
86
68
43
69
24
92
6
6
26
92
48
71
7
91
28
71
50
11
42
31
69
66
21
70
46
92
3
26
57
13
0
42
51
71
30
91
9
58
5
19
32
46
73
44
12
94
5
82
66
29
49
9
43
6
65
88
21
28
90
48
69
8
54
30
78
8
96
97
55
81
9
30
74
27
51
94
6
19
43
5
67
89
92
8
31
55
77
24
91
5
49
70
73
3
94
51
26
78
94
59
11
36
85
66
47
28
8
62
49
87
93
9
12
35
54
92
73
71
48
6
26
91
32
58
87
92
82
48
7
24
69
90
88
5
22
66
43
13
75
57
38
92
41
95
57
11
80
72
53
34
91
13
50
7
93
73
26
14
93
37
79
59
81
59
16
3
38
38
57
23
83
6
50
95
78
23
5
80
61
13
35
96
65
40
89
2
15
81
25
18
75
9
94
13
81
60
37
7
66
27
48
87
76
48
3
94
18
90
7
19
67
41
9
91
49
70
29
58
27
92
8
74
51
24
94
5
77
32
79
95
57
9
66
80
30
83
72
91
43
67
5
22
92
29
71
49
9
8
57
77
94
30
92
11
71
40
0
96
53
29
8
78
57
99
29
6
84
55
93
35
9
44
31
9
74
92
54
50
28
92
8
72
24
92
71
5
48
73
8
91
53
31
54
72
91
30
9
68
90
46
2
20
49
27
91
71
7
53
92
8
73
29
8
56
78
31
93
34
59
81
9
98
5
90
68
42
20
7
28
73
92
50
1
64
17
87
41
23
58
39
76
7
0
31
54
77
64
51
69
88
30
9
65
5
22
43
90
21
45
71
4
91
27
70
88
48
6
78
56
10
33
95
79
65
51
93
36
31
58
99
86
7
68
49
28
9
88
3
90
42
67
19
88
42
25
7
65
0
37
90
59
18
56
30
43
7
17
99
84
32
57
9
28
76
51
7
95
62
23
76
39
94
72
51
92
29
8
74
94
36
7
42
92
62
44
27
79
27
92
72
6
48
8
92
51
29
72
65
98
46
22
84
79
0
96
48
17
23
92
4
72
47
93
35
76
61
10
78
63
8
45
27
6
24
87
63
43
42
23
58
77
94
24
68
46
88
4
6
69
48
90
26
37
15
75
93
55
73
52
92
30
9
50
74
93
7
28
26
92
51
73
5
42
21
63
5
85
55
34
75
94
12
13
90
25
67
45
77
53
8
29
95
64
87
95
18
96
11
71
90
34
51
40
91
0
67
13
48
91
70
27
7
41
5
90
66
18
26
45
67
7
89
94
22
71
4
50
78
3
36
59
93
48
70
92
27
7
9
32
76
93
56
9
57
84
34
99
56
34
79
9
96
8
52
96
76
29
58
18
38
95
78
44
8
26
60
84
19
6
51
68
32
38
18
5
86
59
89
7
45
27
66
14
94
40
81
63
89
18
5
40
64
78
61
12
38
92
63
7
87
45
25
82
64
46
29
29
71
44
18
3
92
40
14
27
82
89
86
99
26
58
5
10
60
77
93
34
23
6
95
77
51
68
89
34
20
56
7
51
28
75
95
46
91
70
7
26
16
76
94
61
43
47
90
25
71
8
24
89
66
42
6
36
9
82
59
12
79
94
58
8
33
82
7
31
56
96
91
7
47
25
70
92
53
73
9
33
94
74
35
52
17
56
96
11
84
74
76
34
11
56
94
51
5
26
74
93
77
94
57
38
14
93
8
52
30
73
56
35
89
73
6
20
40
65
89
5
58
14
77
95
37
95
31
56
81
8
33
72
75
17
21
69
24
6
46
91
94
79
56
28
4
91
42
3
20
67
27
8
68
46
91
88
66
42
4
21
78
19
53
36
5
47
23
93
73
5
28
72
91
8
49
8
56
78
30
95
65
14
0
91
38
72
37
90
21
53
75
40
50
91
64
54
77
38
91
14
18
60
37
76
92
65
9
85
46
27
91
49
7
27
68
3
90
44
21
68
21
7
72
39
55
9
45
26
91
65
41
74
81
0
25
93
7
48
72
26
48
57
92
53
17
93
18
39
76
60
43
92
70
35
7
28
92
7
51
73
38
85
6
22
57
87
7
43
62
23
25
7
49
92
72
9
90
72
28
52
98
26
59
40
9
73
40
20
56
92
26
6
54
81
98
61
16
37
82
97
31
13
84
66
49
36
3
17
75
55
41
61
81
14
96
38
88
19
52
68
20
4
39
58
76
35
13
74
92
57
