81
89
84
74
89
5
75
29
82
82
89
66
98
81
99
60
95
59
96
69
93
42
92
76
95
98
79
22
79
51
91
27
85
56
27
77
53
90
64
92
62
93
80
91
95
94
56
38
60
80
82
66
81
57
86
79
95
46
91
62
83
96
92
36
66
89
59
78
75
80
98
91
98
88
99
95
83
65
67
80
91
75
93
90
90
82
50
95
65
42
86
72
87
66
98
91
95
72
82
63
76
74
34
92
45
77
67
61
90
84
98
98
77
57
72
95
98
81
92
93
74
38
92
63
36
87
72
98
90
48
84
51
94
47
90
99
82
65
92
86
63
48
99
90
26
96
65
67
62
97
79
61
63
87
35
70
93
30
59
94
82
77
75
71
57
45
99
78
99
69
87
44
61
74
71
76
79
97
54
95
67
57
68
93
56
95
32
78
94
82
73
36
72
82
84
60
31
66
53
51
71
81
95
88
63
35
83
66
93
70
97
95
83
57
72
94
47
88
81
86
81
80
58
92
95
82
40
96
67
93
69
97
86
91
36
88
92
79
77
52
80
88
64
70
97
96
65
86
85
63
88
87
36
71
62
85
79
66
58
59
53
86
98
99
86
79
80
79
63
45
53
54
99
58
69
66
96
92
75
84
87
67
89
84
88
61
57
96
60
96
93
94
99
76
90
82
67
87
78
93
81
65
75
80
83
30
84
87
67
75
56
55
53
61
93
44
69
95
20
98
76
54
91
82
61
32
83
84
79
88
49
87
72
84
55
75
72
86
98
94
42
96
53
95
97
58
88
74
72
70
97
76
67
61
98
83
39
94
79
59
87
80
85
48
59
61
54
88
64
88
66
61
47
90
83
79
38
85
47
50
44
80
34
57
95
64
51
83
64
84
52
67
82
86
98
73
92
72
93
74
50
48
93
76
85
87
69
58
53
59
54
98
44
88
90
89
68
78
91
97
90
47
10
97
80
35
96
82
86
90
69
77
45
96
78
65
13
81
79
85
67
71
85
31
83
52
54
95
99
92
96
63
95
91
56
67
98
90
34
53
80
79
79
85
88
86
97
55
68
82
64
92
83
64
46
53
83
92
58
53
94
68
72
97
70
72
68
91
95
88
78
76
71
67
65
93
85
96
66
93
91
96
55
70
84
80
62
87
96
42
37
61
64
87
96
83
53
50
68
45
89
80
77
96
57
92
64
82
71
59
69
79
92
76
80
34
90
98
66
95
82
45
88
80
48
83
95
40
49
93
96
75
41
79
99
50
80
73
81
87
80
75
82
41
80
92
82
75
72
94
90
85
86
81
63
52
91
71
75
73
87
44
98
89
83
96
46
70
88
83
37
95
92
99
84
98
67
86
99
73
98
61
84
48
90
84
60
64
99
94
57
76
97
72
87
98
82
99
75
78
36
79
71
76
48
93
41
94
69
93
46
67
92
92
88
98
61
96
37
60
97
98
36
71
96
53
78
56
33
92
88
47
92
64
69
53
86
24
65
56
71
72
86
81
98
40
80
88
94
93
92
95
78
76
29
66
81
61
96
70
88
50
83
86
75
81
88
46
90
87
85
95
63
92
83
75
69
70
52
53
96
83
31
63
97
97
80
42
42
93
48
99
62
24
40
64
89
67
50
70
66
75
92
85
83
55
88
38
86
59
92
84
66
46
63
96
48
46
78
97
88
71
96
94
88
78
31
80
92
97
60
65
71
86
47
64
17
75
62
64
88
80
80
86
54
77
60
68
36
83
59
97
93
85
44
87
74
88
46
64
46
60
63
92
78
93
73
89
82
83
91
82
91
67
83
80
88
49
43
13
62
56
85
86
53
88
99
63
51
78
88
93
36
86
69
44
62
95
97
42
40
17
65
84
54
76
91
99
98
99
61
78
69
38
58
96
80
83
79
94
51
62
79
76
44
49
71
73
49
84
69
86
94
47
28
63
38
84
52
61
74
52
89
95
82
89
93
89
80
56
65
64
90
46
87
86
63
72
84
93
88
87
87
51
85
85
69
90
67
89
97
98
37
41
88
83
89
67
75
80
76
60
71
69
84
87
86
93
70
90
65
82
74
93
97
53
94
80
66
98
68
68
74
96
92
88
28
92
93
77
93
87
99
77
76
90
60
74
55
55
82
95
97
83
64
85
65
50
94
90
88
67
89
98
83
69
65
99
97
52
89
63
99
96
42
99
74
52
65
99
48
96
39
80
38
97
99
75
80
94
79
76
89
65
62
63
44
83
73
41
79
57
95
98
49
88
97
91
66
81
90
26
62
32
50
91
28
93
76
96
78
92
53
82
49
82
80
86
55
64
65
99
81
64
97
90
40
93
34
42
86
74
68
91
67
71
87
79
84
21
57
64
66
95
65
72
69
60
99
78
75
89
96
22
65
21
95
82
61
75
64
93
90
81
89
61
76
98
78
61
90
89
64
93
89
57
77
95
88
67
79
98
71
48
88
95
25
78
91
47
89
82
75
46
57
98
86
88
47
75
86
45
50
35
74
4
92
86
70
75
71
67
95
87
83
66
61
53
86
88
83
91
51
77
54
58
43
38
74
92
98
49
80
93
84
37
93
93
54
84
59
92
95
83
76
64
91
69
62
76
59
69
92
65
89
43
58
60
90
76
94
84
59
38
69
79
85
66
97
65
96
82
99
39
50
70
71
97
40
58
51
92
79
81
43
78
57
98
67
72
93
59
50
65
90
34
75
72
87
42
87
61
95
90
69
81
37
78
67
56
83
84
87
70
96
88
65
57
97
81
73
94
79
60
79
94
99
59
96
32
96
86
98
94
85
64
98
95
32
86
72
43
30
83
96
40
93
49
72
63
67
27
99
46
68
59
91
66
93
32
68
76
64
88
92
38
62
71
56
69
80
97
93
77
63
91
64
93
95
74
82
98
80
53
93
95
74
71
69
93
54
88
97
97
78
99
96
83
99
78
43
79
70
68
74
97
92
67
62
90
69
81
73
93
55
99
94
83
94
36
55
98
94
99
73
25
73
58
63
88
97
40
94
93
86
86
40
19
91
74
93
68
74
99
83
93
97
82
81
93
92
85
93
91
87
81
96
75
95
96
80
93
87
90
97
74
71
69
63
54
92
56
68
51
93
99
51
72
81
95
95
90
53
70
98
47
77
98
85
93
94
56
89
70
84
95
90
93
75
85
99
91
97
56
47
81
94
88
44
81
27
85
78
83
69
99
86
93
77
36
82
71
68
92
69
21
94
79
88
70
30
59
81
75
97
94
76
31
93
98
93
52
89
20
91
99
95
98
90
86
92
98
80
90
74
94
55
82
82
18
79
70
63
91
77
81
56
99
95
39
84
53
45
71
96
37
76
86
82
97
98
87
42
30
88
66
99
90
45
76
91
97
90
61
59
44
83
98
86
72
