6
37
59
33
99
59
55
87
29
3
27
90
42
12
0
41
61
82
20
0
65
0
24
51
11
39
75
15
76
46
23
0
43
44
21
67
91
47
71
24
63
89
90
26
36
56
91
31
74
6
91
51
9
70
0
36
9
18
77
86
0
23
83
59
27
68
47
80
0
84
13
90
77
26
0
39
87
82
8
89
68
90
43
33
0
17
87
36
9
80
36
90
58
33
57
82
39
18
75
65
88
21
3
23
73
68
43
0
4
42
90
32
68
93
40
73
23
81
21
52
65
87
9
36
68
95
35
79
12
16
68
0
72
26
45
36
62
91
35
6
43
85
47
22
92
10
67
76
33
18
64
10
34
43
8
69
88
55
80
34
62
11
26
50
2
80
23
2
74
99
25
27
49
0
54
18
99
53
79
33
55
2
34
90
2
76
76
99
61
17
63
76
99
59
86
85
52
31
98
94
5
72
35
21
46
0
18
11
31
85
88
13
40
68
99
32
50
77
11
51
29
6
79
57
40
40
58
0
25
99
66
4
39
99
0
23
99
33
10
57
0
38
66
91
33
50
36
3
98
15
64
74
99
76
55
44
22
82
33
10
53
22
99
50
37
57
61
22
63
41
10
90
82
38
10
99
27
74
0
56
71
89
36
17
67
42
16
0
91
43
24
41
68
86
7
99
40
77
11
42
90
38
63
45
2
63
92
49
99
22
88
78
0
23
19
25
42
90
92
65
35
40
1
69
64
39
24
30
74
55
43
77
90
40
0
59
58
0
25
13
55
98
68
99
24
71
99
4
7
36
58
14
91
61
11
41
30
13
53
27
99
1
81
99
2
17
98
47
68
69
14
99
63
21
0
55
12
66
22
7
35
84
63
94
29
64
27
85
63
80
41
91
11
5
33
56
59
35
6
14
80
63
81
48
21
4
34
66
58
90
9
91
28
99
78
21
38
11
55
89
93
6
99
4
53
22
56
20
43
48
9
71
68
0
29
68
34
0
67
99
40
49
75
30
37
83
12
47
76
57
87
42
69
48
89
70
33
90
11
21
77
0
64
90
40
16
54
41
67
1
99
72
98
35
15
54
2
51
72
25
87
17
41
2
86
71
27
4
42
34
99
78
94
34
2
56
79
14
99
56
82
4
57
73
65
38
88
90
32
99
5
45
58
85
61
82
56
89
18
47
5
99
54
12
99
22
46
99
46
15
84
65
85
99
99
0
13
65
83
87
27
73
55
8
70
97
84
99
79
46
17
22
81
99
89
44
2
71
68
42
26
99
20
1
72
99
13
24
91
50
65
90
36
64
46
37
77
48
0
26
0
37
61
5
29
0
56
24
3
33
49
50
14
0
55
36
6
32
65
14
12
35
75
99
20
58
45
8
65
65
30
2
69
48
99
37
13
62
51
29
5
50
13
85
42
91
31
29
75
78
91
12
36
5
29
67
92
25
0
11
99
37
29
92
99
23
64
12
8
56
89
69
14
30
10
63
99
23
76
0
59
14
89
30
70
51
0
74
55
70
24
99
12
99
84
65
50
26
0
76
54
16
57
41
23
4
89
65
42
88
50
94
70
70
93
99
21
49
69
63
81
54
76
46
62
12
81
49
0
28
70
3
61
44
90
9
81
45
65
30
37
1
60
9
35
89
26
0
94
3
62
20
73
44
34
28
0
46
90
38
17
76
20
60
19
43
0
1
89
24
49
28
85
45
69
23
50
26
12
78
25
54
0
99
77
27
2
97
38
5
21
21
81
2
12
89
79
0
44
29
68
17
92
79
53
38
73
16
97
45
72
99
24
0
72
41
21
57
91
25
9
7
47
99
0
32
64
55
95
14
25
80
10
5
42
66
67
15
91
15
99
57
25
89
59
7
51
25
54
1
26
90
30
99
37
12
58
74
43
7
42
1
99
6
74
56
3
81
86
63
46
33
68
41
6
38
78
88
61
39
85
54
21
93
99
1
52
85
62
28
37
8
96
50
77
11
66
35
7
39
72
19
88
84
71
13
81
60
68
35
82
19
0
56
55
90
80
13
36
53
60
36
84
20
66
39
13
81
34
12
87
77
0
69
12
29
78
0
56
73
38
42
21
40
89
65
94
86
68
17
84
23
98
63
99
54
89
57
15
91
60
99
17
69
41
92
35
61
51
32
81
7
91
60
88
59
72
89
43
13
78
54
29
15
86
45
59
31
14
0
60
4
6
35
62
91
41
75
73
5
33
30
74
56
23
81
99
75
34
0
94
61
0
89
22
58
25
41
60
50
70
9
59
89
76
32
52
12
63
31
54
52
21
88
58
22
88
80
29
10
33
82
56
3
28
68
2
85
89
33
61
83
62
87
47
58
33
76
16
42
82
89
4
47
91
62
37
23
89
81
59
86
79
40
16
76
39
69
99
36
92
69
73
15
49
3
85
46
63
41
99
45
79
0
54
35
22
30
57
85
69
87
22
48
1
27
62
34
46
67
31
73
25
0
38
5
24
51
99
76
66
32
51
87
84
15
99
13
88
56
43
67
99
48
30
14
45
93
20
47
68
89
86
63
83
62
99
27
71
39
10
8
87
99
71
50
99
53
74
21
76
15
64
71
32
51
14
91
50
71
0
53
99
7
18
35
15
67
69
29
99
58
99
71
24
70
1
73
17
59
66
17
52
55
36
8
41
92
99
91
41
99
34
51
16
45
93
0
47
11
63
77
90
18
88
46
77
6
25
99
76
32
99
7
57
71
74
10
0
46
99
11
43
0
61
92
13
99
44
81
16
91
38
62
92
68
0
45
28
76
93
25
99
41
22
2
73
34
92
46
23
1
6
70
28
41
90
52
7
58
94
59
28
11
5
25
87
22
43
99
52
40
15
13
64
49
79
32
58
52
93
99
90
0
37
68
95
42
17
33
49
44
70
32
35
59
99
54
78
10
62
0
45
58
81
0
53
29
85
18
77
22
40
74
0
38
88
83
7
91
38
23
51
0
56
84
90
46
71
18
50
90
0
14
42
71
93
36
56
64
23
41
69
35
2
11
90
42
35
69
12
99
65
0
32
53
74
8
52
76
83
62
94
55
73
5
27
0
56
33
54
0
91
10
52
85
53
67
63
32
17
56
13
39
1
94
73
67
30
88
52
25
47
13
95
0
83
45
0
13
90
80
94
66
45
54
89
36
41
76
86
40
71
93
66
17
39
13
83
88
99
0
54
5
37
66
23
52
90
63
1
92
62
0
46
89
66
5
77
41
56
0
61
90
26
48
5
4
50
76
61
45
22
89
45
80
18
42
0
6
26
99
62
13
30
38
10
99
33
62
88
26
50
84
28
52
4
73
54
29
63
43
22
49
89
16
14
95
50
13
54
0
7
86
81
1
25
90
37
6
23
77
1
42
41
75
0
10
88
57
