57
89
78
3
84
40
81
26
7
63
89
35
30
17
61
1
26
64
1
67
26
43
70
32
69
80
93
52
95
73
27
57
68
15
70
63
74
55
64
19
94
65
89
92
50
52
82
53
63
77
31
57
86
16
95
75
50
10
28
0
15
72
83
16
57
67
91
26
71
55
94
12
97
5
26
52
15
87
93
11
53
72
19
59
15
75
88
14
57
52
82
56
98
77
36
41
81
11
16
39
74
94
83
16
48
91
46
48
82
15
45
13
86
51
80
70
26
78
26
49
29
67
41
50
85
13
94
31
84
9
20
99
76
41
89
8
0
41
99
36
0
17
87
52
37
91
12
59
43
95
4
66
6
83
50
16
27
5
69
63
43
6
93
54
87
25
34
4
3
86
56
62
31
76
53
95
65
92
43
28
31
54
90
93
20
47
87
69
20
44
55
50
38
54
5
45
81
51
32
71
55
98
17
54
91
64
92
63
27
90
81
70
33
50
13
61
46
11
28
75
50
48
64
92
42
6
21
80
99
99
0
3
52
7
76
34
11
52
93
13
4
53
37
6
22
66
63
20
37
10
85
44
58
66
83
95
25
29
69
39
92
71
11
29
80
89
80
92
0
54
12
40
61
57
37
29
55
30
47
8
66
19
63
26
84
16
92
54
67
42
40
92
54
14
64
39
30
88
19
57
95
29
98
99
86
86
68
81
91
81
11
46
78
94
73
76
43
87
16
54
83
66
55
36
11
32
90
19
33
84
20
69
95
67
51
22
43
21
58
14
52
92
99
92
95
80
9
54
48
25
87
79
62
73
58
85
1
17
58
83
10
2
71
50
29
93
9
85
43
13
77
41
40
89
19
90
18
35
45
90
22
95
76
4
54
66
67
14
45
75
70
22
12
50
13
85
14
51
86
26
54
42
15
94
10
51
29
14
43
72
13
67
21
66
23
66
38
43
63
7
10
5
20
13
89
51
9
87
90
41
48
0
61
64
42
60
68
50
83
54
13
10
86
51
15
76
36
99
66
17
95
3
64
65
5
71
3
74
87
32
8
90
7
31
97
24
38
50
23
53
15
70
11
90
79
14
43
48
79
17
33
41
75
44
95
47
57
47
12
54
20
85
42
9
84
76
34
59
94
72
42
64
51
4
7
33
39
22
1
64
10
91
29
62
88
7
65
19
93
99
65
15
57
22
38
41
83
7
36
56
22
57
26
73
80
48
96
83
96
91
82
71
6
48
86
11
41
97
89
72
48
22
37
9
75
44
84
10
43
56
30
76
18
6
16
46
14
25
73
62
43
21
44
7
61
72
8
69
48
18
46
89
53
16
3
13
45
83
76
39
11
77
62
14
23
10
31
5
73
58
85
6
40
45
93
23
22
49
71
71
34
43
34
82
94
18
52
61
81
20
64
78
87
38
83
54
14
15
73
69
21
6
40
16
16
35
50
87
15
23
28
89
48
13
86
88
85
61
99
74
0
93
12
67
17
39
51
56
62
45
39
37
21
30
61
90
5
16
40
81
14
51
39
76
29
15
2
32
35
93
42
90
14
52
90
78
60
67
29
44
7
76
83
83
36
74
73
88
98
81
69
33
14
1
41
88
37
2
1
25
48
99
0
0
36
61
6
78
52
17
14
20
44
12
87
31
46
83
13
86
0
91
6
88
14
21
73
99
66
57
48
4
71
92
18
60
6
17
99
68
81
61
3
99
99
99
57
99
36
78
8
94
38
59
62
0
31
78
85
9
36
64
21
3
6
62
8
20
88
54
42
60
20
13
27
7
12
43
78
98
0
46
1
45
13
78
11
41
13
44
97
19
99
34
13
86
48
58
54
1
87
11
42
1
14
6
62
27
4
48
94
12
54
65
87
62
10
90
80
40
60
79
50
51
15
53
87
88
43
11
62
96
16
78
42
53
10
9
46
45
95
2
46
61
39
36
60
2
81
41
8
30
91
76
16
81
61
89
81
59
45
48
59
83
60
39
70
29
51
46
70
32
81
35
92
46
15
40
46
45
16
99
15
63
77
92
84
34
83
51
38
53
45
86
9
31
70
13
95
31
7
64
76
72
6
60
55
61
51
81
70
71
24
93
77
17
30
53
64
58
17
92
55
18
2
55
35
74
68
67
14
18
0
0
99
62
79
95
64
44
57
73
91
23
14
86
47
5
11
14
17
86
54
49
46
31
3
99
54
3
48
21
52
79
29
75
11
42
9
18
2
17
77
42
86
14
50
10
78
37
42
91
2
1
42
87
50
11
0
58
36
27
96
81
7
99
99
99
25
15
96
93
24
65
43
12
76
13
5
64
61
95
48
0
0
99
29
43
77
97
71
67
49
18
9
99
99
0
60
27
89
29
81
50
14
49
85
42
32
11
62
76
93
20
43
66
46
4
90
97
74
2
80
58
22
15
30
32
81
17
3
3
44
12
43
54
66
37
79
4
71
29
94
37
13
62
84
24
53
0
0
0
76
45
23
84
77
72
37
6
86
17
22
8
92
45
7
91
83
74
20
99
0
40
67
12
94
55
36
69
91
73
23
84
38
78
34
7
98
50
83
50
26
49
50
46
44
53
14
93
72
20
28
55
35
75
86
40
29
21
61
42
82
64
31
40
0
87
39
7
77
86
54
18
22
75
92
92
14
55
52
0
82
28
89
70
99
0
99
26
22
65
0
0
0
50
58
61
85
15
50
90
20
6
87
16
52
46
10
84
74
35
29
69
24
69
16
84
51
82
15
50
31
65
40
18
93
38
2
29
45
36
0
0
96
5
22
29
35
15
6
69
33
50
67
93
81
4
31
19
44
59
15
99
66
2
61
5
14
1
72
50
89
13
11
69
40
35
5
24
15
45
74
12
20
20
64
35
89
15
0
99
36
73
8
94
15
63
39
27
11
39
31
26
61
39
91
0
0
0
85
3
39
32
23
53
5
54
84
0
0
0
0
77
67
33
55
2
34
92
69
32
76
44
82
73
1
75
85
39
33
27
93
79
75
87
70
29
96
0
99
0
64
47
9
52
0
21
65
50
80
27
67
76
29
84
68
76
90
60
79
14
47
81
41
60
35
53
93
92
60
20
30
43
53
61
37
7
13
49
86
54
39
24
71
27
5
77
33
65
44
71
76
12
87
49
70
17
25
4
2
68
91
0
91
79
93
62
22
84
55
25
29
49
64
15
24
15
57
19
4
3
43
78
46
64
26
13
32
14
53
89
2
86
54
25
80
19
56
83
31
89
75
14
56
20
66
47
18
99
5
80
52
99
0
0
48
41
12
30
53
96
96
23
4
67
56
79
99
37
26
87
60
34
48
20
40
37
49
70
42
9
82
33
66
96
28
74
47
10
88
49
4
53
11
90
69
26
4
70
37
99
2
11
52
12
27
74
17
66
