65
1
9
4
9
6
0
52
13
99
9
6
39
65
2
39
13
26
65
1
91
39
13
26
6
78
2
78
39
91
13
39
2
26
99
78
39
1
52
99
26
13
8
39
0
10
39
25
26
5
7
26
9
78
2
13
99
0
13
65
78
26
0
13
99
28
52
99
0
78
9
99
26
0
39
13
78
65
52
6
39
13
5
91
2
13
0
0
91
14
99
91
26
39
13
78
26
39
78
65
39
6
65
99
11
0
2
65
0
78
91
26
65
52
39
26
78
26
91
0
65
10
14
65
91
39
39
26
65
13
78
30
6
91
1
99
65
7
39
9
0
13
99
91
3
99
7
78
65
91
65
11
14
26
39
78
13
65
39
6
65
99
52
10
4
5
91
15
78
91
99
52
99
39
78
10
14
39
8
91
78
3
65
99
0
78
65
78
39
91
78
13
99
78
39
39
99
8
14
6
39
78
9
39
52
39
91
91
13
2
91
13
52
99
26
65
65
39
13
11
52
78
39
95
13
78
26
52
26
99
65
4
39
91
99
13
26
91
9
5
0
65
39
0
2
39
39
6
99
91
52
78
52
91
6
39
0
99
0
52
15
26
99
6
39
52
2
65
91
39
10
5
26
26
9
5
91
3
26
52
26
13
26
7
9
2
91
26
99
39
78
39
6
99
0
39
65
39
5
78
52
78
5
99
3
10
99
52
26
26
91
8
26
2
52
4
52
99
9
65
52
95
90
2
8
65
91
99
65
78
13
52
23
39
10
14
52
91
78
11
78
14
91
65
26
65
99
6
39
65
8
11
65
91
13
39
1
52
91
4
10
78
91
99
4
39
52
91
65
7
26
78
52
26
4
65
99
0
5
13
18
78
99
65
26
65
78
65
39
91
26
39
11
2
39
0
26
91
39
52
91
26
91
39
78
65
5
78
65
2
8
78
0
26
39
13
65
99
52
78
13
65
39
52
2
26
26
39
78
10
39
27
0
1
17
11
14
0
91
4
52
52
26
78
39
91
9
39
6
52
10
39
22
91
52
65
13
39
65
26
3
99
13
39
0
10
14
26
65
1
78
39
65
26
26
52
3
2
13
99
52
13
8
5
99
14
39
4
9
78
99
1
91
0
9
65
13
78
91
13
78
78
2
52
99
91
4
99
1
13
10
14
65
52
78
1
52
39
8
52
8
78
99
9
6
78
26
9
39
91
0
99
39
65
13
6
65
99
78
65
26
8
2
7
99
20
65
99
78
91
8
6
6
99
26
6
4
78
26
13
4
65
91
13
78
9
6
52
26
95
39
5
8
65
26
91
99
0
13
26
3
78
13
91
65
0
52
11
39
26
52
26
52
2
39
1
9
52
7
26
99
78
9
91
78
7
78
39
26
65
26
78
65
99
0
39
26
13
39
91
52
99
39
13
0
99
26
65
78
26
65
91
39
65
52
13
13
99
25
4
91
15
26
99
91
99
26
6
52
26
91
9
39
78
9
3
78
26
52
13
39
9
5
26
65
13
39
2
65
39
91
65
99
9
65
65
52
26
3
52
99
13
91
39
99
65
26
26
99
4
52
26
91
13
99
78
52
26
39
26
4
0
78
13
91
99
78
52
0
7
65
4
78
18
91
10
99
99
26
13
26
4
13
65
7
26
91
0
99
5
52
65
91
39
2
91
0
39
99
78
0
13
39
78
91
99
13
13
0
3
52
65
26
39
91
99
52
78
13
78
52
26
39
6
99
0
99
7
91
39
65
39
6
26
0
26
65
26
4
8
65
0
52
39
52
78
99
13
78
65
52
39
26
2
13
39
52
2
39
65
78
10
26
39
0
39
17
52
99
91
26
52
39
39
65
52
78
99
52
91
2
10
26
91
7
91
26
52
3
26
0
78
26
99
39
78
52
13
91
24
52
5
99
39
4
9
6
13
0
65
39
26
99
10
14
39
91
13
65
0
3
78
99
13
78
3
39
26
65
78
0
3
91
52
39
99
91
52
78
65
10
26
78
99
65
13
52
78
65
52
39
6
39
21
52
65
95
3
39
78
91
39
26
52
39
8
13
52
99
3
0
7
1
13
65
26
78
4
39
13
1
39
26
78
91
26
65
91
78
99
1
99
65
65
99
52
78
26
6
99
4
91
6
26
78
26
13
39
39
95
99
99
39
78
91
0
99
13
99
52
52
78
2
13
26
78
13
26
28
0
10
3
65
6
39
91
78
26
65
9
6
91
7
99
91
78
4
78
0
9
0
78
10
78
91
39
0
39
99
91
52
10
78
91
7
91
39
13
65
91
78
26
99
13
65
52
91
0
78
10
26
39
65
26
13
5
0
26
16
78
26
2
65
52
78
78
65
6
78
39
0
39
4
65
99
91
65
39
26
78
65
91
52
78
11
14
39
99
65
3
9
0
78
13
65
65
52
2
91
39
65
2
99
78
0
39
10
52
13
91
13
26
39
26
39
78
91
26
13
99
39
65
26
0
65
91
7
5
91
78
65
65
4
13
91
10
14
7
26
18
39
65
7
39
1
26
65
99
39
52
2
78
65
52
8
95
26
13
6
39
91
13
7
91
78
52
0
65
78
52
65
13
52
0
39
78
13
91
39
9
0
52
78
39
3
99
26
91
99
26
7
52
65
91
26
99
0
13
39
23
26
6
91
91
39
52
91
3
78
78
99
7
26
39
2
3
91
16
91
6
0
91
78
52
99
78
1
13
2
52
78
0
91
13
39
78
13
1
39
78
91
99
6
3
78
7
65
52
78
0
91
91
13
4
99
65
0
99
13
65
65
39
91
39
11
26
52
99
9
7
26
3
52
65
26
52
99
91
11
52
91
91
65
99
13
3
91
65
99
91
52
7
65
9
65
39
78
39
99
52
99
78
91
39
3
99
91
39
52
10
14
26
52
65
65
91
9
6
65
20
0
65
91
13
65
2
78
26
52
26
65
4
52
78
3
99
91
10
65
91
26
0
78
52
99
91
5
52
0
39
91
78
65
52
99
91
39
91
65
99
26
91
91
39
65
39
99
91
39
65
52
0
99
78
65
52
78
52
8
26
13
65
99
4
78
65
13
99
78
65
4
52
3
91
65
3
39
17
78
26
13
13
65
52
78
99
3
65
26
7
91
13
26
26
99
65
39
0
78
52
99
78
91
13
52
52
13
39
39
52
0
39
65
78
39
78
13
91
13
52
99
3
52
10
14
0
5
7
91
91
26
7
52
0
26
91
99
7
91
78
99
3
52
99
78
39
91
3
9
14
65
26
99
91
52
11
4
52
78
13
0
1
26
65
78
26
39
91
65
52
78
0
52
7
65
26
13
52
91
39
65
10
91
26
39
65
78
26
11
0
52
7
13
78
23
10
78
14
78
39
52
39
78
99
2
91
15
91
0
78
