99
81
97
96
98
90
0
54
27
13
67
99
98
96
95
99
98
96
97
90
74
99
98
97
81
67
99
74
81
57
99
96
97
90
40
40
81
13
99
90
99
27
74
98
90
99
97
81
27
54
90
99
89
67
97
99
81
40
90
27
99
98
97
96
47
81
78
99
90
67
99
96
90
54
81
81
40
99
74
13
90
99
40
54
81
99
13
83
47
98
99
13
81
50
27
67
47
90
99
95
30
81
99
90
98
99
97
98
96
90
99
90
54
96
81
99
97
98
81
54
99
97
98
96
81
99
90
67
98
94
99
81
98
90
58
99
98
94
90
67
99
97
90
54
96
99
97
98
13
81
81
15
99
96
90
99
90
98
96
81
84
99
94
81
40
99
95
81
54
27
17
54
81
82
99
99
81
97
98
96
67
13
40
81
82
99
98
94
70
54
99
98
95
96
97
69
99
98
13
81
99
13
40
67
81
54
13
53
74
51
99
90
74
27
54
99
13
90
47
97
99
67
98
96
97
99
27
81
54
6
81
27
99
90
54
99
98
40
27
62
99
94
97
96
90
67
13
90
47
27
99
98
95
96
67
67
6
62
27
90
99
20
96
54
13
99
90
98
67
54
72
99
81
27
54
90
47
99
98
27
54
81
27
0
57
90
47
99
98
94
54
7
90
27
81
99
81
40
97
98
99
96
54
97
81
99
62
81
58
96
31
0
40
81
32
54
90
13
0
27
99
98
97
67
27
59
81
17
71
99
73
99
96
91
40
13
54
90
67
99
99
96
95
81
97
67
99
98
97
81
60
99
54
98
90
81
27
99
56
2
62
99
54
98
90
99
98
81
67
96
43
83
67
54
81
99
90
57
95
81
90
16
54
99
98
61
13
86
40
0
99
81
40
13
67
99
97
90
54
13
99
81
98
96
97
99
47
13
48
67
99
67
98
54
27
67
81
99
97
95
27
70
99
35
54
73
59
90
67
99
99
47
90
67
98
99
9
56
27
40
81
54
80
99
90
81
99
96
98
21
99
47
97
96
98
99
40
27
59
98
59
90
67
13
99
93
18
81
99
94
99
69
54
90
50
81
54
13
74
99
90
99
81
40
97
54
94
13
27
53
99
81
54
90
27
99
98
94
90
27
99
54
16
81
74
90
58
6
27
67
93
81
99
90
73
99
81
47
27
13
99
97
98
96
94
99
90
81
54
27
90
99
97
96
88
99
97
91
54
13
90
47
27
67
6
99
60
96
81
27
84
27
0
52
81
59
90
20
67
40
84
99
96
95
81
40
67
81
13
74
91
72
99
90
54
99
90
67
13
98
27
54
81
40
13
99
98
72
96
97
99
90
67
31
98
91
49
13
54
67
99
56
81
54
94
69
81
99
94
96
90
54
99
91
81
99
81
98
95
96
67
44
77
99
81
54
99
67
90
64
54
73
47
13
81
99
97
54
81
40
99
67
6
54
27
67
60
40
13
99
73
13
90
81
99
99
13
98
97
93
81
99
90
98
92
67
21
90
54
0
99
81
98
90
76
81
54
99
13
32
73
81
54
13
90
67
40
99
12
74
99
90
67
27
81
54
71
90
74
99
54
27
99
98
90
72
13
54
81
27
74
54
90
99
81
90
99
81
74
54
67
99
21
54
74
13
61
99
90
54
99
40
67
13
0
99
81
98
90
27
70
27
0
67
81
78
99
81
98
95
81
54
13
80
99
74
17
54
99
95
99
27
90
54
13
33
99
98
67
27
99
97
90
67
27
13
67
90
74
99
99
71
27
54
60
99
47
98
97
81
90
49
13
99
98
81
54
14
90
99
90
99
95
81
74
99
98
94
97
90
67
90
99
89
74
90
54
27
81
13
73
74
99
97
81
90
75
99
91
98
29
74
57
40
81
40
81
13
90
67
59
99
90
14
40
62
48
74
54
90
6
90
54
27
67
99
97
90
67
13
99
97
98
96
93
99
40
69
98
96
81
99
74
54
27
90
99
87
17
47
90
99
67
27
47
54
99
14
81
31
99
54
13
40
97
99
97
90
67
98
13
99
88
67
41
99
97
59
96
90
99
27
13
47
81
81
54
13
80
99
99
98
96
97
92
99
98
96
94
90
99
98
97
94
95
99
90
40
98
96
67
90
74
99
81
99
81
96
97
90
99
98
95
69
54
99
81
59
40
10
90
54
27
99
97
76
40
6
83
70
75
99
94
97
90
81
13
77
99
90
70
9
54
83
27
90
72
49
13
27
69
59
81
54
99
67
99
90
74
47
99
67
81
27
47
81
99
96
97
90
73
27
0
40
81
99
54
96
85
67
84
67
81
27
0
99
98
94
95
90
99
60
81
98
97
84
99
96
95
97
99
96
94
90
13
84
45
13
67
54
81
67
99
54
82
74
99
97
91
32
45
0
81
54
20
99
94
81
98
97
81
99
90
36
13
99
72
97
96
93
99
96
81
54
13
99
95
57
98
81
99
47
74
98
81
99
54
27
74
98
90
99
74
40
10
54
99
98
74
97
30
81
99
90
54
27
60
93
0
30
99
54
6
94
30
99
98
90
81
67
99
47
13
67
40
81
67
82
54
99
99
94
56
13
54
13
90
54
27
99
73
99
91
54
90
90
67
87
59
40
99
97
81
98
91
67
40
90
6
27
99
94
27
62
0
67
13
32
0
99
6
81
99
90
40
99
97
90
54
27
99
81
40
54
13
54
81
99
96
90
13
47
85
27
67
81
13
40
0
54
40
90
54
81
13
81
99
79
54
27
99
40
98
90
54
99
81
40
74
98
17
99
56
0
81
13
81
47
70
99
60
84
99
95
96
90
99
84
67
97
99
94
54
14
81
90
56
99
47
20
69
13
81
48
27
99
57
13
40
97
99
97
98
90
85
99
97
96
98
29
27
99
83
67
98
81
71
99
96
98
81
13
84
67
99
72
99
97
98
96
81
99
97
95
98
81
27
0
44
67
90
27
0
54
67
81
40
7
54
90
99
96
97
98
95
99
40
13
97
94
70
99
54
14
50
81
99
67
96
97
75
13
32
0
81
99
95
98
96
97
64
29
84
99
90
67
81
54
99
90
99
94
47
71
98
99
73
97
67
27
54
7
86
27
0
99
54
98
81
57
99
61
90
54
97
81
40
13
74
99
90
54
27
74
0
99
54
81
27
0
99
98
96
54
97
81
27
54
6
22
99
81
97
90
40
99
97
98
94
81
54
99
95
98
13
75
99
94
81
27
99
54
13
67
42
90
27
67
0
47
83
67
99
90
97
56
67
90
74
99
99
71
97
98
81
67
99
74
13
98
61
86
67
99
66
90
99
97
93
87
99
47
13
96
97
67
99
54
27
90
67
13
90
99
98
99
96
81
67
97
13
99
81
48
27
58
99
90
54
13
58
81
99
90
98
99
98
81
67
13
81
56
90
58
99
99
81
54
40
13
99
97
90
98
95
99
54
81
74
97
69
54
99
98
96
71
27
81
99
90
90
67
99
74
98
90
67
99
98
96
99
63
13
35
98
90
54
13
47
74
67
84
99
96
81
99
98
90
40
73
99
81
97
90
27
40
81
6
54
90
67
13
40
94
74
81
20
67
99
95
90
14
99
98
97
99
15
98
90
47
99
81
98
90
54
62
99
96
13
97
99
81
54
27
0
84
54
27
13
67
40
90
0
99
95
81
99
78
40
9
81
99
96
95
94
99
90
67
97
58
99
98
90
31
67
40
81
99
74
97
81
99
90
98
95
99
40
74
10
90
99
97
81
98
40
99
96
81
67
97
54
27
99
67
90
69
99
81
98
90
99
97
81
67
98
33
81
44
13
77
99
67
90
59
95
67
99
97
90
81
99
56
97
71
27
74
54
32
0
90
90
47
13
27
81
99
97
96
98
93
27
0
67
90
47
99
86
43
67
98
81
27
57
13
82
90
99
86
97
95
99
54
74
13
40
99
90
67
54
97
99
96
81
67
97
81
13
40
0
54
99
98
94
95
90
13
58
99
85
54
99
74
98
81
96
99
98
54
96
81
99
98
96
97
90
99
95
67
27
54
99
94
13
81
97
81
99
40
6
74
99
67
97
81
27
76
13
40
81
99
75
27
0
40
67
99
69
27
67
98
40
99
98
85
67
54
71
47
13
99
99
81
67
98
95
90
54
23
87
81
81
40
13
49
77
57
81
99
96
67
99
90
59
19
98
81
99
97
74
54
54
13
83
27
0
54
90
55
81
47
99
98
95
97
96
99
81
27
67
47
99
81
98
67
13
99
98
91
37
67
74
99
81
27
54
48
85
13
54
40
99
84
67
98
94
69
54
13
40
90
69
99
96
95
93
67
99
96
97
81
91
59
13
40
72
99
60
98
97
96
88
54
27
6
67
81
27
99
96
97
54
99
96
87
13
81
99
90
54
27
76
61
90
67
99
81
19
43
27
54
99
98
90
13
44
77
34
54
17
67
13
40
84
54
0
58
13
54
83
33
58
54
81
99
97
99
90
67
13
40
13
74
40
58
90
99
81
47
27
90
77
34
99
81
13
75
60
91
67
99
99
98
94
90
81
67
90
54
99
97
99
81
97
74
98
59
31
99
98
96
48
83
13
99
90
81
13
47
90
67
81
99
56
13
32
99
98
97
90
40
99
96
67
97
59
99
56
75
17
54
99
81
6
47
98
81
43
77
54
99
99
94
97
90
81
99
96
30
59
0
81
15
49
99
98
75
27
40
67
28
99
96
90
67
27
90
56
18
81
67
81
99
90
57
13
81
29
67
40
6
99
96
13
90
47
99
98
81
54
27
71
99
90
98
97
99
97
62
94
67
90
99
93
94
81
99
96
97
81
98
99
97
40
95
13
99
13
98
97
81
81
99
90
74
97
73
13
32
67
83
81
99
67
98
94
99
98
94
81
96
99
97
96
98
90
99
97
81
54
27
54
93
73
99
81
99
96
81
40
13
40
90
62
27
2
67
6
40
92
21
90
47
13
99
98
90
27
99
81
67
99
98
81
67
96
99
67
96
74
94
99
98
96
95
90
13
81
99
98
90
99
6
56
27
97
91
40
6
71
67
72
99
90
96
27
72
99
81
27
54
99
97
86
67
98
77
99
81
47
97
40
90
27
54
13
81
54
13
34
82
81
54
90
27
67
99
81
98
90
67
99
95
97
81
98
99
90
61
96
54
54
99
90
40
13
99
97
94
90
40
67
13
47
84
27
13
83
40
56
81
81
99
98
94
90
67
90
99
95
93
81
99
90
32
54
99
90
40
13
67
45
99
81
27
13
81
99
90
67
98
90
13
54
99
95
90
81
99
92
54
99
81
67
98
97
99
97
90
69
55
90
13
41
99
81
99
54
13
97
81
99
98
90
40
13
27
81
40
54
74
99
97
81
27
54
90
47
13
99
98
99
13
74
98
90
83
30
99
90
67
99
97
96
93
90
99
67
27
47
0
99
98
96
90
81
99
94
81
54
27
90
60
40
6
67
54
13
90
29
0
99
81
36
97
90
99
47
13
81
27
99
96
98
67
90
99
13
58
97
98
99
97
98
96
95
67
13
83
99
90
61
91
67
99
81
99
67
98
94
97
99
95
96
97
94
99
94
96
97
93
99
40
81
6
47
81
99
74
67
97
81
40
54
27
74
67
81
99
95
96
