76
0
67
54
81
90
0
54
99
13
67
13
27
0
25
76
13
40
81
27
81
99
62
27
6
67
18
70
90
66
40
90
54
13
67
40
90
27
54
0
99
54
98
19
90
99
27
56
40
0
71
27
67
56
40
54
17
67
13
65
40
99
90
6
47
85
54
13
90
0
99
90
17
94
47
6
72
31
81
27
74
40
54
30
67
48
90
0
49
27
54
90
74
99
67
67
18
54
81
0
30
99
27
0
67
62
0
27
54
1
54
99
0
67
90
81
99
67
40
10
54
27
74
47
70
99
81
15
97
74
70
99
81
40
11
91
54
18
67
49
13
40
81
74
67
13
99
95
49
0
81
13
74
54
20
72
67
99
27
0
99
30
54
13
75
54
99
18
74
40
13
54
27
47
20
99
81
74
54
20
99
13
97
47
98
33
99
74
32
13
99
67
13
74
98
81
99
67
96
74
90
0
54
27
47
57
81
99
97
94
99
27
90
67
0
54
81
47
0
20
59
99
6
58
98
56
81
15
71
99
99
58
90
59
20
74
13
31
14
81
99
0
67
32
81
58
54
81
19
99
59
48
81
6
0
69
40
99
95
98
56
67
27
99
54
0
71
13
54
81
99
95
69
54
81
83
40
7
47
27
81
54
74
99
67
54
77
99
81
10
99
54
13
98
67
43
67
27
81
80
59
99
67
96
54
90
62
0
31
36
29
40
67
0
95
54
30
67
27
0
67
54
81
99
90
67
13
27
85
99
36
76
0
61
40
67
33
14
90
54
81
0
1
13
47
60
22
86
0
27
90
67
81
54
27
59
13
48
81
99
67
99
13
42
27
74
99
67
40
11
54
13
99
67
74
99
67
17
81
27
54
72
99
22
81
99
81
29
95
67
27
74
47
6
90
54
47
0
27
1
99
27
74
93
67
23
71
54
90
27
84
27
0
51
20
61
54
73
13
90
77
99
67
54
90
81
70
48
13
27
47
40
27
54
13
40
67
27
81
31
72
67
99
22
47
99
18
67
13
36
45
40
13
83
37
40
99
47
27
67
62
27
60
86
6
99
60
27
0
20
99
67
17
74
47
46
90
40
67
12
40
83
13
30
0
16
57
90
0
34
54
0
99
13
50
83
40
13
81
54
13
83
47
74
99
27
71
92
13
54
54
17
81
13
0
70
81
54
99
67
81
47
16
0
1
54
40
74
13
67
90
27
67
54
6
99
13
0
6
59
40
99
41
58
36
90
40
18
59
86
99
13
0
6
27
67
47
81
13
0
58
99
0
27
1
40
99
54
55
94
67
40
74
99
12
90
32
99
81
95
27
72
99
81
47
70
0
6
27
1
17
0
54
83
47
49
75
40
0
30
67
0
40
74
1
81
67
30
90
13
54
55
99
20
96
81
40
13
47
74
75
45
81
13
54
13
72
27
0
81
16
27
90
47
67
47
72
40
0
81
99
0
67
33
74
67
99
29
54
27
40
54
27
90
99
99
59
97
81
27
99
67
13
41
95
69
27
54
40
67
73
27
47
67
25
54
13
0
84
27
67
13
60
54
0
34
67
42
99
10
54
81
18
50
0
47
99
81
54
27
41
0
90
1
81
99
40
98
0
81
81
13
76
54
67
90
54
13
40
67
67
13
32
0
99
67
13
0
27
57
46
93
40
54
0
81
54
17
74
53
56
40
71
13
99
81
21
90
47
16
22
67
12
33
90
46
72
40
13
90
27
99
94
81
0
32
69
40
99
81
69
0
27
58
83
40
99
67
47
6
67
99
81
98
74
90
47
6
40
61
54
13
40
81
6
99
40
18
47
81
90
54
13
31
6
0
1
54
74
50
99
13
81
98
74
99
54
15
94
97
67
21
99
90
27
81
40
6
54
0
27
67
81
68
0
90
48
17
67
27
57
81
0
33
99
73
99
90
34
0
67
13
74
27
58
99
67
90
74
95
90
67
17
99
33
99
54
15
70
47
15
54
87
27
0
60
6
54
67
22
99
18
54
77
98
54
81
67
99
97
99
54
97
81
52
81
0
29
67
27
13
75
54
85
27
54
99
13
96
90
60
40
67
99
61
90
67
20
81
54
54
13
55
47
94
81
47
0
70
54
67
81
40
11
99
40
90
0
99
57
67
99
23
59
47
84
21
60
54
81
99
67
34
6
31
81
20
58
99
47
73
40
67
99
96
13
83
40
99
61
81
27
0
47
26
40
27
67
13
96
81
6
74
54
0
99
61
90
54
40
74
27
0
13
70
71
67
40
0
6
40
54
27
99
97
45
27
54
99
98
73
99
81
54
21
90
54
99
0
95
99
19
98
94
95
81
0
99
1
6
99
59
95
54
40
67
99
94
97
59
40
0
1
6
67
90
47
99
81
54
90
54
15
40
19
72
13
73
54
0
18
54
6
90
27
90
99
27
0
6
33
27
67
34
99
67
40
54
20
84
99
90
40
7
33
92
19
60
27
40
81
47
99
90
67
27
40
67
99
97
90
40
0
13
65
54
99
15
95
90
73
0
40
81
67
29
99
90
27
47
27
99
84
67
90
67
0
1
27
59
99
47
74
54
90
99
34
98
97
81
67
13
90
43
0
13
47
90
61
40
54
0
90
30
81
81
99
40
13
47
73
54
99
15
52
40
99
58
27
67
92
73
27
99
67
67
13
47
81
99
40
67
34
17
92
99
54
13
67
42
58
17
99
98
95
57
99
72
98
81
54
40
67
33
81
67
33
64
40
81
81
0
6
54
74
70
40
19
99
27
35
90
0
13
67
90
0
47
13
81
90
18
27
67
47
99
36
90
17
0
67
99
13
37
14
81
32
99
98
67
54
73
0
67
27
46
99
40
81
15
20
0
27
54
86
90
54
99
0
30
67
81
99
98
90
90
29
13
49
67
27
30
0
54
90
69
13
81
48
27
81
43
67
22
13
99
40
0
81
97
81
0
47
22
1
54
22
99
74
98
81
99
90
54
27
27
0
81
50
76
92
67
81
54
27
67
13
54
74
50
67
47
99
81
13
99
47
81
98
14
48
27
74
13
40
75
99
67
20
54
99
54
0
47
27
99
67
47
13
65
67
99
90
47
13
70
99
27
40
13
44
13
81
27
67
47
6
74
99
27
18
0
54
99
81
40
81
13
54
0
74
13
67
0
40
81
0
99
56
27
64
0
13
99
35
67
40
99
6
30
0
56
81
31
1
99
20
81
93
67
54
90
21
55
40
99
54
13
67
0
55
33
67
27
81
63
13
99
33
20
99
36
97
90
0
54
99
55
27
96
67
27
54
85
40
72
81
27
70
0
54
99
47
27
0
67
6
99
36
0
43
13
76
0
54
70
6
29
81
13
99
40
67
13
54
0
20
1
27
2
54
81
0
29
90
59
81
54
15
74
57
99
13
54
81
81
90
54
27
99
67
13
40
14
54
27
56
99
40
75
27
60
99
13
0
72
13
58
40
90
99
29
67
0
1
81
0
42
67
47
99
67
90
29
0
70
32
54
31
81
83
33
0
16
1
54
99
52
74
97
81
13
43
0
6
67
99
90
0
1
42
85
40
13
54
54
99
47
27
48
40
67
81
6
99
58
99
20
40
67
90
47
81
27
43
54
99
90
13
47
99
54
13
96
81
59
41
21
81
46
44
73
19
84
67
54
86
18
67
99
40
83
0
38
56
67
21
0
13
54
67
13
81
47
0
81
40
13
47
67
99
29
27
49
96
40
60
47
67
27
99
61
94
54
20
6
81
99
90
40
90
99
95
67
20
62
27
81
63
0
27
44
13
81
67
99
81
27
90
67
84
49
13
69
43
40
57
47
81
54
67
13
57
90
0
99
54
0
1
2
54
70
31
71
0
76
22
54
81
40
99
47
74
54
90
99
96
98
27
13
27
67
40
81
28
70
99
0
33
58
85
54
99
40
67
60
99
54
90
13
57
99
81
27
67
90
27
54
13
99
57
81
54
99
13
48
99
13
75
54
0
51
90
1
2
56
99
67
17
90
99
90
27
34
13
57
27
67
81
13
54
99
60
98
90
90
21
0
54
99
27
99
59
0
76
81
99
34
54
31
99
97
0
47
6
75
45
15
67
27
54
0
99
13
27
36
67
54
83
63
40
67
47
74
90
81
47
27
54
0
99
54
0
13
1
90
0
47
75
54
67
0
1
81
47
54
76
50
0
90
81
13
47
27
40
67
54
13
81
40
54
70
40
27
67
54
99
95
13
67
14
67
99
43
13
56
13
90
81
67
99
42
0
81
97
10
56
81
54
74
81
47
0
40
67
81
54
67
13
47
99
60
20
90
67
99
67
27
54
20
67
99
90
47
13
67
13
54
27
90
59
99
40
97
81
54
99
15
81
56
40
99
81
6
54
56
0
42
71
54
58
99
0
40
81
81
99
74
54
13
24
81
70
60
0
90
47
0
40
56
10
81
99
90
41
99
59
18
97
90
99
81
6
74
33
99
67
90
27
81
54
81
29
0
1
99
0
13
97
98
60
40
99
90
67
81
47
27
40
67
81
34
99
67
27
42
0
27
6
13
0
73
32
81
99
67
99
27
0
54
81
99
90
0
47
27
56
31
84
54
46
13
40
99
59
99
47
18
54
27
99
90
40
0
69
99
57
95
81
20
81
40
67
47
13
13
33
0
99
67
13
69
32
57
90
40
90
54
16
67
81
99
0
40
90
0
54
90
20
83
46
13
54
14
90
99
27
81
54
28
73
99
47
20
81
99
31
67
0
27
81
67
90
54
20
27
99
90
67
6
16
48
27
83
54
62
99
90
61
13
70
18
40
67
47
99
72
13
36
58
81
13
47
99
90
56
54
74
0
67
99
47
21
90
54
13
84
54
27
81
56
99
94
54
16
44
0
27
71
99
81
54
19
78
47
54
90
67
99
98
90
16
0
13
54
49
99
13
81
0
54
99
52
44
6
75
30
0
40
54
99
40
6
67
27
33
90
67
27
81
27
90
47
20
81
19
99
40
67
13
69
59
46
6
99
40
13
31
86
54
99
81
6
90
40
16
99
67
27
13
92
0
54
20
99
81
47
15
27
0
81
27
54
13
78
75
99
90
67
20
81
13
54
74
27
0
54
90
20
99
99
47
96
98
67
81
47
13
99
90
57
44
81
0
20
90
67
40
99
32
67
81
58
16
27
90
40
0
74
99
54
99
47
27
90
99
34
96
81
0
13
67
27
0
90
40
47
71
13
90
90
27
67
88
58
0
57
99
27
54
81
40
0
6
47
99
40
81
20
41
46
67
90
74
99
15
99
81
40
67
75
40
6
99
97
81
6
74
99
95
81
90
99
67
40
58
40
67
46
27
42
67
90
99
95
59
5
27
0
92
99
62
0
1
13
27
91
54
0
67
27
60
99
0
67
99
70
54
90
13
81
27
77
60
0
99
0
6
69
35
70
13
0
27
67
99
57
19
54
27
99
67
22
74
13
58
0
90
57
91
81
6
37
67
80
27
99
54
13
98
99
40
0
67
1
62
99
40
67
90
70
40
17
81
54
40
0
90
54
27
90
54
19
47
31
34
81
29
13
50
67
40
74
84
54
99
40
63
93
47
0
99
90
47
95
0
74
33
6
81
13
67
27
0
54
75
99
81
13
42
67
40
76
99
74
67
99
81
20
47
