8
82
30
94
15
58
82
45
11
85
10
46
92
14
54
53
28
77
37
21
88
79
51
25
35
11
78
89
73
37
55
89
15
28
84
56
88
50
11
61
30
91
20
15
71
88
51
11
41
85
5
0
99
0
99
0
99
53
17
85
91
82
57
68
30
10
49
73
89
0
0
0
51
22
86
40
80
12
87
38
0
16
85
51
30
41
93
77
42
18
18
87
39
32
11
80
6
15
42
72
15
85
85
7
44
43
14
76
62
24
87
50
82
18
67
10
37
57
23
85
31
55
10
90
37
64
80
42
11
17
85
2
74
92
96
11
61
37
35
3
80
16
41
79
14
59
96
55
35
76
60
12
89
78
94
11
84
56
16
11
62
36
59
14
96
9
85
38
74
26
93
87
29
59
12
82
39
76
28
91
5
84
40
11
55
95
79
52
23
41
19
65
61
13
33
95
24
80
99
16
68
59
37
10
8
26
47
0
0
99
46
84
12
95
73
36
49
85
13
9
28
52
85
19
54
17
40
78
16
38
82
42
6
22
34
0
74
10
34
81
9
82
40
73
21
94
14
37
77
99
99
99
93
69
25
69
85
47
64
39
86
33
38
99
58
38
92
10
46
86
52
21
86
66
30
9
35
74
5
93
7
48
77
19
44
9
56
93
91
96
1
6
80
24
92
59
22
8
49
77
18
52
86
40
0
0
62
16
98
13
41
78
57
29
86
82
13
45
12
71
58
12
78
34
52
75
55
81
52
56
51
17
83
2
37
17
46
83
12
50
18
94
64
29
88
23
68
46
21
66
91
70
91
16
27
41
5
87
51
15
76
10
39
6
38
75
17
80
46
16
55
87
16
49
83
90
20
62
6
29
87
99
99
0
63
93
18
12
85
47
41
13
79
6
84
31
84
94
18
47
12
91
17
78
48
35
8
90
85
25
57
15
93
53
76
19
44
31
52
10
45
87
8
93
67
43
46
74
25
10
68
42
99
99
99
89
31
65
21
90
58
19
85
53
15
46
78
28
48
8
16
85
51
59
88
24
40
63
89
18
54
85
37
88
22
20
56
82
70
11
38
7
53
99
80
39
11
27
49
79
57
89
15
28
72
12
47
87
19
57
17
93
96
15
59
56
16
85
94
23
63
85
16
51
38
87
61
92
59
34
81
12
48
84
28
63
41
82
12
0
0
0
12
91
54
46
81
23
99
99
99
9
59
34
66
94
36
71
46
69
94
68
18
16
88
56
67
95
21
43
83
11
55
21
90
0
33
81
84
46
12
12
91
51
17
93
73
23
86
53
47
17
6
0
84
38
25
59
79
25
4
78
8
40
82
86
47
11
40
9
80
78
37
10
12
36
62
61
88
30
0
0
99
89
57
22
91
13
54
87
61
33
94
25
68
12
86
38
62
86
4
44
55
28
63
89
40
12
40
71
96
17
61
87
33
60
88
23
54
86
14
50
51
93
20
40
12
81
68
87
49
85
15
51
2
21
63
0
68
38
64
24
90
51
68
30
32
76
4
93
23
70
14
64
99
50
26
65
47
11
85
20
83
49
82
42
9
48
14
83
99
99
96
28
47
67
67
86
18
41
17
61
76
13
46
13
49
82
86
11
49
0
0
0
87
49
12
48
13
86
39
24
7
81
10
43
67
32
95
85
47
8
14
80
43
80
40
8
12
50
87
21
81
55
23
31
79
29
85
60
45
67
19
44
66
22
28
59
11
10
41
78
99
70
29
13
44
81
8
37
75
90
24
60
35
72
6
81
6
30
24
69
89
80
26
55
42
16
77
49
14
83
45
20
53
59
32
13
86
13
49
53
26
84
82
33
0
62
18
96
49
13
86
65
89
42
11
82
44
1
74
20
53
87
15
97
79
54
5
81
38
28
66
9
82
45
13
24
74
49
39
5
65
83
34
0
38
1
83
99
99
99
14
92
57
77
11
42
13
60
37
92
53
72
14
62
99
23
63
88
13
40
72
30
10
49
86
62
35
22
65
86
86
12
48
81
20
48
12
77
41
94
58
80
57
32
86
35
77
15
7
32
20
91
18
57
58
83
27
9
41
78
99
99
99
46
82
13
9
34
79
20
71
43
11
35
26
39
76
58
11
45
10
78
97
44
50
10
29
86
50
14
94
61
21
35
3
82
28
96
49
59
17
95
87
14
55
85
9
45
52
79
26
86
14
50
29
55
10
99
99
99
9
85
44
0
99
0
54
19
83
11
38
76
96
26
76
28
63
93
89
19
59
83
17
48
11
79
52
43
81
62
87
54
16
56
30
84
17
75
49
82
44
18
41
60
16
29
87
54
55
30
12
69
32
89
0
99
99
78
3
94
22
86
59
62
31
11
82
18
40
3
73
29
60
18
92
50
12
87
22
61
88
78
85
44
97
66
82
93
39
70
29
60
87
85
2
33
83
49
16
47
75
22
62
85
39
57
24
85
48
10
87
8
84
43
48
14
84
31
59
86
4
76
32
39
5
80
48
79
16
32
51
85
15
58
94
17
85
55
16
46
75
5
76
33
17
80
51
12
41
70
49
64
80
85
12
45
14
40
69
10
70
87
47
72
19
76
54
38
18
58
80
60
95
14
14
93
57
86
56
18
3
36
83
63
12
38
74
45
15
11
57
35
45
10
84
60
23
86
61
89
25
91
74
48
36
74
55
13
79
46
78
96
83
70
48
94
54
82
18
74
15
47
79
43
15
13
50
87
38
36
61
0
86
39
8
86
44
40
14
93
63
40
87
12
50
87
16
77
48
39
16
90
0
99
99
44
54
99
82
38
8
64
86
95
35
65
93
25
75
8
17
83
51
35
11
75
13
50
87
86
19
78
87
5
40
44
77
96
17
53
84
23
62
87
69
35
94
99
99
99
87
9
47
65
15
42
29
5
55
57
17
36
86
32
59
41
66
55
67
43
1
93
51
7
49
12
87
86
59
27
91
68
37
39
10
19
61
97
14
1
51
82
55
22
83
71
93
42
13
38
74
47
93
69
9
40
81
51
87
14
38
89
65
48
5
91
56
86
18
83
14
50
82
32
56
85
25
56
98
83
61
51
96
7
30
62
7
88
13
53
53
91
12
89
20
59
56
18
88
15
45
80
40
11
95
89
11
50
0
0
28
92
57
15
78
51
50
98
75
13
54
7
32
82
50
17
79
19
53
38
10
81
22
61
89
11
58
81
78
43
14
66
36
90
89
35
66
42
84
5
23
63
43
62
11
87
78
44
16
22
87
61
58
18
94
50
93
56
40
71
78
70
13
42
8
42
84
86
8
45
15
87
52
54
83
29
53
72
33
79
29
51
29
10
51
14
72
52
91
35
64
89
55
17
23
51
77
82
12
45
28
9
82
75
0
31
12
50
87
38
87
60
75
12
43
57
20
86
