52
26
0
39
63
4
91
9
78
6
26
13
1
52
43
99
13
26
65
36
39
65
13
2
95
26
39
13
65
9
65
0
91
10
12
3
39
17
19
91
9
26
0
42
78
52
65
11
14
2
13
65
2
52
39
26
78
95
99
91
13
1
91
52
23
26
99
5
78
39
8
39
0
23
5
52
65
99
2
10
39
4
7
52
78
26
0
39
41
37
2
13
52
16
99
0
13
65
39
4
2
26
17
0
42
13
26
99
37
65
39
99
78
91
0
78
26
9
99
14
0
39
78
12
52
65
78
13
8
91
52
39
26
9
14
91
4
13
8
6
2
65
16
0
78
39
91
10
14
6
8
91
39
27
78
39
13
0
56
55
78
99
6
39
18
65
39
6
0
99
65
13
78
30
0
26
39
2
52
54
0
26
78
91
2
26
65
78
52
99
39
78
91
26
52
52
1
65
95
39
65
10
14
78
29
39
91
78
99
65
26
39
78
9
0
11
14
26
28
30
39
26
52
78
91
99
78
7
14
26
39
0
9
6
65
91
13
99
27
52
1
13
91
15
17
78
65
91
2
13
65
13
91
4
52
26
39
52
8
5
13
39
65
56
0
4
65
99
52
23
91
10
4
14
78
26
91
13
8
99
5
52
99
22
16
78
39
52
10
14
39
8
65
78
0
13
52
91
30
65
99
0
78
4
52
78
65
26
39
10
91
78
13
4
0
99
26
91
78
52
39
9
5
0
65
52
7
91
17
0
26
99
78
65
91
52
39
5
8
2
13
26
2
28
65
52
13
39
23
24
65
26
95
99
91
65
39
13
78
80
91
4
7
6
39
65
5
91
99
15
78
26
2
65
52
26
99
9
65
39
4
39
99
10
65
99
65
6
26
78
65
9
5
52
14
0
65
10
52
24
91
52
78
39
1
39
6
99
52
23
91
52
78
13
9
99
78
52
7
26
39
26
0
99
78
0
39
99
52
20
52
99
9
6
22
99
91
78
52
65
6
39
22
19
26
10
5
26
14
7
26
9
5
14
52
65
3
13
99
39
26
39
52
8
13
26
10
14
16
39
2
91
26
18
52
52
78
39
26
99
65
6
13
99
29
0
39
65
26
20
78
13
39
0
52
26
52
78
91
39
91
10
14
4
8
78
52
99
65
39
91
78
39
65
0
26
2
99
43
42
26
39
99
52
8
52
9
65
20
22
99
26
91
13
78
65
91
7
13
19
99
65
78
52
10
91
52
13
26
0
39
91
3
78
52
26
65
3
91
78
39
78
99
5
91
39
65
26
9
52
65
78
91
26
6
10
14
65
29
31
91
65
52
13
26
13
39
30
1
91
10
91
52
0
5
91
39
13
2
99
99
4
65
18
20
99
3
52
91
65
99
9
52
0
24
65
26
78
4
39
99
2
8
0
65
5
39
78
21
23
39
99
65
78
0
26
2
91
36
65
9
65
39
20
91
39
91
10
26
14
2
39
0
91
26
26
91
65
39
0
13
91
24
22
25
6
26
18
20
22
65
5
26
78
52
65
52
8
4
14
78
0
26
7
10
78
13
65
30
52
6
78
91
99
39
99
6
39
13
65
52
2
99
11
26
26
39
3
10
99
65
52
7
26
9
0
1
17
65
52
11
14
0
16
39
52
4
26
91
62
6
52
23
39
91
39
9
6
25
28
39
52
7
78
65
52
10
78
22
20
52
13
78
29
28
13
39
26
91
78
26
78
3
99
41
13
99
39
0
3
78
10
14
26
39
99
78
3
10
14
39
65
3
26
17
78
52
26
91
3
78
13
2
29
31
13
26
52
28
65
52
9
99
27
91
91
5
26
18
37
78
99
8
1
20
91
0
6
99
22
52
13
39
26
62
91
52
13
39
78
78
91
13
2
8
99
91
4
26
17
99
13
0
52
31
3
13
65
91
52
52
65
0
78
17
52
39
13
99
68
52
3
8
0
20
99
8
6
0
78
26
10
14
12
16
39
26
91
0
78
99
91
65
39
78
13
7
9
65
0
99
78
65
39
5
26
8
2
0
43
9
52
99
25
65
65
99
78
91
10
91
26
8
7
52
6
99
78
26
19
9
78
99
19
52
78
11
14
91
23
78
13
91
23
65
99
9
6
13
78
52
4
10
14
12
39
5
8
26
1
65
26
91
0
99
99
0
13
52
65
26
3
39
13
0
26
91
78
5
13
39
0
13
15
52
3
91
26
65
37
52
5
26
8
78
91
39
1
7
78
8
39
20
21
5
3
39
78
9
0
91
78
65
7
11
65
78
39
1
26
65
78
26
91
39
26
0
99
43
36
39
13
26
65
3
10
91
25
65
41
99
39
4
13
26
0
99
14
65
23
26
78
10
99
52
91
78
65
99
0
26
52
65
13
2
13
99
91
24
4
4
91
16
7
99
26
99
91
39
65
26
4
39
91
65
65
26
0
10
14
39
91
5
13
65
91
78
4
39
99
26
6
13
37
52
13
4
39
29
31
26
78
65
13
52
2
52
91
99
65
39
2
65
91
18
10
99
21
24
65
4
26
52
65
19
6
0
52
39
78
39
13
52
0
91
6
65
22
18
99
26
78
99
4
39
52
3
26
39
68
65
99
13
8
10
95
52
26
99
91
3
39
26
11
9
78
91
7
65
23
99
78
52
4
91
65
6
91
26
21
4
78
18
65
99
91
78
99
8
0
99
13
26
78
43
26
4
13
41
44
0
7
65
25
91
91
0
26
12
10
65
4
52
16
26
52
2
39
91
19
2
39
52
18
91
99
78
0
8
39
13
4
78
23
30
91
65
0
99
52
39
78
26
7
91
99
65
52
78
91
39
99
52
91
8
52
78
13
26
28
10
52
26
91
39
39
91
0
99
9
99
4
11
14
16
91
65
26
99
9
39
6
91
26
21
1
99
11
10
91
3
39
26
78
16
26
0
78
52
99
39
52
13
1
62
99
13
78
28
65
52
13
0
26
78
26
2
13
41
91
11
39
22
20
23
13
2
65
29
91
78
13
26
91
42
1
39
17
78
10
52
13
91
99
8
26
65
52
0
39
3
39
65
15
7
78
99
52
10
65
91
2
65
15
18
26
91
10
39
41
91
26
52
78
39
52
65
39
7
99
78
65
99
13
8
0
65
52
39
91
78
91
26
13
65
65
5
99
19
0
39
52
91
2
8
6
0
13
91
99
65
99
4
8
3
99
13
39
29
65
13
91
3
39
65
2
0
39
6
65
2
52
78
18
91
78
3
39
26
52
78
10
14
65
28
39
78
4
0
91
52
11
78
14
16
91
13
78
99
31
65
91
13
4
26
78
65
99
0
52
13
65
29
78
91
78
52
65
39
6
13
2
52
23
30
52
65
2
39
99
52
26
39
7
78
91
26
39
6
65
52
26
91
39
9
99
65
3
13
52
52
0
78
26
18
0
13
65
2
24
26
13
99
78
3
39
1
13
65
26
39
91
52
26
78
26
39
65
9
91
91
78
99
7
10
1
39
65
78
18
65
52
91
0
10
26
13
78
37
6
39
91
5
0
19
6
26
99
36
78
3
39
15
52
26
52
65
95
90
99
2
39
9
78
22
91
11
65
52
99
52
99
3
13
65
26
1
91
42
78
13
78
28
1
43
13
26
28
65
41
0
10
14
16
3
65
52
7
78
21
78
91
39
52
0
39
52
9
7
11
91
99
8
52
22
52
91
4
39
78
78
0
9
6
12
65
0
39
11
12
78
91
39
2
8
0
7
39
17
99
52
10
78
0
91
6
91
52
16
39
91
3
13
39
16
65
91
0
39
3
52
26
99
65
1
65
78
4
9
99
0
78
10
17
99
26
65
91
39
99
5
26
14
11
99
0
99
26
17
65
78
2
65
91
13
52
13
65
25
78
26
65
78
13
7
78
39
13
0
49
39
4
26
65
50
99
65
52
91
6
39
65
2
26
52
91
7
39
22
18
26
10
14
52
6
13
99
39
65
23
3
9
78
0
5
78
13
99
24
0
2
78
0
52
39
99
39
91
0
78
99
1
78
52
18
0
10
39
52
20
13
39
30
99
55
39
26
52
2
65
65
39
26
78
99
91
13
26
4
99
26
52
91
4
39
26
0
7
39
52
78
26
4
0
91
91
9
6
13
24
65
26
4
8
1
65
99
39
91
11
8
39
20
52
54
39
7
0
99
22
39
26
1
52
65
65
99
26
52
9
52
99
78
2
8
65
91
99
8
52
95
26
90
99
13
5
39
17
65
91
13
91
99
0
2
78
52
99
65
0
65
39
78
91
13
65
13
26
91
3
52
0
39
3
78
13
39
52
65
26
99
0
91
65
26
78
3
99
39
10
78
65
99
91
39
99
52
26
2
13
65
52
91
99
39
11
14
99
2
91
9
39
24
5
99
26
91
13
39
41
78
91
52
8
26
39
91
52
10
5
6
52
91
17
19
39
3
99
15
52
52
13
3
78
25
0
52
91
18
6
78
2
52
91
19
7
99
78
18
65
91
3
39
26
19
78
65
0
8
6
52
13
39
99
69
91
1
39
78
18
13
26
91
78
6
6
39
78
27
24
52
13
65
23
24
78
0
91
15
26
91
65
13
4
9
91
65
0
99
9
99
39
91
26
10
65
91
26
39
0
39
13
65
78
80
13
99
30
39
28
91
5
26
8
99
78
26
4
65
42
39
13
65
55
99
10
39
0
78
65
91
3
0
9
99
13
26
28
39
78
39
99
91
13
3
13
52
39
7
65
9
39
5
52
65
78
99
10
14
65
52
99
91
8
65
91
3
99
18
20
91
78
99
39
65
52
78
0
1
5
26
52
65
6
91
39
91
9
26
6
6
65
52
19
39
91
13
65
99
30
10
14
12
65
29
0
1
99
17
78
13
99
65
31
27
39
78
3
52
65
99
39
91
65
13
65
91
10
99
21
52
78
13
1
99
99
52
5
91
65
52
0
39
16
6
91
78
65
99
39
0
39
99
11
52
52
91
65
39
1
13
26
65
91
44
91
65
99
0
39
39
99
91
3
65
26
3
65
52
10
0
99
7
1
20
65
78
52
39
99
7
52
3
0
9
13
99
65
39
91
52
78
65
5
91
13
78
52
31
39
65
4
0
7
14
3
91
7
52
21
9
39
78
65
2
78
26
91
39
3
91
52
39
10
0
78
99
3
13
65
13
26
7
28
91
91
13
0
24
99
3
8
0
20
27
39
91
0
13
78
52
99
13
1
78
52
91
39
10
14
91
11
14
52
3
78
39
52
26
65
78
39
65
52
91
39
13
78
56
55
91
26
78
65
13
2
52
26
18
99
11
0
52
14
91
26
52
91
7
99
14
4
7
1
26
91
0
3
52
17
65
6
99
91
52
91
78
65
99
39
65
39
91
52
99
3
9
99
6
13
65
26
39
2
91
10
65
23
14
78
3
78
17
8
6
13
0
65
28
95
26
99
65
13
52
52
91
65
8
6
99
52
65
78
9
0
26
52
9
6
13
39
24
22
65
52
91
65
39
4
65
39
10
91
22
26
91
39
5
65
2
78
52
19
11
0
26
11
91
99
91
13
78
29
52
13
99
29
0
44
39
78
52
7
26
26
99
78
6
39
3
26
78
91
43
91
0
26
52
42
