5
7
67
13
12
86
80
36
75
54
52
80
28
31
78
97
72
44
37
42
95
8
6
1
2
17
21
38
5
87
58
3
56
60
8
52
19
98
97
96
36
23
40
38
37
62
92
18
71
93
32
34
96
66
37
65
62
37
40
8
94
24
83
22
97
88
83
25
1
84
13
8
97
82
78
74
22
94
38
34
7
78
57
77
63
50
4
5
45
87
53
93
57
51
43
72
44
89
62
63
4
55
3
5
91
77
80
78
56
13
72
14
32
86
12
45
46
22
82
69
70
91
53
89
31
12
50
54
18
15
84
18
44
17
86
55
68
81
57
69
36
39
65
38
58
60
47
18
59
19
6
7
3
46
99
35
32
38
33
36
96
95
68
64
61
55
99
21
97
96
8
11
85
72
83
15
16
5
10
38
51
29
8
25
12
44
59
57
49
48
65
16
30
88
13
12
74
71
68
6
97
72
30
35
75
81
10
7
73
74
22
58
60
27
55
46
16
17
42
18
99
80
97
31
8
92
60
86
79
54
62
63
7
98
95
47
60
98
97
57
24
34
81
23
28
27
91
87
86
30
52
73
95
92
38
59
71
65
57
9
23
70
42
92
96
52
56
79
42
59
18
76
37
17
45
54
85
50
13
9
62
95
94
44
42
9
97
96
22
28
44
61
71
48
74
75
63
74
76
94
52
51
39
46
48
44
75
42
38
76
69
43
56
45
96
74
9
73
62
75
54
25
57
45
91
80
46
48
70
37
29
61
51
45
70
28
76
75
71
20
59
62
85
4
54
7
11
75
61
12
15
33
11
19
32
92
79
90
83
80
3
92
26
83
79
61
28
41
63
45
20
65
29
32
26
92
43
45
57
27
2
7
5
39
38
16
21
46
52
33
29
40
61
55
27
38
2
63
33
35
30
32
29
98
27
89
72
30
29
74
0
51
25
27
22
12
17
15
30
28
63
14
12
65
82
12
90
52
2
13
44
99
39
40
98
65
60
55
2
58
93
76
63
68
72
28
29
1
36
21
49
24
48
51
46
3
46
66
68
79
91
20
84
79
30
16
66
31
96
19
27
41
40
57
31
92
93
59
63
49
48
6
3
45
5
23
20
32
36
55
45
81
43
38
47
54
38
39
41
52
51
55
23
52
25
72
2
57
64
59
91
29
93
14
73
22
2
16
17
1
44
52
40
31
26
15
5
7
8
88
70
3
72
4
0
73
21
14
25
72
35
36
32
68
37
72
34
33
75
95
82
84
99
26
25
79
12
95
9
34
7
2
89
83
88
43
91
32
67
96
24
13
17
40
21
49
21
19
50
16
91
92
73
89
87
72
46
73
70
18
81
18
28
80
79
22
6
36
80
2
71
38
78
77
52
61
40
6
5
89
69
77
62
82
83
48
50
55
47
80
16
51
89
44
61
95
10
63
13
11
88
82
86
62
68
38
10
11
34
4
13
8
1
59
10
39
56
9
96
76
8
40
14
70
11
84
12
48
51
13
9
22
27
33
8
37
95
43
40
98
93
90
24
94
26
36
86
56
89
37
50
73
70
56
67
30
78
50
23
31
23
95
93
19
67
88
20
18
80
86
47
59
58
8
54
29
28
75
6
25
62
12
79
75
74
63
90
4
67
92
70
64
60
62
93
8
69
23
50
4
61
93
92
89
58
36
74
73
71
35
37
54
52
38
33
41
44
74
12
85
56
77
57
58
97
98
41
15
3
42
75
73
86
21
17
85
89
57
10
86
44
34
48
43
63
88
92
2
41
40
5
71
2
77
6
43
11
47
60
58
8
49
65
52
21
10
66
6
64
5
10
22
11
49
37
45
1
84
4
49
41
31
45
89
43
50
53
33
60
28
2
8
3
83
95
81
17
32
11
29
31
94
29
46
43
78
49
48
80
58
71
73
36
37
10
68
9
19
38
17
50
26
54
27
95
66
61
40
68
65
92
6
31
89
14
80
96
79
31
30
95
58
48
91
49
85
13
44
6
70
43
90
62
60
89
54
31
12
57
11
68
55
35
72
91
37
41
96
94
92
14
7
30
12
35
57
5
84
4
81
18
46
45
14
44
90
88
63
42
44
94
93
36
96
88
73
15
17
14
19
3
4
5
44
71
13
5
28
12
0
16
75
76
79
31
15
19
70
74
90
87
88
56
89
7
55
84
83
71
80
3
40
48
7
0
94
84
91
89
6
76
26
81
86
42
40
30
21
23
22
94
90
40
65
35
33
43
0
93
30
77
4
1
80
85
7
99
6
68
97
53
47
28
32
29
56
88
61
57
50
86
91
12
15
13
49
45
18
81
53
26
30
12
27
90
0
77
62
59
82
34
35
19
18
41
5
11
55
80
29
77
35
23
29
11
79
78
86
74
1
48
10
9
8
62
37
33
41
31
3
30
59
20
78
36
35
37
95
50
33
59
49
16
9
12
91
68
75
53
56
15
45
43
31
51
43
55
3
7
78
97
96
9
21
24
15
11
28
21
0
10
69
84
12
27
86
5
58
81
53
77
34
36
65
48
22
52
27
39
48
48
73
30
47
32
81
57
40
56
61
62
99
94
54
59
27
6
70
7
26
5
97
60
80
56
33
30
26
89
31
90
57
32
65
66
45
42
96
27
8
51
24
31
25
27
45
41
35
40
69
22
53
37
42
52
3
84
74
28
6
69
63
83
33
82
33
18
56
9
58
90
68
67
69
24
36
27
38
25
20
8
21
12
64
6
56
59
97
95
68
83
63
81
28
30
91
58
56
17
89
65
82
66
84
79
98
49
91
96
66
88
55
60
69
86
29
93
51
95
97
68
69
72
93
64
27
94
84
22
26
53
84
16
55
14
39
38
36
68
63
29
26
43
40
47
34
44
61
41
42
91
47
49
86
94
25
28
7
3
89
36
30
79
39
87
19
3
72
70
71
21
35
46
44
40
11
66
74
15
20
88
83
86
89
34
47
15
48
65
62
53
70
12
56
52
98
57
58
55
36
87
54
89
92
85
8
3
87
91
88
30
32
69
18
53
86
2
3
81
73
13
15
61
59
73
53
19
86
99
54
11
26
75
25
10
11
47
9
42
46
59
61
30
26
3
62
17
24
23
60
43
24
30
77
74
27
98
73
57
76
83
80
82
20
54
75
0
15
14
79
13
4
81
75
10
41
20
21
57
85
14
5
88
31
84
56
42
45
73
70
75
51
77
79
78
28
66
23
81
67
55
97
91
19
99
14
15
75
71
68
7
68
8
83
9
17
10
61
64
94
92
47
87
52
49
5
20
27
15
31
47
2
42
46
1
81
33
37
49
53
9
98
93
89
3
90
65
12
10
15
97
85
96
67
99
41
79
35
36
90
11
70
39
66
3
86
93
88
76
26
20
39
27
25
45
58
73
56
83
90
22
65
27
25
23
65
25
2
76
1
3
79
87
83
82
89
85
63
54
39
62
84
3
66
88
97
29
88
15
58
87
52
47
49
83
13
2
61
47
60
72
63
42
65
61
99
48
5
4
95
88
49
53
47
45
88
83
30
84
71
10
25
94
22
0
44
50
49
4
10
62
20
51
64
58
13
24
57
10
61
17
18
24
13
91
15
88
6
75
73
34
23
57
60
59
70
40
4
2
96
2
34
70
90
80
37
99
46
49
48
85
72
76
73
40
59
55
88
52
42
31
30
22
34
84
45
87
20
81
78
36
53
82
52
83
86
23
48
77
67
35
5
93
69
25
54
80
59
78
77
34
30
11
23
9
94
99
38
33
80
8
60
4
66
67
40
9
43
67
35
24
26
54
30
57
47
92
54
23
94
55
31
34
57
90
85
4
1
53
45
48
70
21
11
49
20
11
12
13
10
83
27
95
23
8
96
50
92
68
20
47
83
82
86
52
59
26
24
19
40
26
86
71
82
83
99
96
87
94
89
79
62
64
83
77
80
76
67
69
24
91
1
26
22
5
83
87
62
49
52
61
59
85
60
29
43
10
63
87
37
76
81
70
2
68
38
1
36
42
68
42
24
12
25
27
9
1
0
11
4
68
98
73
13
9
53
52
92
34
55
69
66
19
53
67
18
87
53
17
84
30
37
34
26
52
91
30
92
68
38
22
96
48
94
76
21
19
67
24
82
56
55
6
36
47
37
42
41
20
40
69
14
80
76
48
34
49
22
47
83
89
85
84
91
90
9
15
45
14
90
72
82
73
63
94
4
89
3
13
10
65
53
67
63
49
36
98
30
37
39
33
31
85
59
34
45
66
84
59
73
44
41
42
54
50
59
54
73
68
75
90
93
9
12
63
94
7
10
55
98
95
55
58
3
74
17
13
15
66
82
47
87
86
84
8
77
41
79
92
87
78
47
4
8
88
1
32
31
3
19
27
11
9
28
85
34
51
25
52
47
14
63
21
74
59
89
4
97
86
37
49
19
50
70
52
47
94
93
92
60
32
31
72
59
62
14
60
62
64
63
39
51
3
86
84
88
16
52
19
78
93
81
79
22
77
33
43
57
63
44
1
82
78
91
8
87
35
13
15
18
34
30
44
43
88
1
62
75
6
45
81
67
77
68
19
35
69
89
95
1
4
2
16
54
6
9
18
87
21
90
21
10
71
13
19
53
77
46
42
51
84
71
38
32
40
13
63
60
45
61
73
78
52
5
9
81
25
84
24
79
83
71
34
41
23
38
39
3
40
84
27
5
23
24
31
1
51
37
3
77
17
27
20
21
14
30
35
83
76
34
77
0
97
99
98
85
63
38
42
82
12
69
14
8
66
56
45
68
4
58
34
33
67
36
37
27
25
46
36
22
82
49
41
83
73
64
83
43
12
9
73
91
75
87
92
49
96
52
91
97
80
74
61
2
17
33
89
31
76
22
51
42
54
43
65
96
4
25
38
47
8
35
4
6
78
66
64
95
0
63
76
23
89
90
93
92
56
17
61
88
88
79
36
42
35
71
41
84
61
63
26
47
46
65
66
58
91
59
36
67
47
35
37
59
36
32
35
30
88
34
20
97
17
99
96
87
6
91
90
84
11
22
8
25
15
4
45
67
71
64
58
46
86
47
57
71
73
83
76
69
80
43
11
87
32
85
81
77
3
7
62
70
77
59
61
42
43
38
68
36
26
45
20
51
19
57
89
91
61
63
94
86
14
89
59
85
95
92
88
43
9
51
91
88
69
49
84
70
50
19
21
98
0
2
84
51
12
8
34
9
39
62
37
57
33
58
1
3
4
10
31
37
38
69
41
29
59
34
14
17
37
32
2
36
0
84
94
81
95
24
12
21
24
26
22
30
58
18
22
46
43
68
55
19
37
60
72
77
68
69
66
62
50
51
45
92
70
57
60
96
1
97
98
0
65
69
25
48
54
23
22
57
20
84
55
54
85
17
56
14
76
6
67
8
14
34
39
62
10
36
26
80
59
76
81
95
96
33
98
37
73
88
84
76
24
69
9
45
44
40
1
56
58
4
39
47
4
48
50
15
78
9
12
6
3
76
23
62
64
75
18
27
64
25
20
3
2
1
91
89
45
88
20
98
82
91
90
81
70
4
10
35
37
18
11
86
25
95
97
52
74
5
4
19
21
3
40
50
52
36
37
16
13
15
63
18
65
43
22
37
65
95
33
39
67
76
44
41
69
75
11
77
14
12
78
22
51
27
36
23
