8
60
71
90
60
75
82
60
30
3
24
60
10
39
75
60
45
83
0
15
67
21
2
51
10
15
60
75
45
83
22
45
0
21
45
15
90
67
30
60
0
22
25
37
67
60
30
57
8
48
30
8
68
37
0
1
37
19
81
0
22
0
80
26
60
67
45
77
0
83
11
0
24
0
82
37
79
67
8
90
67
90
39
15
0
15
83
8
37
93
37
60
30
32
75
67
39
18
75
90
65
86
2
75
20
67
45
0
40
0
83
30
67
90
39
75
81
19
80
51
8
84
67
37
99
85
80
33
8
15
0
83
25
45
12
60
8
45
33
45
30
84
45
83
8
99
67
75
32
18
8
83
67
40
8
67
53
82
15
60
37
8
48
0
28
22
81
2
99
75
24
48
30
0
51
17
90
75
33
79
0
1
34
90
0
20
75
62
99
66
17
90
60
99
83
51
8
82
93
3
0
68
37
75
45
0
91
30
15
83
84
39
90
99
30
67
75
50
12
30
47
79
60
75
17
0
60
1
25
45
83
37
2
99
0
99
51
8
30
12
37
67
75
90
37
0
37
99
45
65
53
75
75
99
60
22
40
82
32
75
12
99
21
12
60
37
59
21
60
57
90
8
53
8
37
99
75
24
0
60
30
75
15
90
50
90
15
60
45
90
23
38
67
30
8
99
39
11
39
26
37
63
8
0
63
48
93
47
26
82
22
90
22
0
1
22
41
30
99
67
37
0
37
70
37
30
15
75
8
70
82
49
45
38
30
0
0
60
48
54
92
99
68
99
23
67
99
78
37
8
55
90
60
30
8
25
60
11
30
70
0
77
90
0
15
99
45
46
99
15
67
60
20
45
82
52
64
60
3
20
8
60
99
84
30
63
32
60
57
75
39
90
45
8
30
54
60
8
83
83
60
56
80
48
37
34
90
0
54
8
0
95
25
21
21
75
37
52
60
8
8
30
99
52
22
95
19
52
61
8
47
69
0
67
71
66
34
0
90
75
38
48
30
45
82
12
60
48
78
60
45
67
60
90
99
46
90
34
12
22
0
75
90
38
63
15
52
37
0
99
67
75
30
45
15
53
0
49
0
92
82
38
22
86
0
71
3
42
30
95
32
75
93
34
0
54
60
75
65
99
60
55
75
60
37
90
15
30
90
37
49
30
60
60
79
67
60
67
99
3
21
45
10
99
0
45
21
8
45
15
83
84
99
80
0
30
75
75
69
60
69
75
52
8
99
0
84
99
77
15
21
8
82
99
90
0
45
30
40
30
90
99
19
2
92
75
51
21
34
65
63
37
48
45
40
60
75
47
0
30
0
15
60
30
99
53
22
60
32
49
75
15
21
99
54
37
8
30
67
31
37
75
38
21
92
60
8
67
0
30
64
0
45
15
83
15
60
99
30
48
37
49
15
83
40
90
50
30
75
37
90
37
99
30
90
85
25
0
99
8
99
0
99
30
67
21
30
63
8
90
54
15
67
30
8
0
83
0
75
83
60
15
38
69
53
30
0
52
99
23
0
54
99
8
77
65
25
50
0
51
75
15
53
75
22
8
84
42
90
30
49
99
90
69
30
8
45
20
46
60
57
78
45
75
37
10
30
45
0
69
45
60
2
45
8
90
77
45
60
30
37
0
60
8
67
15
25
68
0
60
0
19
39
53
33
0
48
30
94
66
60
78
19
99
38
0
53
0
24
45
47
30
48
69
20
86
26
47
15
81
23
53
0
99
37
0
30
45
4
37
18
19
60
37
82
11
99
0
26
99
67
99
15
81
53
41
75
99
17
45
69
15
0
19
70
22
60
37
90
24
8
8
48
99
0
32
45
99
15
96
22
82
45
39
65
0
66
90
15
95
16
66
90
40
26
90
8
67
51
0
25
30
8
63
10
37
60
75
8
40
45
0
51
8
15
54
0
15
83
45
60
37
67
39
8
83
37
45
60
11
39
51
64
20
99
50
68
60
79
25
37
90
8
49
75
12
66
37
8
75
18
70
90
0
85
80
54
8
68
37
83
18
0
55
54
0
22
12
34
53
60
37
79
37
67
27
15
37
99
82
8
90
15
69
38
30
0
83
75
54
37
22
37
24
90
99
15
86
17
39
83
0
45
99
90
62
84
60
12
60
0
99
20
8
67
37
45
54
50
37
48
8
60
99
60
82
67
45
15
90
51
60
75
15
82
45
60
15
45
60
90
12
8
62
33
90
42
75
75
30
74
30
75
56
79
99
80
75
33
0
60
33
77
83
99
3
23
64
60
47
45
67
83
93
75
30
8
31
60
56
30
51
19
85
60
22
67
30
80
8
30
81
15
30
67
2
84
45
0
30
60
80
54
60
84
32
90
0
15
40
0
0
45
8
52
96
12
90
82
60
81
60
45
39
79
0
99
67
83
37
8
99
15
47
99
0
15
67
40
60
32
45
0
1
35
8
71
55
60
30
69
21
40
0
47
23
63
15
82
30
67
75
22
37
0
5
23
49
75
67
90
32
0
67
83
52
60
83
37
90
67
45
99
30
15
45
45
99
67
67
49
81
60
54
78
60
99
58
75
37
90
8
84
83
99
50
19
75
53
20
79
62
15
30
51
82
90
15
83
75
72
0
8
99
90
37
15
67
30
69
99
60
95
24
22
0
25
15
75
55
66
15
32
53
32
60
93
60
0
90
45
51
32
15
30
45
0
99
8
0
64
80
99
70
45
82
23
8
93
39
68
75
52
8
75
33
75
11
0
45
93
12
45
0
53
15
0
99
80
45
15
37
60
15
92
37
67
25
80
23
23
15
99
20
8
37
32
75
15
21
45
20
68
30
83
39
45
90
60
30
99
60
30
75
8
21
37
45
99
46
15
37
50
60
67
45
30
77
54
99
52
8
0
37
92
67
92
45
15
50
90
45
30
69
37
60
51
75
60
8
0
45
53
60
15
0
30
48
67
18
75
45
39
90
15
37
77
75
90
8
37
20
0
50
53
60
82
75
73
18
90
32
67
38
94
52
93
60
61
64
22
90
67
37
75
90
11
39
35
90
0
66
99
0
51
45
75
8
51
37
60
99
8
75
8
56
30
0
15
30
90
0
8
51
0
52
84
70
30
62
85
12
54
37
99
0
71
66
30
15
51
22
84
99
11
30
45
99
90
15
45
85
66
25
3
83
15
99
79
21
0
39
75
73
15
67
13
15
79
69
99
0
37
8
90
37
23
75
0
60
0
99
60
51
0
90
67
99
39
81
26
60
0
62
45
8
86
2
75
3
60
48
54
85
37
53
18
39
0
30
8
99
15
26
61
8
37
60
60
8
67
24
15
49
30
49
3
75
53
81
45
60
22
90
48
37
90
15
83
52
15
25
81
30
8
0
22
45
37
8
15
0
75
39
79
39
0
8
90
0
