26
86
2
55
75
80
84
33
81
93
83
30
56
24
16
93
67
6
64
96
20
10
96
16
63
66
32
46
28
74
17
34
0
45
60
37
26
78
91
49
17
23
1
44
55
75
42
46
68
3
19
14
43
37
66
46
49
22
58
41
17
41
92
14
68
37
62
83
14
43
24
39
35
44
55
84
36
57
51
46
7
25
71
42
47
71
28
9
4
73
53
47
43
54
33
85
72
16
18
2
70
74
2
44
56
23
81
85
34
62
2
49
82
31
37
26
80
82
68
77
26
31
37
86
76
41
29
33
65
74
8
69
84
41
25
89
68
43
50
40
67
14
0
86
13
73
8
10
7
19
20
91
34
52
8
17
33
76
3
56
22
39
85
97
55
56
90
95
82
60
14
74
15
4
32
40
71
98
27
70
59
42
2
27
28
61
49
86
78
5
40
73
49
45
64
22
53
84
57
87
79
75
63
15
38
42
94
37
6
79
83
53
70
45
44
20
2
15
22
57
42
54
27
93
39
0
1
62
76
37
71
33
37
10
44
17
90
94
86
63
93
5
71
9
11
76
25
28
75
81
80
79
25
15
39
71
43
11
83
78
82
8
44
19
2
19
78
64
3
71
36
70
48
94
81
28
92
98
95
84
92
79
23
68
52
52
17
41
3
8
43
58
8
31
70
38
46
24
87
30
88
4
79
14
55
83
1
55
9
31
76
48
62
80
29
64
59
63
2
80
17
22
60
92
23
37
81
39
61
76
8
93
4
5
52
17
24
64
93
97
29
30
16
5
38
72
31
13
83
33
81
43
88
32
50
41
84
98
42
75
76
82
43
16
84
49
14
34
70
90
85
64
63
80
6
36
7
6
45
56
38
37
32
50
10
5
93
41
96
16
9
46
7
63
15
68
18
86
60
56
37
65
95
53
66
73
89
41
78
51
72
33
58
2
55
6
65
95
84
61
94
55
80
1
90
81
25
40
87
41
69
74
34
68
42
16
81
85
32
39
95
53
43
84
2
65
21
87
6
46
25
85
96
89
65
75
25
3
52
78
25
99
73
61
66
75
82
56
27
42
13
73
5
18
99
88
9
1
60
95
41
28
52
15
87
31
43
64
56
85
11
48
97
14
22
14
34
30
78
16
37
62
26
41
35
16
1
43
67
89
98
46
97
21
44
79
92
25
64
97
23
2
22
27
53
52
26
40
89
90
28
4
98
49
1
35
46
1
32
90
59
12
21
16
72
70
61
90
68
91
14
88
71
30
75
15
53
44
16
90
0
64
55
36
33
76
53
98
13
52
83
65
93
90
24
78
96
25
26
59
38
69
7
33
15
64
91
65
47
60
4
32
41
78
82
53
20
7
13
51
80
38
5
61
93
82
38
23
98
18
49
96
3
34
17
8
70
82
28
63
35
34
27
23
61
65
2
49
6
83
13
18
88
63
37
17
10
86
24
75
65
67
33
18
13
65
68
59
9
38
43
93
41
3
42
58
91
28
46
13
65
2
27
95
8
96
46
15
71
80
39
45
78
25
90
24
32
82
20
94
16
55
28
84
49
88
73
90
93
87
74
23
41
55
8
52
82
14
7
40
64
9
98
29
60
46
1
51
10
96
25
61
42
33
81
48
9
67
99
79
79
90
28
32
18
39
24
70
43
88
91
54
23
10
89
9
28
51
49
13
77
90
30
39
54
50
72
62
53
76
85
57
52
32
35
18
12
88
60
84
61
37
89
76
10
32
27
80
15
25
93
62
98
13
5
78
45
76
63
38
0
79
98
90
80
93
73
99
29
37
27
15
55
77
19
50
75
45
33
21
9
57
22
41
28
91
7
93
55
62
31
40
67
21
0
54
92
21
58
49
32
92
71
3
65
62
14
59
39
40
53
75
92
67
43
61
35
96
93
2
33
60
31
76
79
13
31
85
69
87
83
75
84
21
0
72
76
52
63
4
17
56
35
15
96
70
1
20
90
94
13
96
94
55
6
17
80
47
42
99
7
49
74
23
33
89
97
65
1
80
1
32
94
87
33
93
94
18
27
50
67
71
64
63
96
67
37
22
13
40
76
81
58
20
97
58
34
18
69
26
87
50
18
81
51
6
9
42
60
43
42
79
89
72
49
92
29
94
81
27
96
12
73
81
4
27
49
43
4
14
62
72
26
47
41
46
33
7
54
12
70
11
84
47
76
45
79
29
86
90
10
62
25
13
35
50
90
24
77
39
80
87
37
77
4
82
16
28
0
8
11
38
53
19
87
51
87
30
25
49
34
2
72
37
86
91
57
19
66
30
34
8
94
66
50
99
23
38
51
59
64
97
56
66
28
76
17
69
2
72
40
49
32
11
66
27
75
47
48
5
31
44
56
21
33
28
78
74
41
24
90
35
9
85
79
88
51
28
55
96
46
26
99
45
17
93
12
92
23
58
48
96
85
80
72
47
7
25
66
36
31
9
51
49
37
37
11
67
19
88
81
21
9
36
90
6
18
40
44
96
46
57
13
67
3
68
77
61
58
67
40
2
76
67
37
92
68
75
88
9
38
99
19
92
36
52
57
5
71
75
96
87
4
63
2
15
57
39
88
94
6
98
90
96
19
79
42
78
41
19
92
7
51
76
6
77
85
82
66
91
62
52
23
99
68
73
69
40
9
22
13
46
89
88
99
80
19
71
22
9
89
0
92
49
6
22
87
59
35
85
80
33
44
17
34
46
50
19
38
68
61
30
27
85
45
7
3
67
45
5
23
96
15
26
1
51
32
63
0
98
30
51
38
56
9
1
31
19
45
82
33
45
14
24
15
3
31
38
55
84
0
72
18
43
64
0
25
87
26
42
66
54
49
99
44
92
70
19
74
79
52
78
26
24
57
27
83
10
9
89
5
76
15
43
93
2
33
1
16
99
88
5
44
17
55
20
97
75
80
32
60
84
97
50
93
97
38
4
89
58
60
18
65
14
38
12
32
79
84
82
65
73
53
85
63
81
43
69
56
75
69
45
20
33
85
54
56
22
83
9
93
15
29
3
7
11
20
78
35
51
95
62
31
98
34
98
13
35
0
20
22
19
84
87
63
36
39
46
57
16
42
62
99
69
83
28
92
85
34
27
99
13
88
71
36
50
74
77
7
98
24
61
0
31
66
46
19
30
50
12
64
35
89
43
2
57
33
72
41
79
43
21
54
57
69
55
6
99
47
39
1
26
15
92
4
28
20
42
35
70
21
75
59
16
51
12
87
74
85
15
19
5
59
36
1
48
1
61
40
53
85
46
90
22
68
81
28
66
87
90
73
78
37
9
76
6
79
48
67
81
42
67
51
90
12
69
98
6
58
94
18
11
85
8
83
80
15
51
37
7
98
75
67
83
8
5
10
55
47
3
38
69
74
2
37
22
3
9
54
67
39
58
46
67
27
22
87
28
44
5
84
11
34
69
47
55
8
85
34
87
50
96
23
42
87
51
12
27
98
74
37
58
73
2
63
94
38
27
46
51
89
87
88
49
72
86
74
73
29
1
25
89
98
50
28
99
76
90
30
75
14
89
29
87
44
60
99
97
90
71
83
24
92
95
13
56
43
37
23
73
43
48
39
64
83
59
1
96
82
20
59
56
65
10
32
42
51
11
44
87
56
76
1
26
23
86
25
45
32
20
16
17
60
57
10
73
68
28
88
17
5
33
66
20
54
48
40
76
46
71
72
65
59
52
10
72
30
64
26
97
24
92
85
52
76
54
19
88
36
83
18
67
37
6
16
7
36
19
2
24
26
8
84
20
57
52
61
89
63
68
77
16
60
0
35
87
38
37
34
4
65
75
85
18
20
1
49
20
10
78
47
55
21
25
1
31
33
79
40
65
57
27
32
63
92
70
27
11
10
54
46
95
83
55
90
73
37
68
29
60
84
13
65
95
73
59
45
35
27
66
17
78
65
1
15
23
4
42
81
45
34
64
90
50
57
25
87
22
65
56
82
63
84
62
24
25
18
92
3
62
93
80
73
39
97
37
69
95
66
77
20
48
18
62
98
42
84
1
37
48
67
89
93
39
14
42
45
95
86
22
94
76
44
75
53
56
53
78
61
36
71
27
99
59
15
46
0
63
86
65
38
62
18
92
3
29
67
39
72
63
45
29
62
10
67
8
68
80
55
32
15
69
76
96
56
44
33
30
87
45
96
98
88
76
30
41
55
86
83
95
65
94
43
0
74
20
48
21
85
87
86
46
88
24
37
97
71
69
94
35
70
69
62
95
88
58
18
60
3
83
5
73
8
93
72
72
44
6
95
88
99
53
79
65
78
41
61
67
72
55
52
69
83
26
2
22
51
26
72
86
91
16
13
24
35
96
57
71
41
54
33
58
98
78
21
20
27
78
65
26
73
72
28
40
51
36
54
67
70
68
26
13
91
76
72
15
60
69
99
10
69
8
21
97
71
76
36
59
40
77
93
88
36
51
4
80
95
43
81
72
30
27
19
72
40
44
48
99
13
78
5
12
49
43
33
78
92
76
80
57
43
47
83
24
93
50
0
89
93
40
11
59
13
45
65
53
13
12
19
6
16
75
14
80
90
44
27
14
17
5
4
8
41
30
78
90
11
58
42
72
82
86
62
36
29
39
17
18
73
82
38
90
80
73
44
90
42
28
91
19
26
93
61
10
64
11
23
19
42
36
30
91
50
13
20
7
74
20
94
5
60
33
74
61
54
40
61
49
38
10
13
94
12
23
49
65
55
9
32
3
78
3
41
40
29
47
39
30
84
0
12
48
41
21
45
66
58
3
70
49
23
38
35
10
28
76
99
29
53
9
39
95
0
21
94
70
93
16
79
81
52
71
13
36
73
19
51
47
43
26
35
1
60
55
57
65
73
43
55
53
0
60
49
13
94
74
53
7
56
16
32
30
66
3
78
96
9
23
64
98
52
43
54
20
61
31
62
54
64
3
91
23
66
36
88
1
52
80
73
75
56
92
85
22
95
46
89
96
72
13
36
88
92
14
20
39
87
54
42
61
50
51
93
61
52
63
22
87
11
77
91
37
68
30
95
34
51
13
58
14
39
1
62
58
91
80
76
59
83
7
42
99
52
20
66
8
53
23
34
20
73
71
18
48
86
5
67
66
30
60
30
33
2
97
54
26
72
55
17
90
52
8
95
10
40
68
82
39
99
60
65
71
36
13
40
11
56
68
71
40
36
75
98
87
15
43
64
90
6
42
53
6
31
58
17
20
28
96
34
94
30
33
17
38
89
11
83
77
40
50
68
92
13
54
21
95
93
4
57
45
51
79
21
46
86
37
74
46
77
84
77
74
17
66
59
13
81
62
55
26
0
94
35
67
45
54
1
33
46
64
51
62
24
59
67
7
91
48
10
45
27
49
59
18
31
87
69
65
66
4
30
79
38
90
87
62
71
73
52
6
33
97
23
67
71
3
55
18
35
20
27
97
88
58
50
81
62
92
64
75
37
54
53
45
70
46
27
21
86
62
16
78
70
58
97
39
55
10
30
73
6
67
66
70
98
25
78
21
76
73
3
53
30
35
18
67
53
65
54
32
59
44
76
96
39
45
20
87
92
71
26
86
90
61
0
21
54
22
61
9
82
23
13
59
86
78
8
6
98
10
37
7
88
99
83
95
64
98
24
40
42
26
74
73
87
58
9
87
8
84
