77
45
63
26
6
5
71
24
48
91
10
68
49
88
30
93
56
30
67
78
26
13
74
90
32
39
46
84
77
3
31
69
53
0
11
44
65
26
7
87
21
44
92
5
69
52
8
91
68
29
26
55
80
74
65
25
78
61
93
4
66
46
23
56
80
41
89
65
3
18
81
95
63
16
2
50
21
35
6
64
81
93
33
54
69
61
78
10
93
35
7
60
32
82
97
94
44
8
0
87
14
53
75
94
34
23
59
89
42
76
96
8
79
31
55
9
81
1
20
41
93
6
74
56
31
93
66
34
76
22
81
37
95
13
60
75
29
93
52
7
49
72
3
91
26
8
83
32
99
57
93
34
74
12
55
72
11
54
44
31
73
11
31
49
88
36
3
50
86
15
81
24
61
70
42
94
41
51
6
79
9
76
41
85
65
6
72
50
93
27
60
33
8
86
99
79
5
51
99
25
32
11
48
85
64
10
74
93
34
52
23
92
3
70
47
18
93
60
80
40
35
74
55
89
12
7
20
97
59
88
25
86
5
14
56
4
95
48
35
23
37
70
1
23
13
83
26
8
63
45
69
52
90
9
31
36
84
69
97
53
56
10
76
33
92
77
93
2
50
24
80
67
92
21
53
22
69
7
29
99
23
61
98
74
35
95
9
77
30
53
8
84
26
44
64
89
10
72
55
34
31
76
93
54
9
64
50
90
21
35
17
5
52
88
32
32
15
94
85
52
57
94
10
81
33
33
89
54
64
44
13
50
74
93
62
99
64
21
99
23
49
29
3
88
71
93
7
64
48
27
9
78
55
95
31
41
15
59
76
93
12
55
91
74
35
49
45
43
23
5
73
90
55
16
35
28
99
53
7
80
77
94
10
20
56
6
54
18
90
39
95
60
16
82
42
54
92
17
12
85
0
78
33
26
21
90
32
47
59
75
13
85
34
2
23
66
94
79
43
17
58
78
93
31
11
76
11
34
57
92
92
53
71
16
38
90
76
47
63
32
26
49
6
93
73
58
15
7
65
94
49
30
98
67
8
94
23
44
6
71
34
8
59
92
75
8
73
29
94
51
74
9
94
29
51
17
8
93
47
33
34
74
54
93
13
10
59
76
34
94
85
8
38
25
67
21
3
86
41
65
85
13
94
38
57
9
48
86
51
31
17
63
78
10
92
93
54
13
85
76
43
4
11
68
30
60
89
39
81
2
20
44
72
9
93
76
54
89
11
33
10
88
48
31
66
59
93
76
39
16
3
95
72
44
19
79
96
7
29
53
43
21
60
98
27
7
45
92
25
70
37
80
51
93
11
69
24
14
34
4
50
27
92
7
72
96
58
71
0
55
93
45
3
69
26
34
55
96
78
10
23
62
7
77
93
47
99
75
25
7
57
93
34
79
11
43
68
56
11
5
6
25
11
14
16
9
30
52
92
73
3
40
68
17
92
73
58
4
45
91
33
63
93
48
10
26
44
89
7
65
18
62
7
32
79
72
8
92
28
50
31
93
59
66
46
42
11
56
81
95
20
86
10
21
62
31
71
53
9
88
77
18
47
92
63
72
9
26
44
85
19
54
37
96
4
24
68
7
50
91
17
3
34
65
92
47
76
28
92
62
94
38
62
11
79
92
12
53
31
72
75
26
6
93
49
51
88
29
71
9
62
21
5
40
90
75
98
26
90
8
14
45
31
25
70
97
78
54
7
29
58
6
38
75
64
7
52
73
23
40
99
59
84
34
9
25
37
67
80
53
1
22
91
76
33
74
10
93
53
31
55
23
71
9
37
54
88
11
34
69
5
92
71
18
42
75
54
8
93
29
47
95
58
11
75
37
14
60
87
0
80
63
10
27
46
59
13
71
11
84
89
1
45
18
66
89
8
46
69
26
94
53
9
74
32
71
53
5
92
95
49
90
6
70
27
21
37
86
61
75
14
94
36
67
82
30
51
72
91
9
22
55
68
79
93
15
5
35
24
43
53
45
85
63
20
63
27
86
46
10
80
61
18
40
97
80
25
62
8
43
7
28
93
74
51
43
20
92
71
2
90
71
28
8
50
96
80
55
10
31
53
96
69
44
35
48
9
94
28
68
13
91
30
77
62
56
33
11
94
80
33
56
93
70
0
41
75
85
21
96
45
85
8
26
66
21
48
49
7
33
29
10
42
49
69
64
84
94
40
23
43
96
52
9
46
28
7
89
73
52
71
16
0
84
23
81
65
17
94
47
56
78
33
10
93
49
13
65
91
82
96
12
77
27
64
94
78
39
13
60
26
7
82
45
62
23
47
17
14
98
25
47
95
64
81
94
35
10
80
60
35
71
86
21
56
4
44
64
82
23
66
48
57
75
83
97
63
46
77
25
68
43
1
90
20
47
22
90
63
74
35
19
50
68
92
3
20
36
57
80
18
99
3
48
77
2
59
92
31
76
17
56
70
87
37
26
7
45
91
68
38
61
6
83
98
49
90
26
72
6
30
52
73
8
93
24
49
94
6
74
61
6
19
39
88
90
69
8
48
28
76
6
58
40
24
77
8
55
18
32
93
65
8
79
29
32
52
98
4
85
96
8
28
59
80
49
17
35
63
90
67
27
85
8
47
8
71
28
91
49
16
60
3
72
29
10
82
58
34
96
74
93
10
54
34
10
35
82
97
56
16
3
30
49
70
46
68
17
60
29
21
43
92
4
69
46
18
33
67
41
34
64
7
19
9
69
7
91
47
26
79
33
12
50
84
9
88
29
70
50
11
79
56
96
34
9
50
28
91
72
80
21
58
38
5
5
49
94
74
24
88
64
17
4
40
17
51
91
70
29
83
68
43
52
8
11
98
59
33
85
97
30
88
53
71
75
52
31
9
95
25
48
7
89
70
45
25
83
7
65
23
65
88
43
5
34
48
74
0
58
88
10
29
48
68
46
34
12
22
96
8
41
26
90
64
64
99
82
23
42
94
59
41
80
20
16
36
10
22
13
27
48
68
7
92
32
2
46
13
81
6
67
19
87
34
94
30
78
8
54
48
9
28
65
87
4
98
22
77
48
20
67
43
3
91
75
56
6
42
23
81
13
50
66
30
24
74
97
5
45
96
9
53
78
31
26
46
7
87
67
26
92
72
7
49
60
9
87
26
21
92
32
55
75
8
77
90
36
51
13
8
58
24
39
76
45
61
89
26
8
44
19
68
90
1
75
16
57
93
38
21
6
30
43
55
42
56
2
75
26
45
71
21
92
4
93
18
75
34
58
77
9
26
57
42
12
52
90
35
67
15
93
59
43
29
57
96
78
9
34
44
54
59
3
69
29
49
9
73
92
59
72
83
42
27
50
62
74
26
34
91
47
7
25
71
85
12
69
52
33
12
32
89
53
65
3
95
35
21
56
19
96
84
65
48
52
82
66
16
35
72
94
53
15
34
97
10
34
59
83
89
9
75
50
28
33
9
58
95
77
90
21
2
67
44
5
96
53
72
31
27
92
34
63
99
81
10
94
57
33
74
51
41
15
28
58
23
91
81
4
70
96
87
52
34
27
87
65
46
8
24
42
80
61
7
51
11
87
31
68
7
67
46
26
89
53
67
95
81
37
73
43
58
90
17
94
49
25
5
74
75
8
54
30
91
9
34
46
23
79
90
62
43
74
20
26
8
65
43
88
8
97
79
31
55
36
64
29
41
85
44
70
99
86
57
92
52
4
22
86
10
24
4
33
29
0
83
11
74
6
63
73
85
2
9
21
71
56
40
87
33
55
11
91
74
35
43
54
32
11
58
15
95
4
46
62
49
37
25
5
65
31
83
14
45
38
14
5
76
23
31
8
93
75
54
13
59
93
76
36
88
7
72
27
47
64
90
3
20
42
28
89
9
47
66
10
79
95
53
30
45
74
97
13
32
99
67
64
27
54
48
27
8
91
71
90
22
4
44
68
7
64
45
89
25
10
67
47
28
88
18
35
96
83
90
21
7
67
33
50
47
65
85
36
98
26
46
90
7
68
22
0
90
69
49
56
33
8
93
79
47
17
19
73
51
4
46
68
93
24
23
51
12
89
32
5
48
25
88
70
94
80
36
59
10
94
81
11
59
35
92
73
49
10
28
31
53
74
92
9
95
8
28
57
42
43
0
99
90
0
89
14
0
38
64
27
8
45
63
84
45
4
71
22
92
87
29
68
9
50
75
32
1
56
54
88
99
53
70
15
88
65
42
3
20
33
52
14
81
93
89
41
26
66
52
6
68
20
53
85
37
81
60
87
6
78
63
39
26
34
8
50
74
93
28
66
84
32
96
49
20
39
82
5
97
30
11
53
1
72
62
11
41
27
99
26
45
66
8
90
96
47
45
8
73
8
23
68
39
54
30
10
49
68
86
89
24
5
48
68
55
76
33
11
96
79
79
93
19
39
26
87
7
64
45
6
49
71
81
11
44
99
99
99
99
89
50
67
76
5
64
54
92
41
30
60
21
81
7
94
83
11
66
28
96
88
71
30
10
49
65
6
23
44
92
76
96
2
22
49
57
18
33
43
46
68
7
80
90
32
13
81
97
60
38
44
87
8
24
61
72
37
53
3
20
53
77
90
31
11
21
90
5
46
65
77
40
55
9
24
85
55
98
31
71
8
28
72
92
49
84
4
6
33
70
72
93
6
25
48
10
80
57
34
95
64
23
5
42
87
56
75
90
11
34
81
42
23
61
8
45
69
3
90
20
25
14
3
52
83
58
78
96
9
31
47
25
7
93
70
8
87
35
77
64
45
14
26
64
76
9
31
53
92
74
0
44
15
99
77
42
0
91
76
37
64
11
14
7
91
5
34
81
61
70
95
55
32
9
78
97
29
8
55
82
79
8
65
92
34
53
69
30
96
3
72
97
9
85
41
97
13
47
62
39
53
22
39
73
7
7
75
94
28
53
22
67
3
88
43
0
48
24
81
91
54
87
69
11
34
77
92
59
34
11
60
72
97
42
33
80
60
9
44
26
59
18
36
77
91
9
53
82
42
75
20
88
4
43
66
71
91
9
31
49
70
86
14
36
53
63
47
7
96
77
70
1
43
18
93
73
49
91
37
6
10
32
70
53
93
27
91
62
88
85
79
44
24
79
61
97
47
8
29
58
85
40
59
72
25
99
30
68
0
99
25
80
94
53
5
99
99
99
0
99
61
43
25
7
88
2
89
17
38
64
54
90
20
73
37
85
42
6
24
62
79
31
65
67
46
29
53
77
8
95
69
46
26
7
90
48
67
9
29
87
99
19
56
13
69
43
55
17
4
82
73
94
49
6
25
21
84
60
38
5
27
78
55
39
16
93
80
32
34
36
26
43
65
89
9
39
14
85
57
72
17
87
65
43
31
29
17
38
86
63
92
10
51
72
32
1
74
55
63
86
24
92
6
49
72
84
96
39
63
14
95
85
72
13
58
78
38
12
60
96
31
10
93
73
49
39
51
74
6
26
89
7
47
65
26
23
40
69
85
52
33
61
80
8
93
69
35
12
53
84
99
74
99
99
17
63
89
5
37
20
94
61
11
76
37
0
99
99
99
99
24
39
73
57
8
5
58
24
42
75
89
31
60
66
86
40
30
10
75
92
71
8
30
92
50
8
61
25
44
77
65
22
76
62
46
59
18
92
76
42
58
5
28
91
15
28
39
80
66
49
63
40
50
17
22
