16
41
27
55
6
94
5
60
76
34
52
31
18
84
4
77
11
54
92
34
92
43
22
70
8
48
24
65
77
86
73
52
91
9
31
62
38
26
50
74
57
22
72
42
90
87
65
26
8
46
47
66
27
8
88
5
86
40
20
60
89
46
6
25
67
82
30
99
55
8
28
11
61
76
93
93
31
9
74
55
24
68
6
90
45
87
67
48
4
26
99
0
0
0
0
73
50
92
28
6
95
85
74
20
36
95
20
17
4
73
44
59
80
89
44
83
95
39
61
15
79
7
90
70
32
68
79
7
44
16
90
68
45
7
25
15
52
37
4
31
50
66
86
10
21
75
42
12
59
26
17
75
35
91
56
33
13
79
55
12
9
29
72
49
96
9
26
86
45
66
95
51
81
69
31
21
3
87
63
43
58
25
93
39
77
64
90
56
27
4
67
7
27
91
46
70
30
86
11
51
42
57
12
75
27
6
35
4
67
93
92
76
34
10
54
8
73
25
49
93
53
75
94
32
10
7
45
25
67
90
46
9
89
59
75
34
44
68
20
11
7
70
89
48
27
57
31
90
67
23
52
12
86
35
67
78
94
13
36
58
92
79
61
43
17
37
55
19
5
79
29
8
50
90
71
18
58
42
79
27
56
39
92
25
74
94
22
70
2
43
29
79
49
93
66
82
30
99
51
8
14
90
33
71
52
8
51
93
74
28
89
71
29
50
9
70
3
42
16
93
42
23
32
11
58
92
7
74
60
44
90
8
71
30
52
45
26
6
63
17
1
44
69
27
92
90
51
70
33
12
28
69
8
89
49
72
52
10
90
30
67
90
25
30
7
6
46
70
92
22
79
9
57
40
24
30
49
75
62
92
10
29
68
42
57
94
11
34
76
55
45
5
98
82
63
7
31
73
14
87
10
74
31
53
92
71
54
88
34
13
27
49
93
7
73
47
8
29
65
86
96
81
27
46
63
62
84
42
26
97
80
35
94
67
52
47
76
93
22
9
71
45
93
21
3
22
47
91
4
72
6
18
82
73
85
87
38
0
15
63
28
61
94
78
45
92
33
43
90
25
99
7
78
28
53
38
39
79
44
77
74
93
11
35
55
35
70
12
92
53
94
68
25
8
42
17
38
54
72
90
28
71
91
49
8
67
3
41
90
18
27
8
90
69
48
17
45
77
0
92
75
1
94
49
20
93
30
82
52
11
9
66
60
34
50
15
50
31
90
70
48
76
52
26
91
91
60
66
43
50
30
19
87
71
33
10
66
26
88
43
66
82
33
49
94
68
5
91
19
42
50
7
91
27
71
6
71
25
91
47
31
55
93
76
8
51
89
10
71
31
30
48
0
90
73
80
57
47
77
14
77
13
38
61
93
28
5
40
63
92
27
90
69
48
7
8
62
73
37
25
37
84
94
6
21
82
6
66
33
92
8
28
86
67
47
59
11
35
91
76
54
84
4
37
18
13
69
50
89
31
65
26
92
7
37
0
74
49
19
94
89
99
12
13
91
24
7
67
85
45
30
83
50
10
67
31
10
73
51
92
91
33
22
7
6
28
70
38
82
12
74
36
53
6
21
21
60
5
85
39
32
76
7
96
55
97
76
10
31
52
42
85
8
61
25
7
91
28
48
69
81
15
53
1
31
90
13
0
38
66
7
62
43
81
25
7
70
48
32
90
39
67
92
19
4
18
35
4
76
53
0
0
0
0
99
56
97
8
80
31
50
70
89
31
9
27
45
80
16
65
27
86
9
64
45
14
23
87
58
6
99
0
52
22
82
31
51
71
90
9
93
60
18
39
78
17
47
91
32
4
77
94
48
10
46
52
70
26
87
5
72
87
25
55
39
17
10
67
83
2
95
58
80
36
11
47
29
56
38
15
93
37
80
63
48
65
42
56
58
64
5
92
79
36
63
95
51
32
68
82
75
37
57
18
6
84
2
57
98
26
24
40
7
56
81
80
48
23
71
4
8
46
22
56
35
68
91
15
41
0
48
20
68
31
7
25
85
56
0
99
74
85
66
12
25
74
46
71
26
6
45
34
25
76
55
21
83
65
33
58
33
91
11
64
32
44
72
59
89
46
78
22
95
7
48
41
74
90
6
58
67
47
29
10
87
56
93
60
83
14
8
52
90
72
30
22
86
61
40
4
56
39
22
89
12
68
91
78
48
1
25
49
74
92
5
54
6
96
28
78
6
21
61
82
97
91
72
33
52
9
39
28
76
7
18
81
29
11
46
63
12
39
88
60
48
23
85
9
39
61
80
29
46
64
9
87
70
35
53
12
54
10
75
94
29
91
69
6
25
47
68
4
51
33
21
30
57
44
86
9
45
83
10
29
70
39
53
36
28
4
78
94
11
37
58
15
30
51
72
87
88
9
80
28
64
91
43
68
4
19
51
3
27
13
94
71
24
48
7
91
31
91
6
49
81
27
7
74
51
93
75
93
53
8
29
91
1
18
44
68
3
14
63
86
34
35
70
88
50
11
28
13
90
57
46
30
66
11
87
48
48
99
99
0
99
72
6
48
25
91
19
34
60
7
98
17
7
65
52
27
0
17
99
46
78
12
82
37
94
61
64
40
20
89
5
49
35
66
79
14
14
39
67
0
92
15
32
46
19
8
67
80
27
51
95
41
16
76
98
28
81
41
64
9
78
8
22
43
87
66
93
9
48
28
71
59
85
9
32
98
96
70
14
79
80
66
46
87
25
7
35
21
4
87
44
4
23
89
44
66
46
19
73
96
0
33
19
5
50
90
76
90
82
19
0
84
45
31
6
18
16
58
92
41
30
22
76
61
90
43
20
29
69
11
93
23
84
60
41
7
55
68
10
41
27
35
50
19
5
68
29
77
4
60
15
14
36
74
91
55
91
73
22
92
40
18
38
94
57
74
27
47
66
86
7
95
39
63
81
15
74
90
56
33
11
72
5
47
22
93
22
69
92
51
9
86
58
99
7
27
7
5
91
67
39
54
9
77
31
93
40
22
53
48
63
84
74
66
26
3
90
6
47
69
25
32
0
99
0
55
94
57
77
26
37
28
6
56
82
99
57
45
93
5
33
52
93
33
10
74
27
64
44
10
81
2
75
42
57
20
42
93
12
73
0
97
69
52
87
7
48
99
63
25
27
12
90
8
55
35
93
71
5
37
41
40
87
62
7
24
55
18
72
87
98
73
51
28
93
7
46
22
71
92
3
20
40
64
88
6
8
82
44
64
26
78
5
52
94
25
5
89
43
67
20
93
53
80
20
66
53
66
94
82
39
28
82
94
67
10
7
25
84
41
65
35
10
50
90
70
90
55
13
71
38
9
51
92
71
29
92
51
83
31
10
97
5
82
54
22
46
84
53
26
31
82
50
80
42
63
69
6
92
28
48
57
84
5
23
40
5
43
16
66
26
93
20
71
5
44
36
93
18
3
83
35
74
91
55
12
13
26
21
85
69
51
69
29
98
5
3
18
72
35
53
10
93
32
75
55
8
35
21
49
86
0
99
99
0
0
39
51
12
1
27
54
75
32
92
11
58
7
30
19
44
65
46
26
86
7
80
70
29
54
7
60
45
78
92
25
50
95
64
80
14
51
21
80
0
98
89
50
70
31
40
73
45
59
87
8
21
44
5
66
89
90
49
56
68
80
17
57
5
30
43
60
0
64
53
22
73
92
49
6
24
75
52
37
21
6
11
52
32
68
89
24
40
58
92
75
79
47
61
26
93
0
18
76
92
46
38
8
20
70
84
91
20
36
77
59
8
78
60
44
87
65
99
78
9
90
72
54
35
92
17
49
26
92
71
6
19
94
29
85
62
92
67
0
13
39
41
69
9
89
36
53
83
68
39
18
58
40
8
23
76
58
27
72
5
13
65
28
19
38
9
60
4
77
37
22
11
92
45
61
95
72
56
10
87
27
88
1
35
63
56
5
78
47
34
19
45
29
89
15
69
53
41
87
27
67
24
60
93
46
9
45
71
37
81
58
94
55
76
11
33
93
35
74
54
11
9
49
69
91
29
93
20
82
35
5
96
52
29
8
76
51
95
39
20
84
55
85
22
10
39
54
10
92
74
32
59
39
91
16
74
20
64
87
2
42
67
7
88
46
27
44
61
87
24
6
65
88
43
2
20
35
18
88
63
5
51
91
11
71
31
4
45
69
21
91
32
59
83
8
99
7
90
69
47
25
7
26
67
91
47
2
82
15
46
29
22
67
36
85
8
11
35
58
95
80
60
69
81
49
33
76
20
40
59
94
35
57
76
16
93
28
72
89
49
7
78
64
20
52
95
76
64
51
91
40
28
47
89
67
8
69
53
32
12
87
7
92
50
73
27
93
27
6
49
72
5
54
99
79
25
62
31
42
9
21
96
82
53
67
14
32
92
53
9
71
53
24
67
38
80
78
57
94
34
11
71
92
27
7
49
91
66
53
47
78
35
94
77
9
57
8
74
40
24
55
52
97
74
37
87
67
18
87
46
31
16
91
0
68
40
92
18
69
42
3
88
68
7
47
24
12
45
72
63
52
38
24
55
83
95
4
58
41
87
18
6
76
53
94
29
52
37
78
92
66
64
43
86
25
7
51
73
94
7
27
15
86
29
63
3
57
10
79
33
92
22
0
99
99
57
16
97
61
81
43
83
61
9
34
98
66
85
95
20
96
10
68
88
29
48
51
91
5
72
29
51
91
71
28
8
56
12
92
74
33
25
48
70
7
91
93
44
80
10
66
80
8
32
58
96
44
60
81
26
9
11
30
68
88
48
10
62
82
35
96
53
29
78
8
97
7
30
98
57
17
55
19
32
95
87
48
9
29
66
86
22
9
51
84
33
52
18
8
85
70
93
15
56
37
76
12
80
44
92
62
93
47
9
61
76
80
68
24
51
94
67
7
90
45
25
85
64
48
36
24
89
77
59
20
96
44
8
22
74
90
73
96
20
46
4
3
43
64
83
22
19
4
94
72
45
70
88
35
21
55
6
47
26
71
93
49
94
74
8
27
7
80
93
67
20
0
99
0
0
0
22
94
74
47
4
36
8
60
48
24
68
87
56
1
34
42
0
99
82
99
96
23
47
73
87
93
54
75
8
31
96
83
50
77
14
56
94
14
88
74
75
26
8
49
97
50
6
29
69
90
71
92
50
29
9
92
10
58
36
75
56
33
90
74
13
28
49
67
88
9
58
14
80
96
36
87
29
38
85
8
38
73
76
10
15
72
25
7
48
93
85
64
43
29
15
98
59
13
42
81
22
7
67
49
92
98
79
41
14
24
77
25
59
44
8
39
22
74
58
6
25
71
91
8
51
11
57
81
43
94
73
23
4
94
47
68
39
90
19
53
70
7
26
89
48
55
80
45
88
17
19
61
33
76
92
74
6
88
58
30
96
57
10
35
80
2
91
51
23
71
22
7
86
42
63
54
88
61
94
89
44
66
90
4
24
92
7
51
74
28
42
75
93
60
19
94
22
42
79
62
46
81
63
30
14
29
93
8
52
76
46
68
7
26
90
90
14
50
71
31
22
5
50
92
71
8
89
71
28
51
89
23
48
35
10
72
41
21
55
91
29
8
52
76
94
45
8
27
60
83
39
13
93
80
63
47
4
23
93
72
29
51
73
8
92
41
89
52
63
77
14
0
37
65
91
32
5
88
96
61
