85
89
59
4
84
90
82
5
99
84
91
35
99
4
44
66
22
99
70
27
99
58
41
45
73
79
51
51
73
97
92
27
0
27
66
84
38
0
66
93
12
0
74
0
93
38
94
19
78
33
98
5
55
83
10
54
62
0
58
40
50
83
0
71
64
91
0
3
71
82
0
94
4
98
96
17
63
67
44
34
22
72
94
87
29
88
3
69
95
21
22
72
56
44
99
54
81
12
61
4
73
38
39
83
11
79
66
26
40
45
82
4
51
58
6
99
35
99
18
23
61
40
5
34
18
3
49
93
41
82
62
99
88
39
46
55
0
12
69
49
0
49
93
85
7
71
64
49
42
71
72
81
61
39
84
90
72
5
44
6
99
60
24
93
87
63
43
46
99
89
71
67
48
43
63
78
68
5
29
88
72
53
57
66
82
74
77
6
33
72
30
34
84
24
21
66
48
40
93
31
87
88
99
17
60
36
53
62
93
86
30
14
99
92
55
15
92
48
38
90
76
87
93
61
20
41
99
72
11
22
83
86
99
90
85
37
30
22
72
79
90
77
7
94
62
67
67
65
51
90
66
40
58
27
81
65
77
59
51
56
70
49
71
15
62
79
11
82
27
17
95
99
85
49
39
93
83
89
99
71
99
49
84
44
0
17
26
22
26
87
56
96
99
27
63
67
39
82
94
61
83
66
12
28
92
86
69
93
22
16
82
72
0
44
76
39
47
32
72
16
9
0
66
16
61
33
68
40
93
48
71
99
89
51
56
70
16
61
10
99
39
62
39
10
12
51
83
90
70
87
64
64
81
21
99
5
43
82
60
94
85
5
90
28
93
50
59
53
77
11
66
32
88
39
46
89
77
33
26
47
71
39
73
79
5
56
53
92
87
76
22
50
58
86
22
1
83
22
93
81
75
60
76
94
10
49
29
57
70
50
65
15
47
43
88
70
65
82
51
8
93
15
63
17
81
98
42
51
70
93
73
78
99
73
79
10
58
28
70
47
64
60
6
13
81
37
31
94
86
25
28
98
35
69
93
86
31
49
92
27
51
59
50
57
21
85
66
11
34
0
26
93
66
84
48
16
5
52
27
72
94
83
66
0
3
18
72
95
49
27
84
18
28
89
35
76
78
73
71
94
44
43
61
10
65
83
90
21
99
37
61
72
37
84
90
18
3
70
0
43
84
60
55
81
18
65
15
8
87
26
18
92
74
4
17
23
6
97
99
78
82
99
40
82
15
51
57
40
54
49
71
11
63
37
0
47
80
4
32
37
0
5
73
80
27
89
75
74
27
44
21
67
39
61
40
87
90
72
15
61
88
70
27
93
86
70
17
95
40
76
86
67
99
89
63
83
90
5
99
74
94
28
50
49
43
0
69
64
76
37
92
86
72
21
50
3
83
0
61
82
76
64
77
16
0
40
72
84
90
6
55
22
40
17
94
27
38
94
63
82
59
99
94
18
24
72
38
31
33
78
75
93
86
45
38
0
88
6
12
66
66
37
99
55
18
23
72
99
81
33
81
6
29
75
78
71
1
62
70
89
7
92
17
24
75
93
88
90
43
83
29
34
46
99
83
44
50
72
99
36
99
32
61
47
43
1
38
3
0
33
88
0
2
13
93
85
88
62
15
78
66
44
15
15
85
89
85
90
39
38
60
30
78
61
68
99
4
17
76
89
52
94
37
32
16
88
0
6
98
14
5
61
51
62
67
76
77
67
87
15
77
50
85
60
89
0
81
74
82
66
5
16
99
38
44
88
99
27
91
86
42
61
17
76
45
88
28
71
94
87
60
28
96
48
3
81
41
76
27
70
65
51
56
33
94
50
99
95
60
26
74
89
78
62
40
45
61
95
99
30
11
34
68
53
15
7
92
87
62
82
75
81
15
76
53
57
38
94
37
29
58
53
51
77
40
45
10
28
38
95
0
47
41
93
45
37
0
3
5
51
14
90
73
78
40
16
60
89
82
92
39
4
45
84
39
48
71
64
99
14
93
9
0
36
88
88
37
31
41
62
69
96
51
27
19
90
87
18
66
76
76
58
54
28
83
92
99
69
52
71
62
91
99
73
6
72
52
56
50
70
29
71
49
65
70
93
87
65
77
21
36
94
22
72
51
57
0
70
65
34
66
99
66
99
51
61
39
68
92
84
99
26
93
86
94
86
99
61
10
99
83
92
88
72
96
99
60
99
4
49
3
88
81
30
34
29
81
75
50
76
17
16
80
75
40
12
76
44
84
22
54
98
96
44
84
91
99
72
16
26
83
91
82
32
64
46
32
40
99
74
79
95
61
99
23
81
75
95
99
29
62
81
67
45
66
88
77
28
99
0
93
87
92
66
18
87
52
22
94
60
84
44
94
15
27
81
96
28
95
99
61
80
76
83
64
26
94
1
29
49
66
95
12
72
0
4
81
74
61
82
76
70
63
96
72
92
87
49
66
94
94
72
28
40
94
46
84
55
89
48
89
81
77
58
44
99
83
41
21
39
46
53
17
24
7
14
99
50
73
57
91
72
38
71
64
75
94
99
85
17
88
39
0
94
83
38
5
0
84
89
49
77
49
94
5
46
82
73
52
56
88
26
18
74
79
38
62
67
78
82
61
67
70
64
83
4
81
0
17
79
39
60
83
36
3
67
60
99
38
72
99
82
0
17
69
26
60
98
54
26
51
21
71
29
35
78
69
65
17
9
20
94
62
22
39
83
91
86
19
1
59
53
63
47
26
95
82
75
56
16
85
9
33
6
88
51
27
57
74
15
79
14
72
78
62
95
67
99
39
0
6
99
28
7
12
71
37
31
0
44
17
24
3
95
44
84
33
97
22
71
99
28
96
99
17
71
5
72
29
54
73
82
39
27
50
0
29
63
0
73
89
18
18
69
65
94
63
0
16
82
74
0
39
47
89
60
54
11
67
54
99
70
49
55
77
26
43
61
53
62
68
55
45
64
33
83
60
50
89
11
71
77
99
44
99
55
16
87
99
23
16
95
55
7
55
13
55
70
64
75
89
39
94
12
76
50
18
59
82
75
99
61
82
76
99
4
50
44
99
81
84
55
18
77
3
27
61
50
67
83
93
59
15
98
10
40
60
54
39
92
63
53
0
82
99
54
71
38
0
82
82
99
51
48
92
86
99
78
34
50
32
83
16
62
67
94
61
69
84
50
93
74
52
88
45
94
27
83
12
37
73
27
78
32
45
35
88
55
13
29
51
67
67
0
60
19
0
40
83
28
37
76
16
9
95
22
38
17
88
39
5
51
57
24
21
44
82
5
60
96
77
28
38
72
77
71
51
56
7
73
78
84
60
90
60
51
99
95
99
44
4
51
0
11
92
2
27
73
77
82
5
94
48
43
29
91
65
21
90
40
82
88
0
78
29
82
55
88
0
73
