54
99
19
90
81
32
99
54
13
48
81
35
13
54
0
13
57
0
27
54
99
40
59
27
0
56
13
54
74
81
67
15
48
81
27
54
99
16
90
0
18
90
0
47
74
40
54
27
81
0
18
70
13
43
27
67
34
12
40
90
40
90
48
27
0
16
90
67
99
95
27
67
0
1
2
74
33
81
54
6
40
72
27
0
13
27
54
99
90
55
0
1
51
90
13
69
13
81
48
99
67
13
99
35
27
90
34
81
99
0
17
57
99
81
43
67
29
13
54
92
81
27
16
0
6
85
62
0
90
61
0
75
1
32
81
40
90
18
56
54
0
13
61
27
54
40
0
54
91
27
40
60
47
99
0
0
99
54
27
84
54
19
99
67
27
81
67
40
6
99
0
47
99
6
74
81
47
10
76
54
27
81
40
0
30
84
27
0
13
40
19
67
27
0
99
27
99
13
0
67
13
27
81
54
74
27
26
57
13
87
73
46
6
90
0
27
54
25
0
13
27
67
54
74
20
59
99
81
17
40
42
27
54
28
67
67
81
54
20
74
68
6
67
47
0
15
70
0
32
90
13
90
12
50
0
54
13
81
40
27
13
40
99
67
30
27
90
40
20
67
67
15
13
34
85
99
67
15
54
81
58
18
0
84
40
27
67
99
97
81
27
73
99
67
97
54
40
99
90
53
13
99
27
0
64
0
54
99
97
16
73
19
60
27
90
54
99
17
98
96
13
0
67
6
81
50
73
54
99
40
13
27
40
54
20
27
60
40
76
54
54
99
13
94
47
40
90
0
81
67
40
99
54
27
74
61
13
91
67
27
40
81
27
39
20
40
6
27
0
74
6
40
81
0
27
67
54
29
0
90
0
63
47
81
13
6
85
47
32
56
40
99
98
54
96
29
71
0
27
67
47
99
54
13
67
67
99
16
81
54
27
81
40
54
0
67
19
81
57
40
54
0
40
81
20
54
17
81
13
47
40
73
47
81
13
67
90
60
21
99
0
99
81
74
34
27
57
68
94
0
71
13
81
47
99
73
27
0
13
99
67
27
81
99
0
81
34
70
18
54
67
6
74
47
13
99
54
18
67
27
40
54
35
99
0
32
99
67
40
13
21
69
31
13
99
40
20
0
31
74
16
90
0
47
74
44
27
0
20
82
46
16
0
81
67
27
81
67
99
13
40
0
54
27
99
16
99
81
47
0
13
81
47
60
99
40
67
58
29
13
40
0
1
74
90
54
6
74
47
0
99
40
81
67
96
90
31
58
27
99
54
29
13
47
81
99
13
61
40
74
27
81
28
54
67
81
42
0
90
99
69
27
90
0
54
81
40
99
47
13
54
0
13
85
20
41
90
0
1
40
54
99
13
98
90
0
54
81
6
40
81
99
90
27
67
81
27
90
99
67
13
73
0
47
59
67
40
81
13
58
54
40
67
27
81
60
13
54
81
27
90
60
17
99
95
40
99
54
20
90
90
47
27
54
0
36
90
0
6
62
0
99
1
54
90
47
81
99
97
67
81
54
6
67
27
40
27
54
81
6
27
59
0
20
54
99
27
67
6
40
44
0
54
81
1
54
0
27
84
1
6
75
32
67
83
42
99
21
67
31
27
99
63
13
54
47
99
54
90
20
90
0
54
13
99
81
17
54
0
49
57
70
40
99
27
13
60
27
81
40
57
27
67
99
90
47
85
54
16
99
71
42
54
70
43
17
54
55
32
61
81
67
99
42
13
0
31
1
13
40
99
0
67
30
95
13
40
76
99
98
0
67
13
99
37
0
54
27
84
67
54
13
90
40
74
76
0
34
60
90
81
29
0
27
71
0
56
20
54
81
6
40
84
0
47
40
99
81
0
98
67
0
33
81
40
13
54
0
14
90
99
81
33
98
95
0
99
54
27
48
83
67
27
99
94
81
36
67
13
79
40
0
74
13
95
43
0
85
40
54
81
37
0
99
90
0
67
54
81
20
54
13
90
14
0
54
13
81
27
90
27
58
25
99
86
0
99
54
98
23
43
99
27
44
20
60
34
22
54
81
90
47
6
81
0
15
47
84
40
13
99
54
13
97
81
47
91
15
70
27
61
13
54
81
43
13
27
60
86
6
90
6
47
13
27
43
99
40
67
90
90
42
81
99
54
13
0
12
1
27
21
54
85
30
67
0
40
99
70
1
72
32
81
40
13
76
27
13
0
70
0
67
16
40
6
0
6
57
99
20
99
54
27
40
95
32
99
67
0
13
54
13
83
0
67
90
32
86
0
13
0
47
90
16
54
67
19
99
54
74
0
54
99
13
90
33
87
54
14
30
81
40
99
47
74
67
30
63
27
81
30
99
13
67
27
81
19
40
90
60
30
90
40
20
81
0
56
34
81
6
81
33
99
90
0
40
90
54
27
67
57
0
73
54
13
27
0
29
74
22
99
30
13
40
74
54
15
70
0
47
54
0
1
13
74
67
17
27
0
99
33
81
99
0
67
81
27
0
40
76
75
19
54
81
67
67
40
81
54
90
0
27
67
99
40
99
42
27
13
70
40
13
99
32
74
16
46
81
42
27
15
72
0
67
47
13
99
67
47
98
6
81
40
90
69
81
33
77
54
13
0
54
81
27
57
67
74
27
90
0
81
99
90
20
95
6
27
0
28
81
81
47
67
16
90
27
84
99
95
98
90
0
27
56
81
33
70
40
67
99
76
0
42
81
27
19
67
27
47
81
0
51
92
13
81
13
67
40
91
54
40
70
27
85
13
49
0
13
54
1
81
47
0
67
63
18
54
81
49
27
0
32
73
27
54
27
0
54
90
58
29
99
0
67
1
43
0
60
40
92
42
91
0
40
61
61
17
54
81
0
16
56
13
54
40
90
27
54
40
0
40
99
90
20
67
43
71
0
81
27
90
13
99
81
97
69
99
81
20
54
27
58
90
13
99
34
85
35
13
54
54
18
90
74
47
27
0
28
59
13
81
15
47
78
99
90
40
13
27
81
40
0
13
57
47
17
67
99
74
40
90
27
47
74
54
54
18
91
81
40
70
21
0
42
99
99
0
27
97
98
27
81
40
20
99
33
61
0
27
90
84
40
0
21
54
41
99
0
31
6
13
40
78
14
47
84
0
40
1
57
0
59
6
27
87
27
18
47
13
54
44
27
74
99
10
81
54
99
47
97
54
67
59
0
13
13
0
6
74
54
0
99
47
81
1
31
16
42
81
13
81
99
90
27
43
27
73
99
40
7
13
6
62
99
20
54
67
30
0
87
90
19
0
84
47
59
90
54
40
81
67
68
40
13
90
40
90
39
13
60
67
13
54
90
31
90
31
67
0
81
81
0
6
47
27
54
0
40
74
20
13
72
54
0
85
40
0
86
6
67
45
90
99
16
40
46
19
45
92
27
67
21
54
90
47
67
0
33
99
27
0
81
36
99
96
67
40
74
6
61
60
13
99
67
43
40
99
29
16
74
0
54
99
6
47
99
54
27
96
0
83
45
13
81
54
29
57
90
13
67
54
90
27
0
81
99
67
27
0
40
99
34
81
27
54
81
0
31
54
74
81
28
13
47
74
15
70
13
43
67
70
13
46
90
0
13
74
0
34
81
33
99
56
97
43
81
17
40
0
67
27
81
40
54
74
90
50
99
27
67
13
62
0
47
81
0
54
99
1
2
6
59
54
73
40
90
0
99
67
35
81
47
13
27
67
29
90
27
54
6
54
0
13
47
30
99
15
0
13
97
67
99
21
56
90
43
0
67
81
20
6
40
83
54
27
33
99
35
54
27
40
13
90
47
54
13
27
54
20
90
81
67
74
13
40
13
81
0
67
90
27
63
40
67
90
19
69
13
67
40
54
74
99
81
20
13
74
0
27
54
40
69
0
54
99
81
32
0
40
1
54
99
67
90
13
27
74
33
54
24
13
90
47
74
54
48
40
54
27
67
54
17
13
47
74
27
81
47
74
54
31
99
81
67
0
13
58
99
47
27
99
67
13
54
56
40
99
27
47
74
90
47
13
74
20
13
81
48
99
27
67
31
81
99
63
99
13
90
59
29
31
27
13
74
99
48
81
54
90
27
29
6
90
57
13
27
81
0
54
13
0
35
90
60
13
59
27
33
81
40
40
16
0
27
13
27
69
90
54
2
54
81
59
13
74
90
49
99
27
95
31
99
67
6
54
40
90
13
67
54
81
40
27
13
99
59
0
6
54
81
81
99
31
98
77
99
6
48
84
13
90
47
13
40
27
60
0
99
40
1
76
13
0
40
54
58
0
91
27
54
69
99
81
0
34
81
27
0
20
13
13
76
0
1
2
46
90
40
70
54
90
20
52
81
67
40
81
30
99
19
0
47
74
54
81
42
90
6
81
0
81
54
13
67
27
57
81
99
54
27
31
81
0
47
40
6
99
54
98
96
0
99
27
1
20
90
0
40
81
6
54
40
74
13
99
70
81
13
57
27
19
73
0
90
67
81
20
0
47
99
46
90
14
74
99
61
90
54
27
99
81
27
99
74
13
54
99
53
27
13
74
40
67
6
47
27
67
0
20
84
62
40
67
6
99
13
67
34
99
18
0
27
77
13
59
81
67
54
0
74
59
19
54
99
67
20
59
13
54
75
99
74
34
13
54
43
15
0
85
27
73
27
81
67
0
32
81
15
47
13
27
24
54
86
0
90
13
54
0
20
46
90
27
13
74
13
99
27
90
47
42
99
40
81
20
81
99
67
34
13
54
99
18
67
40
13
69
0
20
44
54
13
84
27
81
7
54
99
94
29
27
78
18
47
99
99
30
71
0
40
72
40
0
81
6
60
13
45
81
33
54
32
59
27
0
90
67
17
54
89
67
27
54
81
20
61
13
99
54
81
99
13
58
54
81
57
42
16
95
54
67
20
99
27
81
27
0
81
40
1
19
99
40
62
97
40
81
0
60
27
90
0
91
49
13
93
27
28
56
99
72
21
99
67
27
99
67
13
95
63
27
69
6
81
67
45
99
13
61
81
40
67
0
27
81
27
99
54
95
0
99
32
97
81
27
6
99
90
54
20
54
0
83
27
99
81
33
54
78
47
19
57
72
54
27
27
0
89
20
1
13
73
27
81
54
77
29
56
40
72
54
32
72
0
86
13
0
6
77
62
13
40
74
20
90
54
67
99
74
33
32
72
27
54
81
67
35
0
99
81
40
73
54
0
27
29
54
13
40
0
27
81
40
13
90
99
13
40
74
31
0
54
27
99
76
67
54
81
15
90
90
27
67
47
81
40
90
0
54
35
54
81
16
90
20
18
67
90
54
99
74
46
18
99
98
19
58
27
81
57
67
54
74
15
99
72
0
35
99
98
67
13
81
54
74
13
33
6
81
58
61
13
90
37
99
56
90
54
6
99
23
67
99
40
9
67
0
54
6
81
73
13
27
40
90
57
27
81
54
19
0
60
47
67
40
67
81
99
74
13
0
60
47
72
54
67
13
59
84
17
81
99
90
0
40
72
6
67
27
81
56
54
33
74
13
61
13
67
81
27
16
58
27
81
0
72
40
0
59
6
27
81
40
0
31
40
99
0
54
90
99
13
54
96
97
13
81
54
90
27
90
36
99
13
58
73
0
13
40
81
40
74
6
81
99
40
91
0
54
34
81
27
90
56
13
56
13
67
54
99
