58
48
53
2
16
56
3
56
80
35
56
70
58
48
80
40
66
48
68
27
12
40
42
50
72
80
8
51
8
32
26
16
40
26
64
25
64
34
48
12
64
43
0
80
88
40
24
8
32
76
56
56
80
81
64
52
72
0
8
40
53
72
80
66
0
8
72
0
27
0
77
61
0
80
64
64
24
8
64
45
49
72
8
88
32
0
88
20
67
3
72
24
80
45
8
80
8
80
0
72
3
0
37
41
32
64
80
27
24
80
43
56
37
0
10
32
58
24
8
89
40
8
69
19
0
32
51
24
44
59
19
72
12
43
56
56
0
80
66
64
72
44
51
60
64
24
16
40
56
0
24
80
64
37
52
58
68
83
84
8
60
27
24
72
88
62
48
72
72
12
80
44
64
12
67
11
48
32
80
88
72
56
82
51
64
36
72
80
32
72
32
16
69
20
36
64
48
32
72
32
88
72
48
88
58
34
16
64
26
8
48
35
13
56
16
0
48
35
72
56
77
27
61
18
72
42
2
12
24
11
0
40
12
17
32
80
88
24
80
64
72
35
70
13
18
4
64
51
72
64
44
12
24
37
80
64
77
56
40
56
4
48
11
0
60
26
0
27
11
35
60
69
52
59
36
12
59
40
80
32
66
4
45
12
69
11
20
12
20
56
32
27
12
64
64
80
37
45
13
51
67
12
0
28
72
8
67
36
8
72
80
88
18
72
0
48
21
24
72
11
24
16
68
80
60
32
64
43
0
59
72
40
8
56
67
40
8
0
64
40
19
0
37
12
24
72
11
51
72
24
84
48
80
20
3
42
21
59
48
80
3
42
12
28
51
68
52
59
0
64
11
32
45
32
72
35
72
80
44
20
48
40
80
3
2
53
56
51
45
56
51
0
80
20
42
0
18
51
61
72
60
70
72
8
56
50
32
80
44
50
38
43
0
8
68
18
38
52
8
80
11
48
19
20
8
80
40
52
24
72
16
92
61
43
8
8
72
40
19
45
15
11
40
3
32
77
24
24
4
51
28
64
32
40
67
19
32
50
60
56
5
26
56
34
32
66
36
11
0
24
72
64
34
41
48
12
3
52
24
72
68
0
43
20
2
0
72
12
32
20
72
80
72
28
35
24
80
32
72
43
64
62
72
64
64
80
88
22
35
28
61
72
12
24
64
40
68
48
0
43
58
24
56
24
80
64
12
24
19
72
80
72
56
71
8
24
32
64
80
24
16
80
79
10
26
66
40
51
39
69
8
43
35
0
64
48
75
0
32
72
80
72
80
19
27
72
46
72
71
27
22
56
72
43
60
24
72
58
35
72
58
48
24
51
68
72
19
8
40
75
48
64
36
0
67
12
45
72
44
58
28
42
53
44
0
52
64
48
40
36
53
18
72
19
56
0
80
72
60
36
8
64
80
88
40
0
80
69
11
37
56
42
24
19
36
12
40
66
32
58
3
48
72
64
92
35
48
58
32
75
40
11
43
69
0
72
22
8
64
24
72
80
34
40
72
8
40
77
64
32
8
80
28
72
80
0
64
83
68
80
81
19
40
56
72
80
88
58
46
50
30
18
32
48
80
88
72
50
16
32
80
52
61
42
32
36
2
21
35
56
48
0
16
72
64
48
88
64
48
75
67
43
16
11
32
60
37
12
41
60
32
80
48
80
56
4
56
76
56
76
40
32
67
16
12
40
19
12
0
80
60
3
2
64
16
40
77
32
85
8
80
51
59
50
8
0
76
51
64
80
88
13
18
48
44
72
80
28
50
12
59
40
20
44
8
64
72
80
77
59
45
11
48
0
28
40
80
19
64
26
56
56
32
85
50
20
36
51
64
2
24
16
88
42
72
12
64
16
45
35
12
48
53
64
12
12
43
72
61
48
76
16
80
72
56
36
80
28
58
40
56
77
88
40
80
21
8
68
75
0
26
42
48
26
2
36
2
61
2
16
50
59
0
77
16
59
80
72
80
88
0
60
16
34
52
29
68
82
81
8
80
88
0
34
8
32
68
82
64
8
44
27
11
4
20
0
48
64
56
32
56
80
88
29
60
12
72
12
56
64
80
88
72
8
28
53
16
8
72
32
80
69
75
50
32
64
88
36
64
80
34
5
67
72
56
80
64
0
52
32
80
13
64
16
32
60
65
40
11
43
59
20
67
27
36
50
24
11
60
26
43
16
61
72
40
53
3
52
72
0
48
24
32
80
40
72
32
34
0
80
12
72
80
64
40
13
48
43
19
72
53
3
56
44
12
0
67
19
50
24
80
88
32
64
80
32
40
16
24
77
0
60
24
72
40
80
21
32
66
13
64
80
12
64
27
43
40
48
56
72
27
0
64
40
88
52
18
8
53
68
37
40
12
64
72
73
80
28
36
72
75
64
24
64
19
32
0
32
16
64
56
88
11
43
36
12
4
16
60
2
48
66
82
83
60
3
72
66
8
80
72
51
80
48
80
12
52
16
0
48
76
32
72
59
48
48
80
88
18
8
48
52
72
8
10
19
48
72
80
3
72
48
32
66
64
75
48
28
72
24
37
64
64
20
0
36
2
43
72
24
88
48
80
12
2
43
61
56
43
32
56
18
67
72
80
34
64
40
10
60
66
58
64
80
88
0
64
77
4
36
44
59
37
0
72
2
56
35
3
24
24
80
0
72
26
8
72
56
27
24
52
80
29
69
77
64
80
52
10
21
8
64
24
56
44
68
32
3
44
21
51
75
44
24
62
66
37
11
4
10
27
44
32
8
88
53
8
27
16
74
72
48
76
0
48
67
2
0
36
72
11
0
29
37
13
56
32
0
48
43
72
52
0
42
16
37
48
28
69
20
51
48
27
40
68
11
3
32
75
56
72
80
88
51
27
0
64
0
32
16
40
88
64
21
52
64
37
12
72
11
80
48
80
0
44
8
75
10
64
56
40
16
86
56
77
18
43
59
24
68
56
59
64
32
0
53
3
32
72
12
80
72
80
44
56
48
40
72
8
88
11
40
75
16
24
56
66
56
48
40
16
88
8
80
88
0
53
59
48
76
8
60
26
64
56
28
0
44
8
0
72
56
88
59
28
16
76
16
72
56
40
84
32
80
12
56
8
69
40
64
88
52
0
74
66
40
8
0
75
8
72
80
16
48
72
88
34
0
80
32
50
66
64
32
12
60
37
3
51
8
77
51
18
40
44
26
64
11
56
83
26
43
24
48
0
32
16
59
8
32
52
64
68
0
8
18
72
80
29
42
60
72
73
80
32
50
80
16
48
88
52
2
16
18
48
12
4
27
48
27
40
80
72
40
8
56
64
80
8
40
88
60
0
48
72
50
26
48
67
8
52
0
59
72
13
48
72
80
8
11
0
77
29
40
64
20
67
43
42
56
12
0
48
88
29
56
80
0
74
56
