2
72
80
34
67
12
32
75
40
8
72
88
56
80
88
72
56
88
0
64
85
35
24
80
52
0
80
45
72
80
18
12
56
24
80
88
68
83
84
72
80
76
68
26
40
72
11
80
24
36
59
60
11
64
68
56
80
16
40
88
72
80
2
72
80
50
48
80
88
72
80
88
72
27
73
72
80
32
8
60
19
67
40
80
69
80
76
64
80
88
34
60
64
67
64
80
42
24
72
58
56
80
64
80
88
40
80
12
20
59
8
72
80
61
72
40
64
21
53
72
68
53
28
40
69
72
48
80
88
16
80
88
64
11
57
61
64
80
56
72
84
50
16
80
72
80
88
72
80
43
60
35
12
72
27
44
36
19
64
64
43
80
72
32
12
56
80
35
24
80
88
53
72
80
11
27
44
36
64
80
2
64
80
0
80
88
11
27
43
43
64
80
67
16
80
42
67
20
48
80
60
64
80
88
32
51
12
64
35
28
60
40
12
72
56
84
60
43
16
68
35
24
64
76
42
10
53
27
72
80
88
40
76
60
68
16
44
68
52
12
53
11
29
64
80
88
60
11
45
43
20
4
72
80
88
24
60
72
32
67
52
72
80
76
56
80
40
68
20
74
69
45
12
68
80
75
72
80
12
72
80
51
66
64
72
72
80
12
56
40
72
64
80
88
64
51
76
72
26
56
48
11
69
52
72
36
72
80
21
61
24
80
24
72
88
40
11
72
64
36
12
43
59
18
64
80
88
64
80
88
64
81
48
12
72
27
56
72
88
72
70
12
64
74
44
40
56
84
72
80
88
72
80
77
2
57
56
8
21
72
4
59
20
20
68
4
29
11
36
64
80
88
24
72
88
11
28
36
67
8
82
62
12
19
72
29
37
56
80
72
42
72
50
60
27
12
64
3
27
64
32
88
52
72
80
68
24
75
59
56
80
72
32
52
43
68
20
36
20
4
44
29
68
72
80
88
67
43
60
8
73
48
26
72
80
72
80
48
64
80
36
51
72
8
72
56
88
72
80
56
52
28
12
64
77
88
64
72
88
72
24
88
60
40
80
43
60
12
0
80
29
72
56
83
51
67
28
72
80
40
10
57
24
72
80
88
42
72
52
59
11
36
72
73
12
72
80
76
56
80
88
59
43
72
37
11
48
67
12
56
59
35
12
51
20
35
16
80
88
51
67
3
12
64
27
72
12
27
72
80
27
11
27
43
64
80
88
16
80
45
11
28
43
48
80
88
61
11
27
56
80
35
72
64
88
40
11
48
72
59
80
64
80
27
72
80
88
69
26
50
44
11
28
72
32
88
67
36
20
72
80
58
26
50
35
24
44
72
72
80
88
12
45
51
72
52
64
72
12
43
35
11
24
19
60
72
48
80
88
72
24
40
11
28
40
72
56
88
69
81
77
48
80
88
56
72
12
66
64
80
64
11
28
51
64
20
43
11
72
64
80
88
68
79
83
8
24
80
8
50
28
68
11
45
8
19
80
72
52
71
12
64
43
72
80
59
56
80
88
60
20
45
36
72
50
72
80
88
20
32
80
16
80
43
60
8
80
72
40
88
72
64
84
67
61
77
51
64
80
61
74
64
48
8
88
52
12
27
53
2
28
20
36
69
44
32
80
72
48
88
72
53
80
72
58
2
12
36
53
36
11
72
36
69
12
35
8
43
35
68
75
40
80
88
3
36
51
0
27
52
59
72
67
50
48
80
48
72
24
10
44
27
2
64
72
69
82
20
64
80
88
60
19
72
72
56
88
72
3
28
72
18
32
32
80
48
28
11
43
43
67
32
72
80
36
59
24
80
18
32
50
11
64
76
64
80
72
64
80
88
72
52
12
43
35
12
48
11
32
40
80
88
79
75
72
72
80
88
72
24
56
16
80
88
52
72
8
59
72
80
36
11
43
5
64
56
28
43
59
27
69
81
72
20
36
58
11
26
64
80
36
51
59
53
44
20
4
69
28
64
37
64
80
67
11
27
66
37
40
72
64
88
48
74
27
40
56
72
64
72
80
12
43
27
64
80
88
67
0
45
58
72
80
67
61
74
21
59
0
58
27
36
72
80
88
40
80
88
72
36
12
67
24
4
64
76
87
64
80
88
36
11
52
56
77
36
28
64
80
60
72
28
66
64
72
60
72
32
36
20
59
66
61
74
61
48
67
11
44
68
67
53
72
68
27
12
58
72
64
64
11
42
3
58
72
61
20
8
60
67
64
72
32
88
20
36
4
19
8
80
67
43
84
58
19
40
58
11
28
67
28
12
64
80
88
40
72
88
72
80
64
48
72
88
59
52
20
32
80
88
32
75
48
10
27
72
72
52
42
68
35
12
48
72
88
72
56
80
56
16
88
3
64
19
52
64
72
72
80
77
48
28
12
61
67
20
60
72
80
36
11
51
62
72
71
2
67
19
56
75
70
72
11
27
64
80
88
53
64
80
20
36
8
72
48
83
72
18
40
29
72
80
72
80
59
60
36
24
72
80
88
32
80
48
56
37
16
28
67
60
43
72
80
72
16
84
48
80
88
72
51
20
72
51
12
56
76
82
59
72
80
5
16
80
50
72
80
40
80
88
67
36
52
26
44
52
13
66
19
72
80
88
28
56
36
72
32
88
44
12
51
56
36
69
59
36
12
72
36
56
76
8
64
52
11
20
59
72
80
56
74
72
32
68
12
48
80
88
10
72
80
72
80
88
72
71
48
60
19
36
66
42
20
8
56
88
11
32
80
43
20
27
40
72
8
10
44
68
64
80
88
60
67
52
32
68
56
68
44
12
72
80
26
8
53
80
10
42
19
72
80
59
72
58
80
60
48
62
43
72
28
59
44
20
72
2
64
40
80
88
64
40
48
66
32
80
40
80
88
72
64
48
48
64
12
67
56
80
64
80
88
67
48
80
60
72
80
59
12
27
0
80
88
59
11
48
32
75
51
10
72
26
52
60
12
60
44
12
43
11
53
0
80
51
56
72
88
64
80
88
66
24
8
60
40
80
56
80
88
72
21
59
68
11
51
64
72
12
66
40
75
13
68
28
52
72
36
72
80
88
64
80
72
27
19
32
32
61
44
28
68
12
72
36
52
51
11
27
72
80
88
60
11
28
56
72
88
72
59
80
72
64
88
32
80
51
44
12
72
72
80
52
56
72
88
64
80
88
72
80
45
40
75
20
56
80
88
16
69
82
72
80
51
52
60
36
72
64
24
64
80
88
60
27
12
68
20
4
32
40
88
72
80
51
34
60
51
56
77
19
36
64
12
60
43
12
51
66
20
20
36
52
72
80
88
37
68
56
72
80
88
19
72
80
72
80
88
48
80
88
72
80
88
60
64
80
72
80
76
24
52
80
72
24
88
72
80
88
36
72
80
56
80
20
72
80
12
72
8
88
