90
54
40
99
98
96
0
47
81
67
27
54
69
99
81
99
81
54
99
95
98
40
81
13
81
90
67
90
18
67
81
72
99
70
99
67
99
96
97
81
49
76
99
96
90
67
54
81
90
67
99
57
99
81
90
75
99
99
96
97
99
81
82
99
98
96
99
90
47
99
97
96
99
97
81
73
99
81
99
67
54
99
90
27
73
99
90
40
13
67
67
81
99
99
97
98
84
99
94
99
90
67
54
84
19
99
54
15
67
99
90
99
95
54
99
67
74
90
67
99
99
37
74
58
54
27
99
81
47
99
40
58
83
67
13
99
97
98
81
27
0
99
13
58
67
83
61
81
99
98
99
56
98
27
71
90
99
90
27
99
81
97
99
72
54
90
40
67
99
97
96
81
71
99
54
90
15
99
81
54
54
99
13
99
85
67
73
99
81
90
67
99
61
90
54
81
99
94
77
99
90
71
54
27
81
99
90
56
40
81
84
13
54
81
13
74
47
81
13
67
99
98
54
99
94
99
81
95
90
99
93
81
99
94
99
97
98
81
47
13
99
69
54
99
54
90
99
97
94
99
97
90
73
99
40
81
47
13
99
56
13
99
98
96
81
54
13
74
99
94
99
98
96
58
94
18
99
98
96
99
90
47
72
60
99
81
99
90
99
81
67
81
21
54
99
67
97
99
67
97
90
67
27
99
97
96
67
90
69
99
40
67
99
95
67
75
40
13
67
81
99
99
95
81
70
13
40
81
99
90
50
99
81
90
54
99
83
99
97
40
83
7
90
99
81
59
90
67
73
99
27
99
90
67
99
90
13
13
60
81
72
99
67
99
96
97
67
81
58
27
0
81
13
99
90
91
42
81
81
99
92
99
81
32
99
67
54
81
54
79
81
13
99
69
54
27
99
81
74
33
67
82
92
72
99
67
54
27
67
13
81
81
99
97
99
90
67
71
15
67
54
81
13
81
99
49
91
54
16
90
67
86
99
81
95
54
99
81
99
59
90
99
75
95
60
13
33
81
99
77
54
81
40
81
27
0
90
29
81
99
90
67
99
97
90
99
98
90
99
98
93
99
81
54
99
81
50
67
27
90
99
98
90
99
90
67
67
81
99
99
95
98
81
27
90
90
81
99
67
90
64
75
54
13
67
27
6
81
13
90
90
6
99
69
99
90
99
96
97
40
99
67
99
94
97
90
99
81
81
99
90
99
67
27
99
27
97
90
81
27
99
47
74
90
54
48
59
35
67
99
98
97
99
98
91
67
99
94
99
96
27
99
90
40
90
99
86
81
74
99
59
90
40
99
13
56
90
67
81
90
14
75
90
27
54
54
81
99
99
97
81
81
99
96
99
72
54
99
67
31
67
99
95
99
97
96
54
99
96
99
67
27
81
67
85
99
98
94
67
90
74
81
67
99
99
98
95
81
99
90
42
74
7
99
97
96
99
40
98
99
94
67
6
81
41
99
40
81
99
97
33
47
99
98
99
96
90
99
54
98
99
67
97
70
40
58
81
54
17
81
40
13
99
98
94
99
98
90
99
76
98
54
81
99
99
70
96
99
13
54
99
81
67
99
67
27
67
94
81
69
54
81
99
98
91
99
98
84
99
98
97
99
95
67
99
81
40
40
84
6
58
99
96
81
99
40
0
40
77
99
67
98
90
54
99
81
47
74
90
99
67
99
96
67
81
99
97
99
70
27
99
14
81
81
40
6
74
99
98
92
81
99
67
13
30
99
97
96
33
81
99
86
67
99
90
13
99
81
13
99
81
99
95
81
54
13
90
27
74
99
98
96
99
96
94
99
40
98
45
81
13
81
99
90
73
99
97
99
97
98
67
54
90
83
67
99
99
54
90
90
69
99
81
14
99
90
81
99
15
40
81
99
60
90
99
54
74
99
67
27
13
81
54
81
13
54
67
90
61
99
97
96
54
99
95
99
90
40
99
67
98
81
99
97
81
99
90
67
90
74
99
98
96
54
90
13
70
99
94
69
99
97
81
99
96
67
99
97
99
98
96
99
67
54
99
90
97
56
99
90
99
81
54
67
99
96
54
83
16
67
99
58
69
99
74
99
48
81
67
14
30
73
99
90
90
27
67
99
81
58
81
27
99
99
67
81
99
97
95
99
90
40
99
86
54
40
81
6
81
54
27
81
83
99
84
54
13
90
72
99
81
54
13
43
99
98
67
99
90
99
90
47
27
40
77
90
67
99
99
97
95
56
99
96
40
99
95
81
13
47
99
98
81
99
54
90
81
27
67
27
76
99
40
13
81
76
99
90
99
98
81
81
27
90
90
47
99
81
99
90
90
60
99
73
99
96
99
96
97
99
97
81
90
54
13
99
70
97
54
72
55
57
84
67
99
98
90
67
84
54
99
67
40
69
99
81
99
98
97
67
99
81
84
99
95
99
81
27
99
96
97
99
57
90
99
81
31
99
70
71
84
99
90
13
81
47
99
98
96
99
90
54
54
99
96
70
54
81
99
81
98
40
81
6
90
99
92
99
96
81
99
95
96
90
99
74
67
99
98
81
27
0
99
97
90
99
91
47
99
81
54
67
99
54
99
90
54
54
99
96
99
90
98
86
27
54
27
0
47
59
99
97
99
67
32
99
98
96
99
97
54
13
99
97
99
98
40
56
83
54
99
97
98
40
13
84
99
97
90
72
13
33
99
97
81
90
54
27
67
81
99
99
81
43
81
99
97
99
90
58
13
47
81
71
27
63
99
30
98
81
54
99
64
90
67
54
81
27
99
97
81
99
98
81
99
67
97
81
99
94
99
69
67
90
27
54
99
96
97
99
40
98
99
97
98
27
90
54
99
75
98
90
40
81
99
96
81
73
0
47
81
99
90
81
27
99
99
97
81
99
90
74
99
67
81
81
72
99
67
13
40
99
98
97
73
27
54
90
99
95
99
90
74
99
98
18
99
54
81
99
81
54
99
90
67
99
90
47
67
17
57
99
97
81
90
54
99
67
34
69
99
98
95
90
27
84
99
98
81
81
13
50
90
72
99
99
97
95
99
81
67
99
67
40
99
81
47
99
98
97
72
58
84
99
90
67
99
98
96
81
13
67
99
98
81
99
81
98
99
47
59
99
94
13
54
81
17
99
98
96
99
90
95
67
99
97
99
56
98
99
67
96
91
81
54
81
99
90
67
99
95
84
60
27
45
86
13
90
70
99
27
71
99
99
94
90
99
97
81
81
99
97
99
98
90
54
86
0
99
72
27
81
47
77
99
70
67
61
81
54
99
90
54
99
67
98
99
67
84
99
98
96
90
62
40
67
90
99
99
71
98
81
54
79
99
81
97
90
81
99
99
94
97
81
99
95
90
73
99
99
67
27
45
27
67
67
99
81
90
40
6
99
96
97
81
40
54
99
97
81
