56
29
77
9
32
33
99
58
75
2
28
56
13
79
32
69
99
46
9
76
45
16
0
62
98
23
44
84
81
64
5
33
89
15
81
99
39
73
0
45
44
20
75
37
48
67
38
3
94
72
28
2
67
91
99
36
61
23
42
89
68
45
24
0
93
33
5
75
99
88
90
28
35
9
99
53
91
37
0
99
94
70
23
38
50
0
28
67
90
35
0
35
63
49
9
86
44
60
21
0
74
18
56
39
0
41
71
26
38
99
85
25
59
40
91
80
12
29
99
0
16
38
0
77
20
43
88
83
17
30
73
44
21
99
67
89
33
51
71
0
88
65
23
9
0
75
10
99
0
25
15
37
97
94
72
15
94
34
1
55
26
56
99
82
79
65
88
22
81
0
5
28
73
99
45
0
67
82
93
29
23
57
0
41
73
3
74
92
53
77
70
34
54
15
82
64
89
85
20
34
75
12
30
57
46
91
39
99
7
86
36
86
13
55
80
13
65
0
49
21
92
31
99
23
39
36
66
99
76
62
46
8
52
41
38
65
45
10
3
21
68
6
97
99
74
89
26
68
80
99
66
36
88
12
92
43
10
78
33
99
85
61
43
7
90
1
21
4
24
56
70
5
30
95
28
80
99
34
59
16
78
24
84
8
93
0
41
58
17
3
51
27
67
32
0
30
50
80
22
2
12
35
77
54
93
8
55
93
26
99
71
47
26
97
99
19
63
79
45
0
99
59
9
21
43
61
42
31
72
99
50
7
88
82
79
86
62
83
30
14
45
0
24
83
88
35
12
64
0
18
3
48
70
32
17
70
99
9
60
36
48
12
78
33
52
93
19
47
69
0
79
57
12
39
86
51
26
33
74
0
42
7
30
99
63
7
39
58
99
17
65
44
4
99
85
33
58
70
9
49
74
48
0
20
62
90
31
70
54
9
76
28
93
99
60
89
56
99
72
38
99
24
76
0
56
80
44
23
0
40
35
84
10
88
80
73
99
48
22
9
99
1
35
55
44
2
20
79
0
30
10
91
43
27
99
48
88
14
69
84
99
73
27
0
56
35
58
75
62
2
99
7
33
48
65
0
99
78
20
43
90
37
45
27
4
34
55
71
1
99
91
44
99
21
11
14
38
5
20
41
90
25
8
56
74
90
41
0
21
80
20
50
99
95
55
23
76
10
87
68
0
26
75
50
90
28
54
79
99
48
50
84
35
63
89
91
33
12
30
54
3
73
44
0
17
30
55
84
89
9
88
14
70
52
61
9
66
27
39
17
89
65
49
0
85
12
99
43
68
73
24
58
13
34
86
77
47
92
3
33
58
39
19
24
69
93
66
14
48
71
48
74
0
29
11
12
89
74
5
23
97
37
45
29
62
25
41
1
47
77
67
79
96
99
2
57
26
75
61
91
62
37
88
19
57
63
3
27
49
33
63
89
49
84
68
73
99
65
31
90
24
57
11
31
99
37
11
64
0
74
91
40
0
50
36
0
46
75
55
94
92
69
0
40
99
46
86
16
35
99
87
27
82
52
79
67
33
98
5
94
10
57
41
20
0
88
68
28
85
65
76
50
19
91
32
88
57
5
83
23
96
7
56
70
99
55
95
9
26
83
79
43
5
60
82
10
47
81
35
51
76
52
15
0
36
89
35
0
67
99
85
7
91
39
46
24
53
6
74
48
40
99
84
13
62
54
77
41
58
0
28
44
69
84
25
44
85
61
71
52
63
90
34
10
26
30
78
15
0
26
64
89
39
8
59
16
58
69
88
65
99
1
88
84
68
34
89
24
40
84
18
76
3
27
91
48
20
70
0
99
87
33
5
55
75
4
90
68
51
86
22
42
4
45
76
87
66
18
83
50
93
34
70
24
86
90
14
56
28
38
99
40
78
15
89
71
99
0
47
21
36
60
80
19
89
94
31
70
52
99
75
46
16
60
35
52
3
67
49
87
56
85
23
82
43
68
4
84
99
48
76
8
56
86
70
63
15
40
76
60
49
26
11
87
23
64
1
99
84
37
8
84
43
26
12
64
85
82
27
3
27
56
99
0
96
43
21
82
62
8
57
92
99
77
13
41
20
62
90
57
74
99
21
56
71
59
6
39
85
13
24
47
70
89
4
75
17
33
99
96
6
91
71
47
30
4
41
91
59
17
4
52
24
38
48
30
50
0
63
35
34
76
88
69
47
29
0
99
79
39
22
61
41
3
0
91
35
0
51
64
75
39
5
99
96
77
29
51
99
7
88
16
54
34
0
41
20
63
37
12
5
78
48
29
86
32
89
56
15
82
25
55
99
95
0
2
28
70
53
73
97
26
70
0
53
36
8
59
70
55
7
30
68
89
45
33
9
85
28
46
36
91
23
43
66
31
71
12
34
87
92
11
72
34
99
27
90
81
50
99
52
27
99
0
14
14
57
5
24
90
30
91
99
67
77
36
90
1
66
20
50
9
25
69
88
90
22
48
75
0
15
40
6
65
21
52
78
16
87
35
13
45
59
41
54
66
92
10
29
72
0
50
32
47
15
43
90
99
74
62
36
18
94
56
99
69
14
26
89
51
58
99
13
0
87
88
57
77
10
60
21
90
99
68
78
82
35
15
90
0
49
93
11
28
0
73
99
30
67
90
68
46
31
99
34
38
15
77
0
62
89
17
82
99
77
17
66
47
88
84
48
29
69
52
83
23
66
99
88
74
21
99
43
75
0
89
24
66
83
99
19
35
62
88
4
3
67
79
10
45
19
93
0
99
7
2
51
20
93
0
71
43
22
0
94
87
15
31
83
46
90
11
31
55
99
79
3
60
45
83
74
14
0
93
24
45
21
59
17
63
49
71
99
55
43
45
69
23
0
88
80
59
30
52
13
89
12
54
76
43
41
90
0
44
3
16
39
0
99
74
89
55
67
15
50
59
85
81
40
52
56
30
75
48
3
92
5
99
30
56
72
23
47
8
95
87
79
16
30
52
74
16
92
34
99
87
77
44
16
99
23
0
45
70
90
59
93
17
0
69
89
28
0
46
67
77
26
5
58
44
99
38
74
24
41
97
1
18
99
21
24
46
81
60
84
8
36
53
91
66
83
94
99
88
81
21
99
77
42
0
16
76
90
24
10
7
65
85
99
73
17
34
88
21
70
90
9
77
99
33
27
0
45
86
81
64
37
90
56
68
54
16
0
89
44
89
5
34
81
53
0
99
65
37
87
64
37
14
47
99
23
47
99
76
0
36
77
23
89
44
18
55
41
99
27
51
21
67
81
54
88
83
65
0
39
87
64
28
84
69
65
37
85
8
90
9
40
89
69
85
69
11
40
99
32
66
99
17
37
24
88
84
71
93
49
17
80
44
62
88
11
74
3
91
55
16
0
45
64
6
0
51
33
92
3
58
27
0
37
22
66
26
86
83
74
25
6
40
74
30
87
80
56
1
38
98
36
94
7
71
54
99
70
25
38
8
78
62
82
99
73
52
99
1
12
32
93
48
56
36
86
65
98
14
35
62
0
88
82
17
90
25
49
66
12
70
99
30
22
37
92
56
31
13
73
65
2
54
44
71
99
75
7
54
27
45
24
96
61
0
67
48
99
84
90
99
0
24
57
62
70
33
91
10
51
44
66
25
87
79
60
20
26
0
41
48
87
30
10
82
57
91
14
30
73
71
92
61
10
0
31
75
0
51
92
74
52
92
71
63
34
9
64
91
99
22
55
75
42
59
24
54
77
0
68
80
17
0
57
5
71
11
38
55
74
89
37
18
0
78
27
9
42
99
84
65
44
60
48
71
35
0
16
99
27
33
0
73
21
56
86
18
32
99
75
53
99
0
72
10
72
14
48
1
93
88
37
82
42
99
57
81
99
38
62
31
12
64
28
6
99
87
29
66
51
37
60
80
91
22
13
49
90
52
45
72
27
54
40
99
89
6
42
79
31
14
49
77
29
0
13
44
75
57
41
72
26
68
54
43
23
47
78
62
74
39
13
59
79
65
72
99
0
39
69
7
37
96
64
17
63
95
12
99
32
35
86
52
82
2
78
62
16
83
99
38
18
53
83
0
58
37
9
62
41
77
54
38
10
87
38
60
68
11
42
65
0
90
50
83
90
7
20
39
0
21
61
44
59
54
42
0
21
66
28
34
69
18
78
43
43
73
99
89
63
48
17
82
86
90
33
92
99
73
59
90
64
83
44
12
73
37
94
24
46
47
0
83
25
90
38
88
83
65
21
74
99
0
49
23
87
63
91
47
23
91
18
62
41
99
77
39
13
98
0
7
90
71
31
12
67
49
19
99
84
53
76
39
19
50
67
5
30
12
0
72
50
31
78
55
13
91
30
65
8
44
91
57
0
37
28
0
85
99
77
87
61
82
32
66
14
53
80
99
37
63
54
74
99
30
26
65
99
82
0
99
13
54
5
74
64
17
49
99
33
77
44
30
8
50
39
2
93
49
33
49
75
88
70
53
36
71
67
50
85
89
46
16
76
0
89
34
77
59
18
76
17
62
87
37
64
89
24
8
35
54
33
94
10
3
56
36
8
84
65
19
57
71
63
0
99
7
74
16
0
14
36
0
92
77
26
11
81
23
42
90
75
42
15
99
64
31
88
49
13
31
8
61
24
5
35
95
51
0
22
16
43
34
60
48
9
86
65
90
26
48
31
17
42
5
54
28
37
7
25
97
1
24
46
99
55
40
21
92
18
10
90
58
80
99
15
54
46
91
64
91
65
7
23
39
64
0
25
49
99
80
44
99
24
76
49
90
11
99
85
27
64
52
89
12
78
29
7
59
39
31
99
7
77
66
21
76
99
90
85
67
89
42
83
93
51
33
7
79
60
90
52
19
32
68
36
58
99
96
81
62
41
85
82
11
92
9
62
45
99
53
31
10
99
0
67
39
7
78
98
24
5
87
50
0
20
76
0
61
16
45
12
72
38
42
24
84
50
88
68
23
0
82
99
51
21
99
0
39
74
45
70
17
54
0
37
74
62
17
83
14
38
60
0
96
93
66
45
20
70
35
7
61
24
40
91
39
66
99
85
61
90
4
24
99
36
69
15
81
0
0
32
60
99
3
22
69
53
71
87
8
53
28
14
73
69
94
40
99
74
55
73
49
31
86
28
99
66
52
76
31
2
52
69
66
41
8
99
17
0
91
57
67
50
34
73
13
27
41
18
73
46
33
6
53
13
38
77
99
58
42
59
26
0
90
1
63
43
22
3
16
93
2
40
20
43
14
85
0
32
81
60
99
40
0
46
73
22
91
69
99
45
11
58
32
19
46
75
86
56
35
75
88
4
68
58
17
64
38
52
12
81
58
96
28
99
66
0
51
70
91
38
69
0
53
68
26
71
61
90
62
19
0
44
56
60
34
17
0
30
89
59
4
29
99
99
36
88
84
78
54
19
70
0
22
64
20
42
91
67
31
0
97
59
8
61
44
86
4
37
77
88
46
34
69
18
43
77
61
0
42
63
21
7
84
62
86
31
82
14
11
71
51
0
68
96
65
33
56
70
73
13
49
67
29
56
22
84
87
42
72
36
51
2
49
90
49
7
25
3
70
43
18
99
95
95
54
13
99
69
59
27
85
66
53
57
88
82
92
65
1
99
24
4
20
37
92
6
23
66
42
24
59
76
40
35
90
67
0
43
63
87
0
43
84
