45
86
80
99
72
7
53
75
30
15
76
64
93
59
99
67
51
41
96
69
26
43
71
4
64
93
99
51
91
4
26
55
82
27
87
83
39
91
99
30
61
0
74
99
0
58
36
99
64
96
57
87
58
82
8
98
50
90
38
14
99
80
1
89
64
83
0
86
67
91
0
22
83
99
2
65
99
38
99
77
30
70
91
61
29
90
0
67
94
44
23
69
90
99
28
71
82
89
11
1
65
54
49
87
65
62
99
76
36
59
43
79
38
19
92
46
70
99
73
22
65
40
26
65
18
44
48
75
25
86
63
83
42
86
90
58
2
81
65
0
45
89
49
86
65
91
99
53
74
99
89
63
9
40
89
77
65
5
46
5
99
61
68
88
24
64
45
85
70
35
99
42
75
11
62
88
82
2
31
61
74
56
88
35
52
99
77
33
5
15
70
30
70
23
5
0
71
32
92
66
54
85
72
99
58
36
0
31
91
61
29
53
99
36
99
59
14
46
69
99
71
69
55
18
99
99
68
76
9
25
1
94
38
99
82
34
99
19
78
62
8
75
60
66
93
99
89
66
53
74
99
46
80
32
52
74
44
22
60
22
76
49
12
74
27
60
45
80
26
13
57
91
31
62
88
82
81
99
89
67
93
48
82
45
99
16
92
58
24
4
83
52
74
25
65
89
36
87
81
48
58
10
37
78
31
10
65
91
38
48
73
88
68
21
45
43
72
21
71
9
56
30
55
0
61
32
11
43
91
18
25
47
87
86
63
82
12
56
36
50
99
75
34
57
86
12
77
87
69
47
24
63
20
83
0
99
37
90
57
66
90
79
6
27
99
66
54
2
97
11
66
91
17
90
62
41
93
71
21
45
68
38
76
2
73
49
3
29
59
84
53
76
21
65
91
99
89
68
20
76
44
13
8
74
22
52
89
7
51
33
54
43
0
94
64
84
19
92
51
70
65
89
33
80
45
99
76
99
54
55
90
31
99
55
24
69
18
78
67
20
84
76
8
41
77
38
63
90
27
1
26
99
62
38
91
68
15
38
67
2
76
28
92
72
0
23
76
85
63
86
83
56
85
34
31
53
75
50
91
73
91
66
82
0
21
99
12
65
85
23
86
90
29
56
74
79
93
99
90
64
44
76
56
99
99
73
69
81
99
39
59
91
42
49
81
95
44
71
0
91
43
62
57
90
78
64
14
88
22
66
87
81
92
99
90
58
62
99
83
89
27
80
98
46
75
11
95
48
99
45
99
63
62
36
15
47
79
0
29
99
86
39
20
69
27
66
88
45
75
90
19
77
86
77
44
64
90
57
74
43
71
16
27
88
92
92
45
67
79
34
99
65
99
52
66
87
30
4
70
43
91
32
47
46
25
14
15
62
99
37
92
99
96
99
66
0
90
82
87
19
50
67
14
99
43
76
0
72
99
62
58
69
7
19
87
36
99
38
85
62
2
34
99
69
36
49
34
60
59
88
3
26
93
45
42
69
0
7
70
24
16
84
90
56
40
85
76
99
20
32
82
99
76
28
1
55
85
80
71
10
44
40
86
19
75
99
0
99
53
77
26
2
62
99
84
90
66
84
33
82
99
54
90
37
21
0
99
45
37
93
55
62
20
99
90
62
2
66
48
76
99
24
13
13
88
52
37
89
85
35
61
99
56
32
47
99
2
76
99
75
89
17
34
99
88
54
0
13
92
99
4
58
86
63
40
0
77
85
68
77
48
32
88
58
84
56
86
0
59
35
87
16
94
99
68
44
92
25
89
50
20
50
68
76
46
30
34
90
75
27
91
0
98
47
0
56
89
6
47
12
56
54
84
17
55
25
96
25
76
99
10
33
69
89
43
13
64
92
49
68
13
46
72
50
13
74
9
92
59
89
81
37
78
44
86
58
82
80
99
31
76
99
89
78
40
99
9
28
59
99
0
27
99
63
46
3
40
60
5
65
49
32
88
81
78
16
59
67
94
72
75
3
88
82
35
11
72
30
0
96
99
10
99
77
52
14
74
91
68
92
62
99
26
3
21
0
71
88
63
81
63
85
0
27
78
89
69
83
99
99
70
31
41
89
74
53
30
6
8
67
99
72
46
1
31
90
66
39
78
88
35
91
99
72
95
54
71
48
0
83
94
99
86
58
99
63
39
57
99
77
29
23
91
65
64
82
95
61
9
28
89
80
44
72
99
42
66
99
3
48
0
99
79
32
10
30
76
90
99
86
91
15
76
86
77
48
60
42
65
86
96
68
0
10
44
31
95
55
37
56
86
24
44
65
4
96
64
24
45
90
11
93
63
4
79
8
56
91
29
67
62
87
83
66
46
89
76
30
48
74
45
96
60
90
30
72
50
20
89
56
83
66
95
29
23
89
79
34
96
60
99
75
63
88
65
94
61
0
28
45
93
68
12
73
36
5
52
76
64
99
55
67
99
5
3
76
43
91
66
5
29
74
99
92
47
99
74
53
21
49
88
81
76
58
99
99
79
46
49
4
69
57
71
30
16
95
99
65
0
26
63
47
31
66
95
99
92
48
99
18
41
99
22
89
80
48
3
88
73
46
6
94
67
33
2
93
45
54
14
99
54
95
21
75
35
71
63
39
15
58
80
88
65
99
33
37
88
81
99
42
77
59
38
89
61
88
82
63
99
55
82
0
89
34
70
43
36
99
11
23
48
99
76
28
99
99
62
78
15
7
21
90
54
23
91
31
70
40
75
57
99
54
74
45
65
25
58
12
41
92
69
99
33
8
99
52
26
75
74
15
44
14
98
33
53
88
81
93
37
0
7
32
99
84
93
52
32
0
99
44
91
17
99
80
0
82
57
32
22
65
99
28
92
49
14
72
58
77
30
0
76
38
86
18
43
68
65
0
46
32
75
87
22
64
90
92
64
0
14
75
90
90
47
0
75
85
70
89
57
80
57
17
38
80
19
55
42
80
99
72
43
85
76
99
0
2
60
92
91
71
57
90
25
15
69
94
99
36
72
6
15
56
70
73
48
20
29
72
69
89
43
3
99
10
81
88
36
0
81
99
50
58
90
29
92
99
56
45
89
10
99
20
71
99
0
25
55
87
62
89
81
54
13
99
83
39
60
22
41
93
64
25
56
70
52
95
99
35
73
0
99
46
71
48
91
1
74
35
58
88
31
63
86
62
31
20
91
49
26
92
51
90
19
60
12
90
65
30
87
11
26
70
46
67
47
0
85
14
57
78
47
28
13
60
36
44
21
69
7
30
50
34
81
61
73
94
34
18
88
99
5
52
84
60
92
36
77
4
28
93
27
37
38
87
82
65
10
99
8
71
41
35
91
76
69
91
51
99
51
66
3
55
99
41
90
0
28
74
8
75
4
45
26
46
13
67
22
42
74
99
41
86
0
62
29
79
87
67
88
0
