25
29
28
41
19
95
8
53
76
30
78
54
30
99
10
88
9
43
93
14
98
35
59
80
11
69
12
72
89
95
57
31
61
4
17
53
39
34
48
64
80
20
91
44
98
92
67
26
8
42
0
54
0
26
99
19
77
48
33
60
99
58
8
32
84
81
38
96
58
14
26
35
76
92
99
93
29
17
73
42
5
79
3
91
48
91
70
47
6
25
68
33
47
40
97
77
61
87
53
42
93
89
77
19
39
93
18
16
4
68
41
75
87
97
58
78
89
36
71
23
91
11
96
37
31
71
84
1
47
7
73
61
43
8
23
23
48
47
5
35
23
41
97
7
15
64
39
19
51
11
12
78
36
98
57
57
36
90
70
11
2
19
54
37
44
92
60
99
87
95
99
43
66
62
32
27
26
99
65
38
48
4
96
24
73
69
77
64
31
26
85
10
35
99
63
76
31
94
8
55
52
73
11
91
31
33
56
10
81
91
87
84
20
5
51
6
65
23
44
83
87
92
98
34
6
7
57
30
84
99
29
8
95
51
75
13
50
87
11
7
0
55
99
39
24
0
0
99
0
60
48
7
90
27
69
79
95
12
37
58
75
63
58
45
19
6
61
19
2
77
34
11
55
96
77
22
56
53
77
36
45
3
86
19
69
94
21
74
2
48
9
81
31
93
55
79
19
96
49
8
11
81
31
69
52
10
40
96
77
14
91
74
29
51
8
86
1
55
26
95
35
19
28
7
68
98
18
79
62
44
61
18
30
22
50
36
26
10
60
18
19
31
47
28
72
93
32
59
19
9
99
99
0
99
0
90
56
32
99
47
50
56
30
38
16
10
53
73
90
31
97
6
77
51
27
7
28
76
51
96
8
35
67
45
61
41
12
14
21
19
28
7
96
79
53
35
54
91
16
99
9
90
25
33
99
73
50
94
28
7
37
39
53
2
50
44
7
26
72
90
99
81
32
41
45
61
77
42
21
98
88
31
99
70
40
37
49
76
26
14
73
38
96
34
5
0
99
99
0
99
53
24
90
70
99
57
34
28
31
57
10
62
95
75
49
98
34
41
96
27
92
23
62
35
38
38
40
73
45
67
95
98
0
8
92
31
77
11
90
43
99
84
31
8
57
1
57
74
80
85
27
74
94
50
7
86
19
80
99
26
25
8
90
69
48
33
61
84
9
99
99
0
99
99
99
95
29
75
52
9
12
63
56
32
46
10
60
32
99
84
54
77
61
23
92
91
60
68
52
56
21
20
95
76
52
8
80
31
97
56
43
51
8
33
99
84
14
99
39
62
97
46
89
76
24
16
79
20
96
29
99
99
99
99
99
49
90
8
69
28
37
45
27
87
77
80
63
43
71
0
74
7
37
57
84
31
8
56
80
97
75
99
99
0
42
8
59
77
39
26
37
89
95
8
32
77
9
55
31
97
11
44
77
69
56
66
15
40
97
86
76
99
12
37
28
10
66
48
84
30
68
31
99
10
45
6
75
50
26
96
92
99
13
14
91
28
2
51
92
35
27
90
47
8
68
10
8
66
62
94
90
26
40
14
6
19
73
38
99
11
73
43
52
9
26
23
67
5
89
45
11
85
6
99
34
80
68
29
54
63
35
70
15
48
24
9
91
52
30
73
63
33
47
31
43
97
19
39
80
92
9
83
39
95
20
4
39
38
18
52
35
57
69
21
12
11
20
7
37
45
6
90
70
26
48
18
99
10
0
15
42
46
96
30
4
40
50
96
20
55
39
92
7
86
79
25
42
82
59
8
69
5
44
34
60
4
53
73
93
1
23
21
0
0
37
19
52
97
43
8
85
99
59
9
32
40
65
17
96
7
54
58
13
48
45
43
14
68
91
5
63
52
62
41
5
42
39
60
40
10
84
42
77
62
56
77
42
55
56
60
11
92
74
33
53
99
48
25
84
68
95
52
76
27
6
84
6
57
99
29
22
44
7
63
78
93
51
28
73
8
8
39
27
52
29
77
95
28
53
8
45
13
79
40
6
23
70
46
3
94
87
95
66
4
26
71
48
69
24
9
50
37
27
87
63
5
90
70
37
64
33
99
15
61
29
0
71
2
99
99
73
12
78
4
18
25
79
92
13
61
54
51
48
13
69
61
97
63
82
16
8
48
91
69
27
31
62
59
37
27
74
50
26
95
6
74
99
92
53
5
31
58
99
84
7
60
9
99
34
84
12
29
69
78
85
77
37
17
28
2
35
32
67
13
30
66
23
6
32
49
11
38
78
62
45
56
88
19
40
73
95
28
48
75
7
79
55
18
37
8
63
4
30
91
19
99
99
0
0
0
69
38
61
48
26
21
74
22
85
10
35
94
9
22
53
39
50
36
29
3
78
98
9
32
55
10
31
50
72
89
99
10
87
38
65
95
52
76
7
28
70
7
22
11
83
72
32
53
13
91
39
96
4
53
76
15
1
87
78
94
70
87
53
8
29
97
7
29
55
81
12
32
79
99
54
44
81
90
74
20
40
11
96
60
48
30
69
11
85
49
48
52
24
7
62
83
7
57
29
99
34
51
76
17
91
84
53
0
0
99
1
19
56
24
92
13
80
37
90
60
75
49
19
82
12
42
38
69
79
3
24
46
68
7
88
16
34
47
20
8
56
79
10
33
98
64
11
71
97
22
88
40
61
7
70
8
29
52
96
75
86
4
47
24
55
55
79
7
29
96
95
75
49
78
80
80
58
96
38
15
29
19
9
97
36
5
14
91
57
68
50
40
75
98
30
34
33
23
45
63
53
99
78
29
8
63
39
35
9
43
29
62
99
52
44
13
81
4
94
46
30
69
0
3
99
22
97
77
49
5
48
92
10
29
70
29
54
16
2
72
26
83
4
58
12
5
31
67
88
62
92
82
18
99
50
13
55
95
33
76
15
48
82
92
6
82
32
63
75
7
45
96
71
22
20
61
4
21
17
69
37
94
99
91
8
99
99
99
0
28
16
11
89
69
44
55
15
78
34
90
39
21
51
46
60
99
83
61
36
13
86
8
57
99
28
43
41
86
17
48
98
62
84
35
42
47
20
52
93
95
75
36
99
5
19
60
99
9
34
84
59
75
69
43
82
4
77
24
72
23
50
92
34
70
25
98
72
47
90
8
45
78
51
5
27
19
89
6
44
21
87
74
5
34
39
32
76
58
8
16
28
6
56
83
99
92
37
30
97
6
47
23
72
93
4
5
41
72
95
2
4
89
39
58
24
78
6
53
97
28
27
64
41
42
29
90
52
82
10
67
62
85
96
74
42
32
78
89
56
11
3
16
91
26
59
28
8
49
90
70
95
57
11
76
36
8
49
69
91
28
99
44
80
31
7
78
5
56
38
18
44
88
54
14
24
87
56
76
53
61
76
16
88
35
50
42
80
2
14
22
8
64
27
88
46
95
29
70
10
50
36
96
28
10
86
29
81
98
55
7
13
28
21
86
74
50
66
29
80
11
4
16
73
44
49
8
92
30
74
53
9
47
28
66
84
45
73
62
73
44
11
59
10
3
30
77
90
46
97
26
49
2
20
10
38
74
56
33
96
11
79
75
36
43
12
25
44
61
87
12
47
97
66
84
21
49
28
71
6
91
96
53
69
37
42
70
28
49
91
8
24
48
7
72
94
98
51
64
74
87
12
94
4
28
92
64
3
67
58
12
66
87
43
7
28
64
52
35
29
4
0
0
0
0
0
0
0
0
99
99
83
48
65
25
98
30
65
95
98
80
32
9
21
67
82
87
2
20
63
41
10
77
55
33
98
24
93
47
6
71
65
56
37
98
27
52
33
96
87
36
98
99
40
0
0
99
78
11
38
73
99
99
0
99
99
55
99
78
36
11
49
40
3
34
88
60
45
79
11
29
67
21
15
64
7
72
10
97
38
24
10
88
38
65
93
99
3
99
99
0
79
8
38
62
57
5
96
72
26
9
43
24
90
6
67
54
28
97
11
77
0
99
0
0
99
67
87
36
87
78
99
62
77
14
38
99
30
84
58
7
26
61
85
99
44
99
30
83
57
7
81
42
23
7
63
50
98
37
20
78
54
89
25
7
50
45
5
85
25
11
63
21
98
13
69
29
73
97
6
53
60
6
72
41
33
29
79
89
24
0
79
97
53
12
33
36
21
78
56
7
57
98
8
83
31
19
84
93
72
97
28
52
75
7
94
8
67
87
47
27
11
33
48
59
35
2
36
3
48
22
25
60
38
80
5
31
49
71
98
87
57
63
78
50
32
77
0
16
69
80
24
41
59
10
85
6
64
97
28
1
94
63
5
33
96
84
67
50
95
31
22
29
50
43
9
75
51
28
3
99
6
93
42
71
32
98
54
40
65
91
3
25
50
39
8
51
35
36
12
22
94
88
50
68
20
15
56
33
13
69
56
7
82
30
99
70
53
93
45
6
97
82
14
56
34
96
76
62
47
84
34
99
82
7
53
6
62
25
14
26
66
96
76
36
85
86
14
97
63
45
26
97
17
70
31
99
33
82
58
9
99
44
6
42
25
7
54
74
66
59
38
36
56
91
98
21
58
53
88
16
0
9
83
99
0
21
9
70
91
31
56
33
96
31
10
54
56
89
6
50
31
99
56
82
8
57
11
99
28
99
49
28
67
83
4
7
88
25
67
45
76
57
9
32
94
32
53
75
11
95
0
99
99
1
99
29
99
9
55
24
49
75
59
27
10
47
7
97
63
37
43
62
81
19
98
97
23
76
10
63
79
13
26
61
99
46
78
99
6
20
9
30
73
96
54
0
0
0
99
19
74
54
78
27
86
13
43
98
53
15
50
5
25
96
76
53
27
45
67
86
14
0
67
75
31
50
27
4
93
68
99
13
62
35
86
41
73
48
67
59
82
39
12
61
99
27
77
15
68
99
64
14
88
49
38
93
73
49
25
7
89
83
60
18
97
52
10
31
70
92
74
93
28
51
7
0
99
99
99
99
41
20
77
60
57
66
75
32
17
54
99
99
99
99
99
54
95
74
9
31
22
79
95
66
48
95
99
0
99
52
59
90
69
65
9
39
1
60
51
2
68
89
65
24
47
84
9
29
55
99
96
23
40
81
89
90
49
55
26
42
95
83
56
76
29
55
99
6
89
72
34
7
6
27
60
57
8
31
82
99
57
74
48
42
13
89
7
45
26
65
71
18
84
77
2
26
44
64
86
9
36
15
80
94
28
92
31
42
88
7
35
76
78
16
19
53
32
29
49
56
99
57
51
35
24
98
61
12
40
82
28
10
71
54
87
93
85
32
13
21
82
21
65
42
3
29
15
75
40
11
35
64
94
18
39
8
57
82
31
97
52
41
20
49
44
70
35
88
8
53
70
56
57
75
66
54
79
44
95
19
7
60
30
87
99
70
8
90
49
28
82
47
17
36
77
13
98
60
36
82
19
8
77
34
53
6
53
28
96
78
42
76
98
1
25
94
6
52
75
27
11
73
96
54
35
96
18
42
85
64
44
87
69
35
14
30
91
9
49
70
46
65
23
28
53
90
16
49
74
33
24
3
29
74
41
0
99
86
0
0
90
28
49
30
10
92
45
29
76
96
26
10
52
72
88
55
11
46
60
99
29
10
86
69
49
54
10
14
71
57
36
79
89
8
97
43
95
59
61
70
26
9
41
57
74
55
8
76
99
57
