90
25
0
99
69
51
99
30
72
15
73
0
10
72
0
46
76
26
99
68
57
87
41
99
75
44
23
19
55
99
89
0
52
69
26
5
43
0
4
26
86
0
22
69
0
61
31
72
66
99
77
6
57
12
7
99
94
55
99
0
66
99
71
93
62
0
97
69
26
77
0
22
77
99
44
63
99
38
99
73
49
97
60
50
24
75
99
71
38
87
57
89
61
78
99
72
99
59
10
0
70
33
52
84
27
24
79
99
36
87
75
8
59
99
99
69
79
63
17
82
37
95
1
67
16
33
84
6
35
85
57
21
43
80
13
57
0
77
81
52
99
14
99
49
11
72
99
79
52
99
61
22
99
67
29
99
82
2
50
3
99
65
66
93
25
46
85
99
66
89
35
39
79
99
54
84
47
1
87
55
83
52
45
4
79
53
77
30
0
89
63
49
66
23
0
31
76
17
69
34
0
71
44
82
46
85
53
99
64
29
99
55
28
96
62
40
53
95
69
99
66
61
54
18
99
39
72
99
76
7
0
99
25
67
70
35
99
82
47
53
5
72
99
62
99
66
94
60
99
99
69
75
79
25
99
94
28
0
61
24
82
48
70
36
24
51
18
79
25
52
62
30
66
57
89
62
99
65
82
85
54
99
76
45
99
24
83
97
24
56
79
51
88
0
99
65
5
90
45
14
50
99
31
26
78
9
99
62
40
9
46
67
73
40
21
41
83
99
77
11
99
46
82
16
21
85
99
50
90
20
17
51
57
88
12
44
16
61
37
51
99
0
28
64
78
13
64
3
71
40
5
0
21
47
41
92
0
93
55
62
75
1
46
20
85
0
63
90
0
20
69
97
54
1
99
43
90
66
20
68
88
85
31
0
99
64
54
99
72
76
48
83
44
26
74
99
96
62
57
77
35
39
5
68
91
2
30
67
48
72
7
86
45
0
55
82
19
73
49
29
48
11
88
79
44
99
81
57
42
44
89
62
37
74
99
67
18
37
62
23
84
67
5
22
83
59
94
85
22
0
91
57
29
93
55
0
30
84
80
38
79
99
40
73
92
97
10
51
54
87
61
50
82
40
30
62
25
60
4
99
57
87
47
0
21
53
16
63
86
21
82
63
81
52
32
81
64
92
27
66
84
88
52
79
12
90
50
70
99
41
5
39
35
96
27
70
0
47
19
99
50
10
53
90
22
63
42
84
21
58
85
74
99
27
92
56
44
96
60
99
45
10
93
49
13
63
99
54
26
44
99
7
45
82
0
72
6
29
29
70
99
0
43
96
25
85
67
39
79
7
17
74
37
53
79
26
78
32
55
95
51
66
27
82
54
97
51
0
43
92
99
35
81
65
60
90
31
93
57
0
8
81
0
90
52
0
96
57
52
34
92
79
96
64
99
81
39
59
99
71
3
48
82
57
45
76
20
89
10
36
58
6
36
24
77
0
36
99
68
23
60
0
38
8
95
44
64
37
30
83
99
91
46
2
75
54
33
7
52
75
62
33
78
61
12
86
78
99
88
30
77
99
41
80
54
45
83
56
92
8
48
52
15
42
70
99
60
21
72
99
27
82
0
38
91
66
67
34
81
81
53
99
89
38
0
0
96
49
30
96
61
63
21
99
65
94
0
70
42
76
64
97
18
75
49
91
40
6
50
61
99
13
58
33
87
99
0
32
53
91
62
72
34
99
88
56
0
13
77
61
5
53
0
58
87
50
80
48
2
99
38
61
63
15
99
54
86
35
36
0
65
17
77
29
46
93
66
14
45
57
80
47
27
83
46
2
37
85
99
25
72
99
67
45
82
75
24
55
14
63
91
90
45
59
0
85
59
25
74
99
41
79
9
89
43
63
57
92
64
74
11
49
43
72
98
71
98
28
61
18
99
67
17
99
91
56
36
96
32
60
51
99
0
9
40
54
5
32
0
25
99
75
48
94
23
88
41
0
7
68
47
95
58
34
87
63
15
99
70
66
50
7
97
9
98
42
72
28
0
11
91
73
41
76
99
14
79
99
45
93
73
99
20
51
66
0
19
18
60
76
62
91
99
25
80
0
89
59
51
99
69
32
75
99
5
52
93
64
8
70
99
75
41
0
31
7
47
58
93
65
37
81
24
72
20
99
72
41
87
25
99
60
22
62
33
56
9
87
99
67
95
75
48
0
60
81
39
57
87
6
19
92
0
70
99
43
69
9
50
46
0
76
76
30
35
28
73
99
96
20
71
21
84
3
78
46
38
93
61
55
99
68
46
6
93
25
99
60
35
56
27
0
39
68
77
88
59
0
48
90
10
47
73
27
18
83
53
71
32
0
57
91
11
99
65
23
76
27
46
23
98
51
53
87
49
83
55
99
96
55
24
15
61
86
24
87
0
31
99
55
58
93
53
21
65
99
61
0
26
28
69
93
19
69
43
10
87
99
91
25
53
85
54
29
0
73
99
68
5
99
27
77
0
15
80
48
75
54
99
86
41
0
53
89
44
39
75
99
93
48
20
63
99
45
12
69
29
38
80
53
98
41
74
96
32
71
99
64
0
16
99
44
62
88
44
47
0
84
81
50
26
46
74
36
46
99
24
88
51
45
96
62
22
76
35
99
66
24
40
91
57
97
94
61
99
31
76
0
66
94
41
72
17
60
55
88
0
93
57
61
27
90
99
72
36
40
6
43
50
19
46
99
73
39
99
88
26
0
15
75
99
89
47
0
85
28
0
82
12
0
61
28
34
0
99
24
67
27
0
62
99
33
38
6
83
59
22
99
85
55
16
21
67
96
81
24
99
89
38
0
2
99
36
16
93
58
32
0
99
80
40
71
99
69
0
29
59
81
23
74
50
37
72
0
17
76
0
32
99
56
79
30
42
23
83
45
20
59
99
34
79
0
24
76
99
42
86
0
15
85
77
0
64
99
76
11
39
82
49
55
99
25
41
99
22
59
99
66
45
45
90
65
21
59
77
0
99
55
70
99
58
88
20
62
51
87
99
34
70
0
15
84
99
84
47
0
20
52
79
84
38
15
99
9
80
85
34
0
99
66
0
58
93
53
92
46
27
40
85
10
96
16
0
73
99
24
60
81
42
86
46
56
15
74
51
94
63
41
84
50
46
18
58
99
16
80
49
33
99
0
71
99
80
58
0
97
88
38
60
84
61
32
5
35
42
82
60
99
23
69
52
55
88
17
48
95
25
45
9
99
25
96
68
78
50
27
97
16
48
27
60
85
23
91
59
54
19
48
0
31
50
26
78
0
75
36
99
20
81
27
49
89
0
44
89
58
72
6
54
99
30
83
37
82
58
59
94
65
6
69
44
88
56
43
65
99
61
28
89
99
9
61
98
69
34
13
30
72
5
45
2
76
17
51
58
8
67
0
69
99
53
0
54
99
89
45
30
24
68
97
