4
99
67
99
30
58
99
78
56
6
75
58
58
91
99
67
34
71
77
99
0
99
88
84
81
99
89
16
73
47
22
99
2
44
20
90
76
99
89
80
99
59
85
80
97
67
13
99
65
98
94
94
67
8
99
84
90
16
83
86
99
75
1
89
69
84
51
89
80
73
99
55
74
26
99
85
69
90
9
91
60
83
99
70
99
84
90
99
86
3
35
93
99
72
6
61
40
17
70
36
60
87
99
87
7
99
69
88
93
40
99
68
85
91
41
72
99
54
22
99
66
91
71
38
13
56
64
90
99
84
99
16
65
99
29
25
91
65
29
91
99
91
99
83
99
88
5
76
99
33
27
90
81
42
98
29
88
41
80
17
43
82
72
99
66
99
85
90
80
99
22
91
55
76
46
87
80
99
82
89
84
3
71
61
2
89
78
91
82
83
99
71
99
68
28
28
96
48
82
94
99
99
78
89
43
93
99
12
93
99
91
99
85
27
99
70
99
43
77
92
28
53
99
48
68
15
92
99
68
40
74
99
41
65
95
0
21
67
91
99
95
99
86
91
99
86
33
92
99
87
83
43
74
99
89
47
99
23
99
34
71
75
67
89
36
91
99
72
99
21
91
72
99
64
87
92
26
95
99
68
94
99
65
16
50
99
84
58
98
56
94
88
15
78
99
12
63
68
11
41
15
92
99
20
89
0
93
69
50
25
92
99
0
22
99
96
43
4
93
64
99
40
99
83
27
64
81
66
29
89
99
75
90
93
99
15
57
97
94
81
54
86
62
44
92
79
99
35
10
76
37
89
63
82
80
99
59
13
99
52
84
79
37
42
93
99
6
98
50
64
88
83
99
20
83
54
92
99
91
65
6
15
91
99
33
95
99
45
77
64
42
86
78
94
60
99
91
27
66
94
99
34
89
52
82
99
78
36
60
88
82
99
72
58
71
23
99
90
46
73
89
10
83
37
75
55
67
97
23
46
10
77
99
87
74
76
99
88
62
99
86
51
85
80
61
84
99
56
99
88
91
70
27
49
99
85
36
99
91
99
68
89
35
92
99
85
55
44
32
0
84
72
99
75
99
55
15
99
77
89
83
16
86
99
81
90
27
94
90
18
89
81
78
99
66
55
85
99
84
72
99
99
57
23
99
38
84
92
99
86
93
99
54
25
99
64
45
79
86
55
94
74
89
14
81
16
93
48
99
54
78
62
91
99
81
99
89
99
77
18
15
88
62
7
77
54
91
99
73
55
90
36
99
71
67
42
3
99
71
44
65
99
84
90
69
93
14
30
67
89
98
94
62
30
99
73
69
99
50
74
99
88
65
10
88
99
62
5
99
71
40
35
99
13
80
11
53
89
73
30
93
34
71
90
18
82
35
48
64
97
71
25
99
68
87
68
71
86
99
72
54
99
87
70
40
74
99
28
85
82
94
99
13
96
28
70
43
73
99
99
64
12
69
99
71
24
99
68
10
88
69
99
67
12
10
94
99
79
99
5
59
97
13
48
86
66
99
78
90
57
91
99
89
99
83
99
75
60
99
86
25
87
57
82
88
79
84
70
42
92
49
90
99
69
99
72
80
99
50
99
69
89
94
46
66
99
50
81
3
88
68
99
63
83
42
99
80
45
70
88
34
99
80
8
93
99
26
94
99
99
81
89
77
99
40
27
91
99
82
99
89
81
96
99
16
92
99
2
94
99
46
70
35
99
73
89
51
27
99
90
26
42
99
82
90
75
99
3
62
96
99
21
76
60
99
69
71
69
94
3
73
99
17
71
47
92
26
88
81
43
76
87
78
99
89
78
99
90
88
26
99
12
82
99
99
60
87
36
92
99
99
69
52
95
39
99
99
64
87
81
99
87
73
66
88
12
75
47
54
2
91
89
29
82
64
86
80
73
55
34
41
94
99
5
91
99
93
99
35
69
47
18
69
91
66
57
93
99
99
82
17
54
84
81
45
93
99
79
57
88
37
92
99
94
69
48
56
99
43
12
89
73
98
95
89
99
79
89
70
93
61
83
98
0
99
87
33
13
65
45
59
37
41
99
66
74
14
93
99
99
7
59
99
88
75
99
85
24
55
92
99
42
24
91
87
99
92
82
99
76
95
99
26
80
99
33
83
86
90
78
99
57
22
66
74
12
59
71
52
91
14
91
65
99
15
99
60
92
10
45
73
54
91
93
68
45
57
93
99
99
27
49
4
32
50
16
82
41
69
96
99
30
99
57
99
87
77
99
87
78
94
67
99
88
20
59
91
99
83
93
67
47
63
83
99
31
99
72
88
83
99
47
17
99
56
90
22
89
79
99
33
75
49
99
81
8
99
75
27
34
94
99
58
89
62
57
36
99
17
99
57
34
94
2
90
64
53
26
77
85
99
68
89
65
99
23
83
99
72
95
99
67
99
85
14
99
3
44
76
88
71
99
50
81
42
62
75
76
53
87
79
7
29
74
99
4
19
78
86
77
28
86
78
99
85
8
80
62
58
85
76
99
86
32
82
99
89
89
99
84
44
73
65
52
99
71
47
88
80
46
96
70
82
92
62
59
88
80
82
57
86
84
4
95
99
80
50
83
99
68
66
92
99
95
99
34
15
91
99
73
99
89
33
92
99
32
73
13
89
28
79
57
89
73
99
57
24
92
15
57
78
17
46
45
91
56
80
99
76
91
99
69
67
99
51
99
79
45
89
13
82
75
85
79
83
99
89
3
96
99
45
96
99
5
55
37
76
99
89
43
90
74
0
21
45
45
85
11
26
92
99
99
87
38
81
99
89
89
24
68
48
77
25
5
94
56
8
99
31
83
99
20
99
73
35
41
99
62
99
42
11
57
92
99
2
99
68
76
44
98
62
99
37
13
58
92
99
33
88
50
93
99
57
97
90
69
89
81
83
92
99
49
89
66
35
64
99
96
99
78
79
99
0
86
77
99
53
31
78
14
93
82
40
99
90
63
91
14
89
81
20
80
53
99
55
95
87
62
90
99
99
85
91
91
99
56
99
77
57
59
93
99
67
95
99
99
76
61
67
91
99
93
99
65
72
53
36
55
93
99
84
88
77
92
99
7
91
3
30
26
93
99
99
33
25
90
81
56
55
73
97
58
88
80
99
72
26
57
99
71
55
79
87
99
87
33
94
99
87
12
94
99
99
72
54
65
85
99
99
77
60
41
99
74
64
86
93
13
78
86
99
81
90
89
36
0
24
53
44
75
99
89
62
97
93
92
67
99
75
40
99
99
85
57
33
62
88
99
57
73
38
91
75
90
79
97
76
36
92
92
24
45
69
86
99
39
92
10
81
58
91
27
74
65
29
54
88
70
56
88
72
94
99
82
92
99
83
99
77
93
99
84
8
89
27
95
69
0
37
99
76
58
99
87
99
76
89
10
94
99
