72
80
52
40
96
34
67
12
44
59
19
56
36
72
3
72
60
65
53
11
60
72
80
88
96
67
44
60
24
72
0
44
80
88
96
36
69
40
80
78
2
32
80
88
96
67
44
0
80
24
12
37
66
64
72
40
80
88
96
99
68
78
36
61
4
72
80
13
77
88
36
67
24
74
66
72
48
88
80
99
68
35
19
58
3
66
3
56
80
88
69
56
80
88
96
72
16
88
80
99
44
72
80
19
32
72
80
64
40
96
28
64
80
88
96
72
80
88
96
99
72
28
56
88
96
72
80
28
58
77
24
43
80
78
56
67
64
80
88
96
0
80
88
96
99
64
80
88
96
8
12
20
60
64
52
34
66
52
62
72
21
72
80
88
96
44
32
80
88
67
72
80
88
96
82
72
80
12
51
27
19
27
40
10
76
72
80
88
96
83
48
72
56
96
99
53
24
8
88
96
68
53
36
13
24
72
40
82
90
8
72
80
88
96
99
16
80
88
96
99
64
11
28
0
82
64
52
12
28
37
53
40
72
20
56
51
64
80
88
96
72
80
88
96
10
24
72
43
56
96
67
28
12
43
56
72
27
80
44
59
42
20
0
64
88
64
2
43
80
88
72
34
52
13
24
36
24
80
88
96
24
72
88
96
99
56
76
72
83
73
43
59
12
20
52
48
80
36
64
93
12
64
80
88
96
11
69
28
4
51
72
71
12
60
40
40
80
88
96
99
67
24
80
43
3
72
12
21
48
2
51
64
80
26
3
67
64
80
88
85
43
52
4
36
72
64
35
44
0
24
48
64
88
96
89
72
80
56
32
99
60
43
16
80
88
68
36
51
24
3
72
42
80
20
74
56
11
24
2
44
29
8
77
89
82
67
53
28
58
72
45
72
19
32
88
56
72
88
96
99
32
80
88
96
99
68
48
12
27
3
60
11
48
20
0
43
27
59
13
3
72
80
3
20
36
24
68
59
72
12
64
36
40
88
96
72
80
77
40
93
3
28
66
16
80
5
68
48
80
8
72
48
88
80
81
24
67
59
72
85
72
80
59
20
35
72
27
51
45
56
64
80
88
96
99
72
11
80
36
51
56
19
8
72
96
64
56
88
13
80
67
24
59
80
88
8
80
27
81
64
68
48
12
61
72
72
56
88
26
40
20
72
80
88
96
58
68
21
36
8
27
64
56
72
96
52
11
72
44
56
64
2
35
80
88
32
80
3
52
18
60
24
80
88
64
68
80
85
62
74
64
28
46
80
2
12
72
80
44
27
72
64
88
96
80
58
56
80
88
48
64
75
44
83
88
26
40
80
10
72
32
77
89
91
88
66
51
43
20
4
29
42
32
80
88
12
56
19
48
88
40
80
88
96
99
27
43
68
10
51
35
48
13
24
0
8
80
88
72
99
24
60
34
67
56
28
44
16
51
66
36
67
60
72
80
19
61
64
52
8
19
72
35
3
52
8
80
56
16
99
40
72
88
96
89
60
45
27
67
3
59
8
72
88
96
64
76
35
3
24
72
80
56
96
99
68
20
89
80
58
59
48
80
88
96
72
32
52
12
84
72
53
64
88
96
37
11
24
52
68
45
8
32
88
96
72
80
88
96
99
69
81
87
79
43
48
74
8
84
76
24
80
79
59
52
64
80
88
96
99
64
80
88
96
86
48
11
72
88
96
40
80
88
96
99
67
58
72
80
56
56
35
12
24
88
52
72
71
56
48
72
53
64
88
36
72
13
80
77
88
60
67
12
40
80
72
71
52
43
19
32
80
11
24
96
72
56
84
93
97
19
56
27
12
66
32
80
64
96
88
27
56
80
88
96
8
75
72
85
52
43
72
52
35
10
11
52
27
68
36
72
73
43
13
28
72
80
76
88
96
40
56
48
96
99
40
80
56
96
99
28
11
44
33
0
32
66
12
56
88
59
35
69
20
48
3
51
20
69
35
45
64
80
88
96
68
51
28
13
43
10
61
64
76
88
72
28
3
52
40
24
76
89
96
92
2
19
35
52
59
64
80
88
96
99
72
80
48
96
24
60
11
28
43
72
28
48
80
88
96
20
60
3
44
32
56
80
12
24
96
72
80
88
16
83
42
61
8
80
88
72
42
58
80
88
72
80
35
20
53
72
80
88
96
99
40
69
12
2
52
40
72
20
4
28
72
64
88
96
99
37
12
51
67
24
72
80
27
58
12
10
36
48
0
88
45
27
50
72
11
72
80
88
96
99
48
80
27
36
59
64
72
88
96
99
72
34
51
11
0
11
44
59
20
0
72
80
88
96
83
32
80
88
72
99
69
81
75
51
61
28
12
64
80
43
68
82
76
64
90
68
81
80
42
27
8
64
88
96
99
72
34
8
85
64
27
64
28
56
88
35
64
12
40
88
52
28
72
80
88
27
72
3
40
88
64
80
88
96
85
69
80
79
64
89
29
36
8
80
24
27
11
64
0
88
68
40
80
88
85
34
8
80
88
96
72
51
71
18
64
2
64
28
12
80
72
64
88
51
96
32
80
88
96
99
72
80
52
88
96
32
72
88
87
19
72
80
88
96
48
0
80
88
96
99
56
80
88
96
99
8
80
60
88
85
69
20
32
80
88
51
3
72
80
76
67
61
64
80
88
67
50
24
80
72
60
8
80
88
96
27
72
3
44
51
52
12
35
18
3
2
56
64
88
96
35
67
20
4
44
16
44
80
88
84
72
40
88
96
99
32
76
52
24
85
0
72
88
96
99
12
27
52
40
0
43
12
27
72
80
28
52
69
32
80
11
28
35
68
20
20
69
32
80
88
40
80
2
88
96
61
11
27
43
2
43
32
59
53
77
56
64
72
80
99
18
48
80
40
96
48
80
79
13
2
44
27
64
8
88
64
44
12
0
88
69
79
19
48
64
11
64
80
88
84
60
72
28
16
64
72
56
88
96
99
3
72
20
44
29
72
8
88
96
99
32
80
48
81
13
28
11
43
0
80
53
59
43
72
80
72
80
37
12
59
58
20
8
65
56
8
50
16
88
96
19
64
74
56
88
35
64
80
78
13
11
44
64
32
52
69
19
51
4
35
43
28
51
3
69
72
40
88
96
89
24
80
88
96
72
72
64
35
88
96
72
80
88
51
58
72
32
56
80
93
32
80
40
96
99
44
64
51
72
88
72
80
88
32
56
20
56
34
4
75
8
64
88
96
99
27
0
43
59
72
69
81
75
44
64
19
72
36
4
45
72
56
88
96
99
60
35
0
80
19
51
0
80
44
88
20
35
50
4
68
27
61
44
12
34
67
11
24
50
0
66
12
44
27
51
56
28
80
0
33
36
11
64
48
88
48
72
26
4
84
16
40
52
76
81
64
72
88
96
99
11
0
80
88
96
64
0
88
96
99
44
21
67
8
56
59
72
80
40
88
67
48
75
64
27
35
72
12
50
24
56
80
8
96
99
72
48
88
96
99
11
64
80
88
96
56
3
19
77
36
67
11
36
20
0
72
73
80
88
82
0
80
88
96
99
50
35
12
26
0
29
56
80
88
96
28
42
8
80
88
68
84
20
51
35
24
66
64
72
92
24
72
64
88
44
40
80
88
48
99
62
0
19
74
44
10
61
48
76
20
51
68
12
27
44
72
73
80
88
96
35
68
45
4
56
56
72
12
64
96
64
80
88
96
99
32
64
88
96
99
64
20
8
88
74
72
27
12
36
0
24
64
88
96
99
24
37
12
64
88
64
80
88
96
99
40
67
80
88
96
37
58
12
0
80
58
27
44
16
67
72
52
28
13
2
16
66
48
88
96
3
40
72
88
96
67
24
80
64
52
50
72
80
88
96
27
48
64
88
72
64
40
88
96
90
59
72
73
54
35
27
44
0
80
88
72
56
20
88
96
68
27
12
53
75
48
61
28
34
0
68
24
48
80
4
56
80
88
96
99
40
64
80
96
99
48
80
72
96
99
68
24
80
43
11
27
48
12
0
88
64
42
3
56
88
40
80
88
96
99
11
51
24
69
0
45
60
32
76
64
68
28
12
35
2
58
27
12
2
44
48
77
87
20
68
60
66
40
80
88
51
60
8
80
88
60
16
80
72
88
68
86
87
89
84
72
19
40
84
74
64
80
32
40
48
72
80
60
28
13
60
32
80
88
96
72
56
88
89
44
12
58
54
64
80
29
56
80
88
96
67
20
4
29
60
68
43
56
80
88
72
51
80
88
96
48
80
88
96
24
67
48
29
13
35
60
48
66
13
27
72
80
12
56
92
60
72
80
88
2
72
80
16
96
99
72
80
88
96
99
42
56
80
88
96
3
36
20
60
44
50
20
72
37
4
35
16
24
50
2
56
74
68
80
88
26
53
12
36
67
75
64
83
91
99
28
44
51
13
36
72
56
88
96
99
72
80
28
60
43
58
72
18
36
80
64
8
88
96
99
32
76
56
80
72
36
51
2
67
64
72
80
76
56
96
34
13
60
20
72
48
80
88
96
40
35
50
72
80
12
72
80
88
96
99
72
80
77
88
96
52
4
19
64
28
18
43
29
52
0
19
0
56
88
80
16
77
88
35
60
12
2
16
43
80
29
72
80
64
16
67
51
24
80
40
32
80
88
96
99
20
60
68
52
74
42
68
52
12
24
68
12
19
80
75
59
72
73
80
70
24
52
80
88
85
44
32
77
3
52
72
80
59
76
35
72
53
80
32
96
51
11
59
48
72
48
75
36
64
0
27
42
64
16
88
72
28
64
88
96
44
51
40
80
88
64
48
24
96
80
67
32
80
88
96
32
80
81
8
96
8
72
56
64
48
42
20
60
4
32
68
16
80
56
90
64
80
88
96
99
67
44
16
80
88
34
72
80
88
96
56
12
27
3
35
12
60
28
16
80
67
19
35
3
53
64
2
49
24
88
11
72
26
51
36
60
5
32
80
88
60
20
36
4
48
37
20
51
4
60
72
80
2
35
19
24
56
16
96
99
64
76
89
84
72
16
67
35
24
88
59
51
66
12
27
61
69
52
89
12
11
72
59
80
76
12
51
2
68
19
13
72
51
20
2
64
2
74
68
65
72
11
80
88
96
68
32
24
48
90
12
16
76
51
8
44
64
80
88
72
21
8
69
32
88
52
64
12
3
20
27
59
12
72
43
72
43
53
28
36
59
11
24
48
84
72
80
88
96
99
11
64
76
27
0
56
12
72
88
96
72
80
88
96
99
59
72
66
56
88
32
80
50
88
96
24
43
75
4
59
40
80
12
52
88
56
72
88
96
90
64
80
88
96
99
72
44
80
32
96
20
28
4
50
64
56
40
88
96
99
26
73
56
72
90
72
80
88
96
83
52
19
59
40
11
64
72
56
24
96
64
80
88
84
96
19
4
43
60
68
72
80
12
26
0
32
80
88
96
99
51
32
80
13
60
60
24
77
37
93
56
80
88
96
99
36
64
12
21
44
64
43
12
27
80
68
52
40
80
88
60
11
28
72
36
72
80
88
16
81
58
72
19
51
2
72
80
88
48
99
72
73
27
80
88
16
72
80
88
99
32
80
88
56
86
72
80
88
96
99
72
73
80
20
64
72
80
0
88
99
36
5
44
59
28
59
72
35
48
88
72
80
88
13
16
72
80
88
8
56
59
36
12
44
24
72
80
60
12
45
72
8
88
58
96
