99
97
96
99
81
74
99
69
98
6
73
34
58
0
85
67
47
81
99
94
15
99
93
27
81
6
99
70
29
99
13
99
97
27
54
67
99
94
98
76
99
81
90
99
98
81
40
78
99
6
86
99
40
67
75
99
97
81
48
80
81
27
90
81
67
54
81
54
6
83
27
99
27
72
99
34
81
74
99
6
96
81
99
74
99
94
81
81
99
90
99
13
6
67
27
81
13
40
91
90
99
98
0
81
40
99
97
40
99
59
98
40
99
67
27
0
67
17
67
82
99
67
98
0
59
13
99
97
98
83
18
46
27
99
98
99
57
54
99
0
40
90
31
73
99
98
81
32
99
97
99
94
67
13
72
99
81
99
40
43
74
90
99
90
27
99
90
67
94
70
54
54
13
86
81
71
54
99
90
32
0
67
81
0
67
90
81
67
13
81
99
74
67
99
95
99
47
90
75
99
81
99
71
98
99
97
40
99
40
97
40
81
6
99
98
94
99
98
90
99
27
97
81
99
67
99
69
13
67
16
90
99
81
40
99
0
74
91
71
99
99
97
96
99
67
98
99
33
6
81
60
40
99
81
67
54
99
94
40
99
97
70
91
72
27
99
98
71
99
98
90
71
99
90
99
86
99
94
95
99
90
54
18
75
40
99
94
96
99
54
90
81
27
13
99
97
98
0
47
6
99
27
67
90
30
56
90
67
27
27
0
47
27
99
58
99
47
81
99
40
98
99
90
0
67
0
90
72
54
81
74
99
94
99
96
97
54
99
98
90
99
98
99
97
81
99
81
31
69
57
90
62
99
54
99
97
94
99
97
96
54
85
13
99
98
40
13
81
99
56
54
27
99
95
13
99
57
97
99
0
96
99
13
98
99
81
98
40
31
67
40
90
99
99
97
98
90
27
67
99
13
59
90
47
17
99
81
40
54
90
19
99
96
97
19
99
96
90
47
81
84
54
81
40
99
76
99
49
0
67
6
40
99
97
90
72
99
94
99
81
22
13
54
87
81
67
99
54
99
90
90
81
74
99
23
67
90
99
94
42
81
99
99
97
96
83
67
99
99
81
67
69
67
99
0
99
90
75
17
39
84
67
99
99
95
6
99
17
67
90
58
17
99
90
94
83
67
99
57
81
67
99
19
97
99
81
98
99
29
97
99
54
81
99
96
81
81
32
99
99
29
57
99
13
98
99
47
54
99
94
98
99
98
96
99
98
40
99
90
13
90
54
99
91
77
99
99
56
13
13
57
90
47
99
81
0
81
40
40
71
54
99
90
67
99
71
13
63
0
86
99
81
27
30
85
99
99
98
96
99
90
95
13
71
47
99
98
96
99
98
97
40
74
99
40
99
97
90
27
54
99
70
57
54
93
19
27
99
98
99
82
27
60
81
59
67
84
99
99
81
95
81
13
43
40
99
96
81
54
13
99
40
98
27
99
81
45
67
27
99
13
97
67
99
97
99
67
13
54
30
84
99
59
93
27
99
96
99
81
27
67
99
94
81
40
60
99
90
35
99
98
96
90
13
54
99
90
40
99
97
13
54
84
59
82
6
67
99
13
81
90
99
94
67
27
90
69
99
90
99
98
81
90
40
6
99
90
47
90
0
99
99
81
0
99
81
40
99
42
94
99
90
40
99
13
74
99
98
96
99
85
67
73
13
99
13
99
0
81
47
13
99
90
58
99
13
98
0
67
47
40
67
34
67
99
81
19
67
99
27
99
67
81
99
98
73
13
99
99
6
98
81
47
0
99
18
90
99
0
74
99
94
97
72
19
46
85
54
13
81
54
27
99
90
96
27
99
96
84
27
81
81
47
0
99
97
90
99
40
81
99
95
45
99
40
94
99
96
97
99
97
81
81
40
0
75
58
84
0
73
54
27
57
81
57
90
99
81
54
74
99
97
81
0
99
98
99
0
54
43
13
40
90
54
17
99
98
81
81
99
90
54
77
92
99
96
81
90
54
22
69
9
40
99
47
67
99
29
54
90
67
40
99
97
96
54
99
90
81
57
27
81
19
47
81
27
0
13
67
47
67
32
61
67
99
0
99
67
98
99
6
97
99
97
81
81
99
90
99
30
67
54
67
47
84
71
99
99
93
72
67
81
99
99
81
98
40
84
13
67
99
97
67
90
74
0
47
78
54
6
81
99
97
96
99
90
40
99
67
13
46
74
47
99
67
40
54
81
0
99
97
96
0
13
27
81
40
6
99
56
54
84
0
47
81
27
99
99
98
94
67
99
97
90
16
99
99
0
54
90
40
60
56
81
99
27
81
99
81
67
83
54
81
15
67
0
27
27
99
98
81
49
27
73
29
81
99
98
96
99
90
98
90
57
27
31
99
97
99
97
98
99
0
27
92
13
67
81
99
40
90
56
54
67
99
97
99
97
95
99
35
67
81
27
99
99
90
0
84
72
99
99
95
96
54
90
18
54
81
27
81
27
54
67
40
74
81
13
54
27
81
54
99
90
54
81
40
54
84
27
67
27
99
95
99
54
27
90
40
99
74
99
97
99
98
81
90
99
98
99
67
97
72
99
81
81
21
47
81
67
99
81
6
99
99
97
96
99
95
73
99
67
40
99
97
96
90
13
99
59
81
99
99
6
67
40
93
81
67
59
47
54
90
67
99
98
96
90
13
81
81
47
0
90
47
16
99
98
40
67
90
74
99
94
81
81
99
90
48
99
98
72
81
99
44
99
97
99
96
81
99
98
95
0
90
54
99
97
98
13
40
99
0
40
81
81
13
67
99
67
98
54
99
95
81
99
96
90
47
6
81
27
54
99
0
18
99
40
67
54
81
0
81
13
90
40
54
99
74
40
0
99
98
97
0
83
40
42
99
81
99
27
0
54
47
27
32
81
99
54
6
81
99
94
81
67
81
57
99
96
47
67
91
0
27
67
90
90
60
13
40
81
13
90
99
87
70
31
81
99
54
98
99
98
81
99
90
67
90
20
54
81
27
99
54
81
99
59
13
90
40
99
98
99
54
98
99
33
90
90
27
99
99
34
98
99
90
40
6
69
27
99
96
97
27
54
99
57
21
90
81
54
13
13
99
98
99
32
90
99
97
98
99
96
97
99
54
90
81
99
90
54
27
56
99
96
90
67
54
81
81
27
54
81
13
47
99
98
96
99
95
13
90
27
99
81
67
99
99
97
96
6
69
27
57
81
67
81
40
13
99
95
90
90
0
54
67
99
96
99
90
27
99
96
97
54
99
81
40
70
17
99
96
54
29
81
99
99
81
0
90
27
58
81
99
57
81
31
54
99
40
67
67
83
63
99
49
96
69
54
93
27
71
60
54
27
81
54
90
16
91
56
13
99
94
97
56
99
96
99
97
96
90
0
54
99
0
47
69
70
54
99
94
81
69
99
90
13
54
85
