66
22
55
21
17
6
69
26
47
90
11
79
62
99
30
99
66
46
82
91
27
17
71
77
32
56
60
95
86
19
58
83
99
9
33
42
81
61
18
97
29
51
93
10
73
52
3
94
86
32
27
60
70
65
62
15
72
65
76
1
69
36
30
61
74
66
83
74
25
41
85
99
60
35
10
61
33
50
24
91
81
89
35
66
73
52
77
9
95
30
20
36
35
50
70
76
40
10
3
89
14
70
87
95
59
13
56
69
38
61
99
10
83
34
59
6
82
0
23
46
99
9
85
60
33
82
65
28
78
9
95
22
77
11
48
79
31
82
33
15
57
81
10
98
44
3
67
4
69
14
88
55
98
74
83
74
27
40
63
28
88
9
21
70
99
27
8
66
97
18
36
3
34
73
27
95
49
54
6
77
41
78
56
83
74
11
60
43
98
27
2
70
58
81
93
78
6
52
96
27
34
11
55
94
76
77
98
53
82
93
67
97
26
88
78
10
91
49
90
22
34
53
75
92
13
0
7
94
62
85
55
88
11
33
76
1
56
54
40
8
27
94
1
18
8
93
32
8
76
56
85
56
99
6
29
34
75
69
92
49
58
11
79
32
97
71
38
8
16
10
85
72
90
20
52
26
30
3
4
48
9
47
76
68
16
88
7
55
21
34
19
96
79
66
88
94
13
74
35
55
44
80
98
48
7
49
49
94
20
36
99
99
99
99
99
34
14
85
71
55
53
78
6
96
28
47
87
60
71
21
4
11
42
97
15
99
71
9
82
30
78
63
41
98
89
99
7
55
43
25
39
77
65
90
53
28
8
49
70
91
11
51
71
89
31
51
46
45
19
8
57
80
41
9
29
40
97
76
24
85
68
90
13
27
50
6
54
21
87
36
84
63
20
82
33
45
96
15
8
89
11
70
31
26
22
89
73
55
80
97
20
95
70
13
36
67
98
84
37
13
52
73
88
41
8
80
25
27
57
88
81
52
55
1
25
55
95
32
77
10
25
87
10
96
93
58
33
12
83
99
28
54
99
82
7
94
28
45
10
62
65
29
44
54
72
8
54
22
92
43
88
32
97
54
75
36
12
82
99
58
13
50
45
59
7
49
78
83
74
87
90
9
47
28
66
29
7
99
57
84
73
10
94
36
56
7
76
99
86
57
30
65
79
41
90
88
40
9
80
72
40
5
11
67
29
66
96
51
75
0
6
56
67
0
92
75
49
98
20
36
28
83
51
41
80
58
85
71
44
17
5
73
66
42
21
60
90
8
16
25
45
24
58
97
28
25
70
96
54
87
32
77
58
89
17
52
21
15
25
14
53
27
93
6
80
96
62
70
82
55
95
42
12
67
27
33
35
85
46
2
11
61
2
90
94
49
99
76
27
7
74
85
51
75
46
50
70
57
6
4
6
25
12
13
14
59
99
0
0
0
11
59
84
35
96
83
56
7
30
99
46
67
73
50
23
15
45
80
0
55
12
65
4
36
94
45
11
23
14
17
43
85
52
68
49
42
15
64
85
94
41
93
23
56
79
31
74
53
10
86
76
8
30
94
53
55
17
20
46
91
27
61
44
97
11
43
68
7
54
94
9
3
19
64
99
34
75
11
91
55
99
28
50
8
92
98
1
52
41
61
86
35
9
94
69
75
82
53
94
42
58
31
18
41
93
58
93
36
78
12
12
51
50
48
70
94
74
51
6
27
60
3
41
70
67
1
51
74
5
15
81
61
69
33
9
7
23
55
75
37
9
25
97
77
41
93
16
97
47
24
54
35
68
11
50
56
97
9
32
79
10
89
70
30
50
58
55
13
90
46
40
75
47
19
70
35
28
75
81
1
83
59
12
13
32
33
29
65
9
90
76
8
42
25
59
84
38
59
81
42
72
0
99
0
0
66
55
3
93
96
78
92
6
90
58
13
38
94
63
83
30
79
99
17
0
30
55
79
98
7
24
54
70
77
99
11
8
28
14
49
52
48
78
64
13
72
31
87
33
6
78
61
8
33
92
93
35
72
12
58
0
50
66
58
57
48
27
96
59
14
99
70
12
8
46
90
69
48
7
27
36
97
73
14
56
42
5
95
25
77
11
97
27
77
57
59
44
16
99
83
26
47
99
74
4
42
71
82
14
94
33
92
23
28
54
23
66
56
6
32
30
11
44
50
73
73
74
97
58
25
45
70
54
7
48
14
11
73
65
38
73
15
5
85
31
86
68
8
97
29
60
69
17
7
99
26
7
46
67
87
88
18
77
57
69
97
79
39
17
60
35
13
92
54
68
24
47
19
16
80
22
49
83
62
73
96
33
10
77
56
39
78
91
24
71
7
56
82
99
30
66
56
61
68
82
98
69
48
90
35
88
61
8
99
33
36
21
88
59
76
29
4
43
61
97
13
32
48
64
81
37
99
0
99
99
10
61
99
35
85
25
42
64
91
40
29
7
57
99
85
33
60
16
83
96
38
99
83
62
13
34
79
58
11
97
29
53
95
8
77
83
9
34
58
94
79
54
2
41
17
50
3
49
46
34
66
11
48
17
30
96
43
20
76
29
32
44
97
20
87
93
33
45
60
91
42
11
23
60
88
62
32
85
8
58
26
81
40
94
54
16
73
10
79
18
7
75
53
28
92
69
99
8
56
23
11
31
72
94
51
16
4
41
46
77
36
69
24
50
25
36
46
67
1
59
47
24
33
64
41
36
63
8
18
9
82
9
99
57
32
65
32
11
47
68
6
99
21
47
36
14
28
23
31
17
11
56
33
95
80
99
22
62
33
20
31
40
94
46
34
87
67
23
6
45
4
73
91
88
26
98
67
54
59
10
8
68
48
28
87
97
8
78
31
54
48
46
44
7
63
33
65
23
95
82
49
28
92
8
70
37
52
69
42
34
32
57
99
9
81
98
9
28
41
58
66
48
11
30
84
14
42
99
86
65
74
95
92
3
51
69
63
50
66
16
14
34
9
19
12
48
58
79
1
91
37
1
51
10
80
0
57
12
76
28
71
43
58
5
53
43
9
16
69
92
15
94
30
63
49
33
80
57
10
99
56
55
12
49
20
87
10
45
52
30
22
36
87
46
8
79
16
56
73
29
34
55
11
91
74
34
99
83
11
56
56
8
91
24
21
95
17
45
74
12
52
68
13
34
8
13
75
35
59
90
41
54
85
22
12
62
33
88
99
8
66
8
52
88
46
10
9
37
60
67
42
57
2
95
14
43
59
39
63
36
98
16
72
34
60
96
8
27
51
76
11
59
87
26
65
9
85
64
45
27
51
92
72
7
28
44
48
64
1
70
26
42
10
52
71
32
83
72
21
8
48
62
67
28
34
90
47
7
25
70
61
19
45
41
38
18
40
81
68
71
12
95
48
19
66
37
97
80
77
44
37
80
59
23
26
78
89
53
28
34
97
16
37
56
86
99
7
84
58
31
58
15
76
99
93
98
36
15
81
60
13
93
45
54
23
42
89
16
79
99
70
31
99
59
54
71
60
45
13
19
68
62
77
71
58
56
90
80
47
45
31
88
69
53
10
28
40
74
50
25
47
14
85
38
69
7
84
56
30
99
53
74
98
79
46
72
23
45
95
6
99
66
59
9
84
60
10
49
30
87
4
12
14
11
74
92
71
38
78
27
21
1
92
42
98
8
97
71
28
56
37
63
32
41
86
43
77
89
84
64
92
81
33
78
86
9
24
4
30
28
1
81
11
70
3
65
79
86
8
11
35
69
58
44
83
32
55
11
96
76
27
29
45
26
14
50
16
97
2
37
56
46
37
26
5
70
30
80
8
56
60
26
10
77
44
33
20
97
74
56
26
46
91
66
32
97
34
81
49
50
82
99
13
38
62
27
89
8
48
68
3
78
92
39
13
71
77
89
14
34
93
67
64
35
53
49
27
9
90
67
95
32
14
51
81
19
51
43
91
32
48
71
60
99
88
9
35
83
70
76
36
35
66
42
55
41
72
77
33
95
22
41
93
12
58
35
18
98
82
70
99
35
12
99
67
43
9
10
90
48
7
53
77
96
29
22
58
13
78
31
8
59
32
99
84
98
81
32
56
9
85
71
10
55
50
90
50
14
5
11
30
51
98
78
10
96
12
19
67
36
70
15
99
84
59
94
38
9
47
75
19
1
30
49
88
40
7
93
19
99
92
7
49
27
71
87
33
1
52
50
85
98
60
71
20
99
52
50
14
27
23
52
20
78
87
94
45
43
62
54
7
65
25
45
88
37
85
58
90
4
72
52
42
29
39
13
35
76
93
56
62
82
40
99
45
29
41
83
14
94
47
11
58
26
88
64
21
31
25
67
40
86
66
25
87
99
37
32
20
68
1
16
65
28
39
35
28
38
59
95
96
14
10
51
86
39
78
33
21
92
93
79
98
5
22
49
91
24
75
87
8
50
61
90
15
27
7
93
51
72
85
47
65
75
8
70
53
98
23
4
32
16
92
2
95
71
20
60
35
99
86
62
24
19
43
38
14
27
31
82
58
97
9
25
41
55
19
34
44
46
85
36
88
94
63
15
79
96
62
39
47
76
12
30
60
99
56
83
6
29
67
78
91
48
28
31
96
9
54
76
80
45
55
9
38
89
58
97
50
84
12
28
63
94
58
89
2
3
34
68
57
68
15
20
39
9
73
51
29
95
68
46
6
24
91
54
76
96
10
32
42
30
21
39
8
27
43
5
57
13
6
11
3
52
75
57
78
95
5
43
99
0
99
0
0
7
94
28
74
52
43
15
25
65
73
47
61
68
81
70
8
54
30
90
77
61
13
95
86
23
72
12
17
7
99
14
38
97
62
81
81
63
58
35
78
43
26
15
28
98
80
8
57
99
32
49
76
30
98
9
52
74
8
93
29
96
5
45
52
38
55
21
23
45
17
18
67
99
37
62
30
82
7
99
56
6
77
33
96
98
53
98
85
20
38
83
99
31
26
21
58
64
98
46
31
89
58
8
41
24
70
32
41
80
91
18
72
90
54
80
27
86
14
57
69
44
86
35
42
38
84
98
2
9
65
54
31
13
91
74
64
10
43
27
85
81
50
92
41
31
7
26
71
48
93
23
95
67
90
89
83
40
30
81
53
86
47
8
29
58
83
42
56
69
20
57
42
7
32
86
16
37
78
17
3
43
81
53
17
85
44
28
19
9
91
4
69
26
43
61
54
97
21
89
46
94
59
13
36
76
76
33
65
67
45
58
63
73
9
88
31
26
14
1
84
50
65
10
26
38
79
4
50
1
54
40
59
20
3
83
78
95
61
22
40
14
94
47
36
9
27
82
61
39
15
96
88
32
33
34
29
35
39
67
5
26
7
92
47
69
20
98
66
33
25
21
8
54
87
91
97
10
54
58
50
6
81
45
60
97
0
86
7
71
78
71
89
27
49
10
89
80
71
28
56
55
41
30
52
93
48
29
99
86
65
57
83
99
7
29
94
10
51
70
28
23
46
79
90
53
36
59
81
13
98
89
28
9
48
68
45
18
99
25
6
79
92
15
64
35
91
72
11
85
42
60
97
56
13
92
33
54
93
76
9
1
51
5
32
95
87
37
57
65
77
57
56
53
72
88
73
13
28
97
46
13
87
31
44
99
65
19
78
62
51
57
10
59
60
30
0
6
21
99
13
37
45
75
64
49
64
40
50
18
23
