90
78
13
89
11
7
38
9
0
40
21
69
52
22
44
95
88
67
89
61
15
46
73
66
48
98
50
53
51
87
22
77
62
94
79
2
87
1
79
4
60
30
78
77
57
5
12
20
92
72
41
73
37
66
39
30
12
55
79
60
21
4
42
34
24
13
21
99
71
10
65
63
35
64
84
82
23
62
63
61
9
5
4
7
80
21
25
20
77
13
56
54
29
98
97
82
35
47
81
37
90
76
91
94
26
84
46
10
13
4
9
3
8
34
23
78
11
9
79
81
71
64
8
5
67
25
78
74
10
91
34
33
35
77
36
8
7
87
60
44
18
6
9
85
74
25
23
18
20
27
3
0
7
6
97
66
93
37
64
38
42
76
75
23
39
52
54
63
65
51
4
0
61
63
73
22
20
24
74
26
71
54
76
57
55
8
19
7
88
10
67
1
85
91
2
94
59
13
93
16
24
29
25
65
27
68
43
41
44
21
94
18
31
75
1
17
74
98
94
75
6
24
60
62
2
11
12
14
8
51
96
1
85
84
4
96
77
20
18
95
84
97
79
82
83
48
19
44
90
20
25
23
93
24
57
25
42
14
15
27
53
59
54
50
56
55
6
8
81
80
96
39
0
2
79
52
93
23
30
91
72
54
75
69
9
25
39
44
42
40
28
31
30
29
32
84
80
79
73
46
14
12
36
72
37
97
40
42
31
29
28
8
26
49
97
68
66
88
60
89
78
95
6
76
7
51
47
49
61
46
16
97
75
48
96
34
57
32
33
58
77
75
1
86
83
54
35
73
27
57
49
51
99
53
5
41
91
93
66
96
84
2
3
25
80
91
39
38
50
64
58
72
74
45
49
7
90
46
50
6
43
59
41
96
42
23
36
56
25
60
45
32
33
89
91
2
89
90
0
70
28
27
90
61
47
4
79
91
90
7
26
50
27
7
49
90
95
60
98
97
94
45
18
7
92
18
33
19
31
90
72
55
48
87
57
49
68
33
48
6
79
93
26
18
27
23
89
86
87
41
25
35
27
28
1
73
2
87
88
97
92
95
9
8
11
67
69
60
75
68
71
65
64
66
69
24
91
19
14
21
29
58
55
82
57
66
79
37
70
80
88
53
67
70
66
74
66
64
63
65
68
10
6
37
67
82
84
85
86
60
6
31
3
32
92
85
19
64
20
84
15
13
57
43
59
7
3
77
6
8
70
82
67
69
71
75
77
73
76
70
41
50
48
51
39
71
86
46
56
70
50
52
88
53
87
62
71
68
65
54
99
5
66
65
8
4
58
2
60
48
21
22
28
77
20
32
22
0
17
33
59
2
27
62
53
2
41
46
43
39
1
64
2
61
4
97
85
98
36
82
78
48
76
92
69
95
97
19
57
20
10
9
11
7
75
0
89
8
48
88
44
46
45
42
3
95
96
33
93
98
0
1
89
22
86
11
14
12
31
34
28
85
10
29
64
47
92
93
68
31
69
6
47
72
70
6
49
50
47
8
61
92
62
63
39
81
36
57
79
33
91
52
90
53
55
42
80
40
13
28
28
88
68
86
89
11
10
9
16
8
50
49
52
51
71
72
58
16
43
68
81
51
11
10
26
31
28
59
68
67
95
94
56
55
84
72
74
77
6
5
56
67
16
84
55
16
35
32
31
48
47
34
33
75
30
67
71
21
72
76
76
59
57
20
61
4
3
5
60
94
74
57
28
27
75
26
8
35
10
27
47
49
2
50
38
52
53
31
32
56
86
66
69
87
22
38
28
14
39
10
34
59
35
32
23
12
62
14
16
55
58
8
59
11
9
69
34
36
60
63
61
64
1
5
62
41
91
51
80
31
53
49
47
5
8
3
50
96
93
68
9
93
78
92
55
68
54
52
7
4
24
25
28
45
12
46
82
24
84
97
56
50
47
48
80
16
74
41
43
27
53
28
27
86
51
28
58
29
2
61
8
85
95
5
66
66
27
68
60
50
18
46
5
19
21
75
71
24
21
98
10
3
15
18
1
49
31
45
4
30
56
53
21
57
22
4
57
56
98
12
97
94
6
87
91
21
22
65
62
30
37
21
23
66
70
49
4
71
6
3
51
56
3
4
59
95
93
18
19
94
47
89
35
65
66
69
26
43
57
71
72
10
13
2
68
61
19
68
17
69
61
97
98
29
71
26
25
62
24
22
30
86
14
74
76
49
3
98
96
45
52
51
48
84
85
54
68
98
6
11
37
10
72
48
51
61
65
60
51
54
60
29
7
61
20
32
33
37
18
35
94
51
97
76
28
99
1
2
6
15
97
56
46
40
96
77
74
12
10
76
35
54
36
2
3
89
73
21
75
24
32
22
30
34
27
55
32
97
30
28
83
70
26
61
18
57
6
97
77
7
77
8
4
92
88
25
13
67
21
69
36
87
75
45
94
49
58
57
50
13
94
96
53
45
57
89
55
91
56
59
60
23
49
48
50
55
16
13
25
12
41
40
11
15
22
65
76
66
84
75
63
90
3
0
2
46
44
45
17
15
28
85
29
41
44
81
28
39
37
29
14
68
3
12
49
16
15
84
62
85
92
33
43
44
50
93
72
76
29
75
61
24
38
25
34
83
27
25
72
3
50
81
62
82
27
24
18
84
19
85
70
55
90
51
83
42
59
32
31
85
17
50
51
58
49
55
56
46
90
45
10
11
83
35
12
83
54
52
81
84
16
22
17
24
46
4
1
93
95
28
26
17
3
2
46
27
87
32
3
67
98
81
3
6
80
84
14
60
82
83
22
83
19
95
98
83
81
9
82
86
12
62
55
57
64
45
20
31
29
65
28
18
98
19
26
61
58
75
62
90
27
97
28
95
26
40
19
4
6
37
40
46
99
31
47
16
43
46
15
47
91
32
92
90
89
47
92
63
68
79
34
2
54
35
32
23
54
55
52
4
13
80
15
69
11
60
58
52
59
5
45
50
48
89
87
94
54
52
51
8
87
22
76
53
57
14
13
85
97
87
39
4
77
76
79
90
92
31
70
95
6
40
3
42
76
33
30
19
18
32
55
81
54
79
52
33
41
75
77
6
19
35
34
16
26
28
61
26
0
6
72
5
9
59
58
97
84
83
96
55
62
10
11
44
94
1
32
77
35
38
89
92
46
21
58
87
93
86
89
97
98
56
12
11
95
4
5
55
2
77
87
86
88
89
0
98
53
15
75
8
5
0
42
7
4
80
51
78
22
56
46
75
32
33
31
1
2
73
21
98
22
79
16
41
80
55
24
29
44
43
8
97
9
43
99
6
88
4
5
87
39
38
68
52
1
8
9
94
41
36
65
62
55
49
27
17
77
78
75
9
14
2
82
4
87
23
21
22
57
52
93
27
23
42
25
44
42
45
9
83
80
70
81
71
79
54
92
57
93
47
79
0
42
3
46
77
52
50
74
51
12
23
11
27
18
72
71
11
38
47
34
33
40
10
41
71
58
68
59
29
94
92
36
35
52
19
64
32
33
66
9
67
65
3
34
60
49
32
47
42
86
9
26
27
6
23
44
25
24
87
48
84
27
52
6
3
5
96
27
29
44
55
42
5
82
65
51
57
67
17
26
25
96
8
58
38
91
95
92
37
55
31
2
0
56
64
25
26
30
47
81
53
80
83
43
76
55
72
26
52
42
69
70
9
71
90
28
89
15
86
85
36
68
46
82
37
2
38
48
24
81
79
32
77
74
87
27
86
11
62
73
75
29
69
76
68
92
67
23
16
50
48
41
51
64
57
89
58
15
90
36
29
70
25
27
58
54
69
60
41
42
99
62
17
65
87
97
84
80
82
6
76
37
64
77
62
41
39
42
24
38
52
54
15
51
90
52
82
51
88
65
50
43
44
52
52
26
9
50
53
40
7
18
21
15
92
64
66
97
99
65
81
67
68
71
57
30
28
79
78
79
78
80
51
59
75
94
12
14
87
64
62
25
24
54
20
17
16
78
14
63
74
76
93
3
11
29
68
72
71
55
2
27
39
0
93
10
2
77
35
34
80
89
52
53
50
22
40
91
21
40
92
3
44
47
91
29
89
95
96
27
63
26
80
17
57
18
60
31
17
15
30
91
52
31
12
7
9
91
87
23
47
40
42
46
93
95
18
2
19
28
44
29
46
22
62
45
13
15
14
76
15
9
98
35
45
81
84
82
78
22
51
64
67
68
3
0
60
15
17
75
94
11
16
14
70
58
42
41
60
21
33
23
99
82
20
88
86
24
22
93
21
20
95
63
55
62
14
54
25
55
71
41
74
70
91
67
89
66
25
69
9
23
76
22
43
97
99
3
55
68
29
69
37
58
21
19
78
15
13
58
2
62
1
3
32
48
34
5
2
93
21
28
25
3
90
35
34
44
45
97
6
78
96
93
69
67
40
46
44
57
49
91
0
50
76
33
37
40
36
46
65
85
1
4
65
50
68
69
78
21
48
23
76
79
12
5
44
9
2
77
64
72
70
86
28
58
37
25
94
92
40
66
64
35
68
93
91
80
88
54
27
93
91
61
85
86
5
88
6
46
4
31
90
30
10
87
9
59
63
77
76
96
80
35
82
57
48
49
81
25
24
23
11
12
87
80
88
50
90
31
3
14
17
5
1
12
96
95
93
8
23
95
7
66
26
28
46
8
29
49
32
54
30
56
61
12
42
41
82
25
6
74
7
57
3
19
16
64
4
33
34
4
7
72
77
73
15
74
75
5
48
15
77
16
27
25
9
10
89
47
77
50
22
79
9
10
13
89
6
26
22
24
7
86
81
91
26
22
80
56
21
52
31
12
63
12
11
62
64
50
49
51
39
47
27
25
37
36
53
24
57
90
56
58
26
82
83
24
84
45
7
39
57
47
12
17
69
45
47
98
60
12
37
99
26
42
39
47
94
13
57
87
19
62
39
98
67
70
66
23
50
84
56
74
66
67
39
83
16
20
93
63
41
22
84
77
22
25
75
2
82
5
37
38
88
14
7
45
86
84
34
87
92
85
85
86
26
51
50
5
4
2
67
3
61
76
71
11
60
19
87
17
26
86
49
42
2
7
53
83
84
66
76
75
1
77
3
62
4
22
18
19
61
20
58
97
46
68
67
39
16
35
74
10
52
55
72
71
80
51
17
41
52
87
35
33
30
34
29
18
19
10
59
15
77
20
54
55
78
16
23
69
24
62
72
64
65
24
69
22
24
53
58
64
4
84
92
93
95
5
45
48
20
19
97
98
31
99
32
55
53
14
35
65
64
14
42
43
63
48
16
42
90
40
11
12
56
30
97
89
33
94
34
57
14
77
82
9
27
68
16
85
5
87
83
98
70
82
71
16
36
9
1
11
75
15
3
10
73
29
70
4
71
5
81
23
25
84
83
42
68
40
44
27
83
56
20
21
82
62
41
43
55
18
96
21
93
97
19
76
58
73
12
85
10
9
5
20
4
48
59
31
60
49
18
16
17
91
90
50
33
49
48
91
44
43
7
25
3
38
37
54
4
55
92
82
50
27
79
51
75
54
17
73
77
39
41
76
80
26
95
57
47
48
71
36
63
98
94
38
30
75
67
29
36
18
58
56
19
52
3
45
55
53
82
49
34
70
81
37
51
97
96
57
55
77
58
75
56
88
85
92
94
78
