91
4
78
39
52
39
91
7
10
14
39
78
91
0
26
78
65
0
10
26
0
1
14
6
65
91
78
26
39
8
0
99
52
26
65
99
78
52
91
7
99
78
26
8
39
3
52
7
0
19
39
91
13
1
99
26
78
4
91
8
65
91
0
99
5
65
91
99
2
9
78
13
65
1
29
65
91
52
6
26
78
52
8
6
27
5
91
65
52
17
3
10
26
91
42
91
39
6
52
0
78
99
91
5
65
78
91
0
26
6
2
91
65
26
78
99
78
65
26
0
0
99
91
13
19
78
65
91
6
99
78
99
26
8
52
4
7
9
0
65
91
65
26
1
10
0
91
2
78
18
26
52
0
99
63
99
91
78
26
0
78
13
52
99
91
2
99
78
0
39
91
26
78
9
14
78
39
52
91
4
26
99
91
65
52
2
99
39
19
18
91
39
52
26
13
91
26
52
4
39
99
4
39
14
91
99
91
65
0
6
52
3
99
15
1
78
65
52
4
91
91
52
5
26
99
78
99
65
26
9
13
65
23
0
30
52
3
39
26
19
91
26
99
0
13
99
65
91
39
9
78
0
8
65
22
39
99
65
91
8
26
3
52
43
9
3
7
0
99
27
26
78
65
39
2
65
78
99
91
4
10
14
99
3
24
26
52
65
10
99
10
78
14
91
5
52
78
26
7
91
26
78
99
10
14
4
39
52
95
78
99
39
26
5
91
78
52
39
26
13
91
2
26
99
17
91
65
0
99
52
91
0
78
99
9
78
65
91
6
1
1
99
11
91
52
26
65
8
2
99
78
13
0
30
29
39
91
26
52
13
99
9
6
65
91
13
91
52
7
65
6
65
15
3
91
39
78
2
99
65
9
65
23
0
5
99
91
52
39
6
65
78
99
0
39
91
65
3
78
39
99
4
91
39
26
52
26
99
2
6
3
65
52
99
26
91
65
10
14
16
52
26
39
78
65
65
91
99
2
78
5
52
95
90
99
52
65
0
8
26
78
10
14
16
39
78
1
8
65
23
99
0
13
3
52
65
91
52
26
6
6
0
39
20
78
99
65
78
5
0
91
78
26
65
3
9
6
78
19
52
26
13
99
42
44
65
99
52
91
26
65
78
39
26
91
2
0
15
18
20
65
13
0
95
90
26
7
78
91
65
65
39
9
0
22
91
3
65
10
78
65
52
0
26
16
65
39
99
26
10
39
8
6
21
19
78
13
91
23
0
65
91
78
11
52
39
78
11
14
91
13
52
65
3
39
39
65
26
4
99
7
65
0
91
52
3
78
39
7
0
39
91
10
65
22
4
91
17
20
52
26
99
78
91
52
65
78
3
91
39
4
26
12
10
14
99
13
91
23
30
26
65
91
8
39
0
91
65
99
52
11
52
27
78
91
10
14
16
6
65
13
91
30
52
1
52
78
91
4
8
91
65
78
0
26
99
91
39
0
6
99
52
65
78
26
91
78
39
4
65
78
7
0
20
22
78
13
65
7
91
52
65
5
78
19
9
26
78
42
99
52
26
39
5
65
52
65
39
13
9
99
6
13
78
23
99
39
91
52
0
78
52
9
6
27
65
52
39
91
0
26
78
4
39
52
39
91
65
78
52
91
78
13
65
29
95
78
52
90
93
10
65
39
14
16
6
52
91
18
15
26
99
9
65
52
65
26
91
99
6
91
99
26
5
52
0
91
4
39
99
65
99
39
0
91
26
91
78
39
99
39
91
26
99
6
78
1
99
12
65
91
65
8
39
20
13
78
52
91
31
78
91
26
2
39
91
9
6
27
52
65
91
7
99
22
78
1
39
99
52
1
91
65
16
26
78
39
52
26
99
65
91
39
26
99
26
78
1
91
4
99
78
26
91
3
91
6
0
21
39
78
65
13
99
26
65
78
91
1
8
78
99
8
91
22
9
39
65
6
24
99
52
26
13
91
52
65
39
0
99
78
52
7
9
65
52
78
39
91
6
65
26
10
78
36
99
91
65
0
6
78
99
65
3
13
78
52
4
99
17
99
65
78
3
52
91
65
13
26
78
39
52
9
99
26
99
91
78
52
26
8
78
65
6
99
39
65
9
7
11
91
65
78
0
52
13
0
26
31
30
4
7
91
19
24
26
10
14
91
6
78
65
7
9
26
0
65
2
99
39
52
39
26
0
10
91
5
52
99
22
52
91
1
13
65
26
99
0
91
8
91
39
9
65
20
39
9
52
21
78
65
99
91
26
52
99
10
39
24
65
99
78
4
52
91
91
2
13
26
65
0
39
6
18
17
39
65
99
26
6
52
99
6
78
13
91
99
26
52
39
99
39
0
8
91
39
78
65
3
26
11
14
0
29
31
2
91
39
99
78
91
39
10
1
65
52
65
10
91
78
39
99
2
10
14
99
78
52
9
65
13
3
65
52
99
39
78
65
8
10
0
78
99
6
18
26
7
9
5
14
91
3
39
16
26
91
52
2
8
39
99
26
8
65
0
13
91
65
52
32
13
99
91
39
5
39
91
65
4
9
95
78
90
99
92
78
7
91
9
27
52
78
2
99
65
91
99
9
6
65
52
13
0
99
24
26
2
91
38
78
26
91
52
99
39
13
39
0
7
78
65
5
39
78
9
13
99
7
9
52
13
52
91
31
30
0
99
39
65
78
39
65
91
26
0
13
99
52
31
30
26
99
2
65
13
99
3
26
78
42
39
2
65
17
26
39
78
99
65
91
13
52
29
91
99
65
10
14
4
78
4
91
16
19
9
39
65
99
78
0
13
95
4
90
52
91
65
9
26
52
99
26
13
52
42
91
10
99
14
65
3
99
65
91
16
99
39
13
65
55
78
65
91
99
52
6
52
91
78
99
78
99
0
91
16
0
78
52
18
91
39
65
5
26
78
10
14
0
6
39
26
78
13
99
43
26
99
65
0
52
39
10
0
22
14
99
13
26
4
39
91
99
65
52
0
26
78
91
0
4
65
26
52
0
78
78
91
39
26
8
52
91
65
39
26
99
52
65
1
78
52
91
2
65
17
91
26
65
0
99
78
26
52
99
13
11
91
23
65
52
99
78
13
3
29
65
13
26
39
41
95
78
99
3
91
13
91
99
31
30
65
52
2
39
17
78
39
99
13
5
39
52
4
99
19
6
65
26
23
17
2
78
0
18
91
52
65
78
91
39
4
91
8
26
21
91
1
39
15
17
52
99
0
78
26
0
39
16
2
99
65
2
13
78
30
26
78
10
91
4
39
13
26
0
52
91
52
99
9
65
91
1
13
78
29
91
26
1
65
13
13
78
24
52
22
7
99
0
52
65
91
78
7
39
20
52
91
78
9
65
99
91
52
7
14
39
4
26
18
78
13
52
23
30
32
99
78
65
52
13
13
52
78
99
26
52
91
78
39
8
78
26
91
99
39
65
26
6
91
52
13
0
6
65
23
13
7
65
30
29
7
91
5
2
0
13
99
91
3
23
26
13
99
91
65
13
91
23
7
78
99
13
91
52
30
78
99
65
3
8
52
65
78
8
4
52
65
78
10
3
0
52
39
11
9
52
91
13
39
0
91
39
99
52
2
26
65
91
13
52
99
65
8
6
52
52
10
14
26
65
65
26
99
91
78
65
95
90
39
99
13
52
99
29
65
26
52
99
39
8
78
39
91
13
65
78
52
13
5
26
78
11
0
22
65
65
78
10
52
0
78
65
13
99
0
39
13
91
5
26
13
4
99
25
65
10
14
99
28
39
99
4
13
0
17
26
2
13
43
36
52
99
78
91
10
39
65
91
13
99
99
78
26
2
65
39
91
65
52
26
52
39
6
91
0
99
26
10
39
0
99
39
52
26
11
39
26
65
13
91
91
99
39
78
13
0
99
26
39
17
26
91
39
99
13
4
91
26
7
12
99
91
65
2
39
39
65
10
14
6
65
78
99
52
3
39
65
91
99
1
99
13
4
91
39
91
39
7
9
26
65
0
52
39
99
52
99
6
8
1
39
26
7
91
0
99
91
4
13
17
78
91
0
52
39
65
3
39
10
91
91
39
26
5
13
91
78
52
4
99
99
78
91
26
52
78
52
91
65
26
91
26
39
78
9
6
78
91
21
23
78
13
91
39
27
99
78
39
13
52
91
6
99
17
0
78
52
13
39
24
91
13
99
24
78
91
78
39
8
10
91
65
99
39
5
13
99
3
28
52
99
26
52
0
4
91
52
39
65
26
0
78
91
17
52
26
78
39
99
91
91
39
99
26
52
78
91
26
39
8
91
26
0
8
39
6
65
18
20
99
6
65
91
99
52
99
39
52
91
26
65
99
91
1
39
78
7
26
91
4
39
78
11
0
65
6
65
39
20
91
0
39
78
18
91
4
65
7
18
52
13
99
0
91
32
26
65
7
52
11
78
99
91
6
26
52
13
26
1
68
26
91
99
7
78
10
14
26
28
30
9
4
78
14
12
65
39
8
3
52
99
26
1
39
78
39
78
52
65
91
14
4
7
12
26
52
91
65
4
39
6
52
91
22
39
78
3
10
14
52
6
78
17
21
65
99
3
65
11
39
52
99
0
3
8
91
13
2
39
52
78
26
39
8
52
65
39
91
99
10
95
99
91
39
0
10
14
3
78
29
99
78
13
39
24
99
26
52
91
78
99
78
2
9
65
0
91
14
26
1
52
91
78
3
11
26
99
7
10
39
11
78
39
99
49
4
91
99
8
20
99
52
0
8
14
65
3
8
0
39
65
39
99
52
1
99
3
91
11
12
1
78
99
17
26
52
65
0
5
8
65
10
14
16
39
7
91
52
78
0
78
65
1
99
17
91
99
52
65
7
91
52
39
9
26
99
13
39
65
3
99
91
52
78
65
99
78
39
0
65
52
65
2
99
91
39
26
0
65
99
2
52
65
0
26
78
91
26
9
65
39
13
52
99
68
65
99
91
39
52
99
7
52
39
78
91
26
99
4
0
13
52
99
91
32
52
26
3
9
78
39
26
65
1
91
65
5
78
9
26
39
65
1
52
8
6
91
19
65
33
26
13
91
7
9
3
78
26
18
20
39
99
78
5
65
99
52
3
78
18
65
39
3
99
15
91
6
52
65
16
91
9
6
1
13
78
52
91
65
26
78
52
8
65
39
39
91
2
78
26
91
99
52
4
39
65
91
52
13
4
91
0
99
78
17
91
39
52
6
99
0
65
78
99
13
65
99
0
39
7
78
91
0
99
26
91
13
39
23
0
91
99
39
65
6
99
52
65
8
6
95
90
99
13
0
11
91
22
20
23
91
10
78
99
5
78
39
99
8
65
13
99
25
91
41
91
10
14
52
6
26
52
8
7
65
99
91
2
52
11
78
91
65
4
13
91
78
9
26
6
0
9
6
21
78
78
99
91
26
3
65
26
39
52
10
2
52
78
26
14
52
7
26
20
91
52
91
78
0
8
99
78
91
2
65
91
39
4
65
52
65
9
0
25
28
39
26
7
65
99
39
91
65
99
7
26
78
65
91
2
91
52
65
78
26
1
91
11
0
52
39
99
13
91
2
39
91
13
99
56
39
26
0
9
99
0
91
39
18
17
2
78
99
0
16
39
91
65
52
78
13
91
78
39
99
26
65
52
91
78
99
78
0
91
52
