54
79
86
95
99
69
49
95
71
99
69
15
97
99
65
97
99
47
99
74
89
41
99
87
27
90
78
51
24
99
27
99
89
28
94
56
61
99
88
35
83
60
16
98
92
59
35
77
67
87
96
99
62
78
8
75
49
99
87
83
56
92
99
16
95
99
99
84
90
54
94
99
94
99
85
76
94
99
27
92
72
90
77
97
99
88
72
74
42
60
93
99
86
55
87
81
66
88
79
99
80
49
51
99
71
71
99
51
94
71
99
94
99
78
91
51
45
57
75
99
68
97
93
64
89
82
48
94
81
99
32
51
58
88
92
64
94
99
78
85
67
59
99
71
85
80
94
99
75
90
15
92
99
42
77
55
61
95
91
99
75
56
71
97
94
12
47
99
70
99
41
52
83
86
58
99
71
99
68
14
76
57
95
99
48
78
81
99
31
89
68
85
68
91
63
99
30
65
84
65
99
82
85
99
99
88
67
68
94
99
81
85
99
25
90
99
86
48
60
99
71
89
99
85
90
99
75
50
86
80
95
99
86
60
84
99
66
99
87
92
94
65
99
46
91
99
96
99
47
99
72
66
16
74
93
72
99
66
99
60
77
50
99
68
99
87
80
99
77
90
56
92
99
59
91
54
80
99
38
99
87
83
77
99
55
82
99
74
77
99
82
45
74
66
92
20
41
93
99
73
61
90
81
78
99
90
61
91
99
95
50
34
99
86
61
41
73
94
66
99
27
99
88
50
91
30
99
99
86
61
73
99
53
86
90
70
82
99
89
43
62
99
67
89
96
99
69
72
72
50
75
99
84
90
99
77
13
15
82
56
77
99
57
99
70
44
84
56
16
35
94
99
81
90
65
40
99
93
78
56
85
34
92
99
99
50
75
31
94
58
99
47
14
34
91
99
99
79
89
66
42
99
99
71
68
46
74
89
91
65
47
43
99
15
99
86
91
87
82
99
64
84
99
77
86
47
88
43
83
67
89
83
99
42
68
61
84
87
99
66
77
69
93
66
90
99
85
85
72
94
75
59
99
64
99
77
69
93
35
99
88
85
56
94
99
99
72
66
61
96
99
99
52
31
16
91
99
54
73
70
15
99
65
99
82
63
16
68
99
72
99
59
77
88
14
85
81
96
90
68
99
82
86
99
99
71
74
86
81
91
55
99
70
14
91
73
99
73
89
83
99
54
58
99
81
87
67
98
79
99
89
93
99
86
93
99
57
92
65
21
99
86
91
54
90
76
36
56
92
55
94
99
14
99
69
53
92
99
68
94
99
99
84
90
69
86
73
52
76
94
91
58
75
73
93
56
92
72
38
42
74
63
67
90
83
99
86
46
82
99
36
60
81
86
96
70
99
97
65
93
93
99
67
99
77
90
91
66
99
64
99
40
88
82
95
99
87
80
36
93
99
64
88
99
99
55
84
72
99
76
44
73
93
79
99
89
93
99
14
58
97
83
99
76
35
90
64
99
99
70
86
15
92
54
56
93
99
93
25
44
93
99
86
74
85
90
58
86
82
66
87
82
72
99
29
56
93
99
69
95
99
59
84
92
93
99
77
92
43
70
76
99
89
48
89
80
66
99
86
69
50
14
99
29
71
96
62
99
97
99
57
99
85
61
16
99
88
99
87
47
99
56
83
92
45
70
37
89
98
14
92
99
53
74
90
86
82
14
42
76
85
83
94
99
81
99
89
89
68
84
99
60
77
84
99
37
74
92
99
90
54
99
90
81
99
99
81
90
82
99
57
82
99
89
68
44
15
74
99
60
77
99
46
76
89
52
65
92
99
99
69
44
83
99
69
99
79
59
54
97
99
48
96
99
99
78
89
72
99
68
92
70
99
85
44
99
54
95
69
68
87
99
69
49
99
90
72
67
99
60
18
36
88
80
75
99
54
88
67
84
79
87
67
79
39
95
94
99
72
25
94
99
99
49
85
99
85
14
93
66
99
67
99
38
99
87
64
75
99
70
68
96
99
88
66
85
80
99
60
92
99
75
99
84
90
43
67
99
65
94
99
45
92
73
80
99
74
84
64
90
63
99
82
99
84
40
68
85
99
99
70
86
37
92
99
52
99
88
98
67
95
74
99
90
66
89
83
57
76
99
62
87
82
99
70
44
98
51
95
77
99
90
90
80
99
74
99
90
14
87
82
80
99
61
81
85
77
68
89
72
99
58
87
20
44
96
68
99
87
77
99
81
81
29
84
13
91
99
99
84
67
39
67
71
99
65
46
83
88
51
56
97
72
91
99
86
25
89
79
99
87
83
46
99
68
80
99
42
55
94
99
15
74
99
76
92
99
99
74
90
62
89
83
56
77
85
99
34
51
99
70
55
62
90
99
99
68
35
78
56
99
82
99
59
93
99
83
66
85
77
44
86
80
99
76
61
55
95
99
44
78
61
83
80
99
92
99
83
63
99
88
68
99
78
99
75
58
80
99
67
99
87
68
92
50
99
66
90
99
99
47
67
76
58
98
54
89
77
82
92
99
57
99
69
84
99
80
78
99
89
13
99
87
76
99
89
99
51
75
90
57
75
94
99
58
46
98
73
71
94
67
93
67
99
99
76
56
53
86
99
99
86
91
90
77
86
99
68
87
35
90
99
62
91
99
99
38
52
99
63
85
38
81
99
99
77
90
78
99
88
79
99
88
99
76
63
98
72
94
74
46
70
37
99
68
99
62
75
83
63
99
99
49
75
82
99
89
42
92
99
99
63
45
99
73
68
37
91
99
88
99
81
66
98
94
55
99
73
99
87
70
15
93
99
47
79
84
81
99
89
93
68
99
89
83
78
32
97
93
43
90
99
99
72
58
70
59
85
89
80
99
44
99
77
92
99
85
99
33
63
73
99
59
76
55
41
65
99
87
99
86
91
16
99
62
99
63
84
88
69
99
99
53
16
73
55
68
90
96
74
99
85
60
98
24
9
99
57
75
60
92
99
78
99
67
99
86
91
99
56
88
99
37
51
26
91
99
76
59
39
82
99
64
88
81
99
99
69
89
84
99
68
67
89
99
99
79
90
99
49
87
67
92
99
99
71
45
53
92
99
57
80
99
99
76
89
46
90
99
85
58
42
15
99
68
61
93
99
55
75
86
80
99
54
82
48
87
76
99
89
25
57
41
75
99
89
91
99
85
99
67
53
89
67
83
73
99
65
68
26
49
59
88
81
25
97
72
66
89
99
28
55
91
76
99
89
99
88
71
74
45
68
24
99
64
56
99
20
99
72
31
26
82
7
91
99
83
85
65
89
93
99
51
63
99
86
35
94
70
92
99
75
62
90
70
72
99
54
97
94
73
62
99
40
70
95
63
68
84
81
99
53
16
82
99
89
67
89
99
54
92
99
66
44
27
99
64
82
66
92
99
99
75
90
67
87
83
73
99
88
