80
97
64
0
0
99
82
40
8
77
87
69
32
17
62
0
25
73
19
69
28
42
70
37
75
78
91
53
99
94
28
49
72
14
69
58
73
57
63
61
90
81
92
98
48
46
88
53
55
80
31
72
87
22
96
70
48
12
29
1
19
56
91
12
60
65
93
14
74
6
79
1
99
99
2
38
30
94
98
10
49
75
29
67
14
82
88
5
74
34
87
55
95
73
32
36
81
11
16
42
77
92
36
2
34
91
48
52
86
16
48
18
73
24
80
72
36
82
25
49
41
57
46
67
89
51
94
26
85
10
21
99
77
39
94
5
1
43
99
99
0
16
86
48
40
89
15
60
42
88
9
68
10
31
48
22
55
22
76
56
44
6
91
52
84
24
33
3
0
99
0
58
44
74
56
94
60
89
42
31
44
44
79
94
11
54
86
76
44
44
55
49
38
54
6
46
81
51
33
72
55
95
17
55
91
66
93
30
8
96
81
69
36
49
26
52
57
5
10
78
47
46
68
85
37
10
19
83
99
99
0
3
51
5
99
30
83
58
86
21
8
48
35
12
37
65
63
21
37
57
79
77
63
71
74
98
23
26
64
46
93
80
9
26
79
87
84
99
3
54
12
40
61
47
33
30
52
30
46
8
64
20
74
27
90
17
48
23
54
41
40
93
55
15
56
55
51
92
19
59
95
29
97
99
86
75
67
81
92
81
11
46
78
96
76
70
34
85
17
16
65
75
51
43
15
61
88
16
28
94
5
24
86
88
55
14
43
21
59
14
49
90
97
89
89
81
13
16
47
23
88
79
61
72
54
85
15
14
26
79
9
1
69
51
29
93
39
59
48
21
74
95
50
85
16
89
18
34
52
88
9
99
56
7
42
67
68
14
45
75
70
21
0
44
11
82
44
59
92
25
53
43
25
87
5
47
32
13
39
79
46
68
21
65
21
56
36
43
62
7
9
7
18
13
86
47
10
85
91
42
51
0
59
68
43
67
70
54
97
81
16
0
99
31
28
78
30
99
64
17
91
1
53
64
3
71
5
80
97
42
14
91
7
31
95
22
39
49
24
52
18
0
0
99
83
8
44
46
83
15
33
43
64
43
94
44
95
23
13
30
28
93
12
44
83
81
32
62
94
65
12
65
57
3
6
34
38
21
2
65
12
92
34
63
91
5
77
25
75
92
62
26
55
29
35
45
84
2
38
46
21
55
19
59
81
47
97
69
98
84
83
72
9
64
10
0
36
98
89
90
38
15
65
43
80
54
89
24
42
55
27
75
19
6
16
42
13
7
67
58
43
21
45
10
62
73
43
67
49
17
45
99
53
15
2
12
18
56
75
29
10
77
64
14
26
13
34
3
74
61
74
13
23
24
76
18
21
49
77
72
35
42
43
70
93
18
52
63
69
12
64
72
88
36
55
47
25
0
0
99
25
5
37
13
19
35
49
86
15
22
28
91
96
72
87
88
87
77
64
40
30
62
7
47
17
34
49
57
59
44
39
37
20
32
59
92
6
19
43
66
11
45
35
62
28
15
3
31
36
91
41
88
49
15
99
99
0
70
27
43
4
76
84
73
40
71
79
96
99
94
60
35
14
0
39
89
67
40
0
23
54
26
15
68
35
59
8
61
48
28
18
20
44
16
80
18
30
72
26
92
16
75
5
87
13
18
57
94
99
59
48
0
65
91
16
62
8
11
78
16
69
56
5
41
83
58
33
64
21
84
8
90
36
54
63
28
37
87
84
5
11
90
0
18
5
59
8
37
77
73
0
19
99
12
30
8
12
44
81
98
1
45
1
53
12
81
39
64
16
35
96
19
98
34
31
94
70
55
49
9
92
11
46
1
14
7
60
32
5
43
99
6
33
89
77
59
15
97
83
19
52
0
0
0
5
46
99
83
60
40
0
99
0
61
45
49
11
8
46
43
91
2
46
58
38
36
62
3
86
51
42
18
90
78
16
88
61
97
81
61
43
47
61
73
66
30
80
29
36
46
70
35
80
33
96
45
19
42
42
44
15
84
23
21
79
92
89
34
78
52
38
46
42
87
9
32
46
8
96
43
6
69
76
69
11
19
11
67
49
84
71
71
24
93
77
10
31
50
61
61
57
91
59
23
3
49
28
70
64
85
14
21
52
49
67
68
79
78
65
44
58
54
91
15
0
86
25
6
10
14
41
94
71
52
50
29
5
98
53
3
49
19
45
76
16
99
41
58
12
21
1
1
94
13
99
0
99
99
0
99
50
95
12
7
50
90
52
4
2
58
35
27
96
89
7
29
89
65
23
19
96
70
30
52
45
12
80
19
9
57
63
96
49
41
76
52
0
88
99
84
68
65
51
16
11
71
60
16
99
24
64
41
66
94
38
60
80
41
33
12
61
68
83
15
55
72
29
3
92
93
77
2
92
62
12
8
32
38
79
9
3
0
99
0
40
58
72
50
56
6
99
42
50
38
13
61
84
16
18
78
82
74
75
39
11
80
70
67
35
7
87
22
24
6
89
33
7
90
83
74
92
72
46
22
83
16
84
50
41
70
97
75
21
74
36
79
35
5
99
50
84
52
27
48
50
47
43
0
99
0
73
21
27
58
35
82
84
40
29
18
47
36
85
65
32
43
4
87
37
86
98
95
45
40
20
80
99
89
10
51
66
9
85
86
70
99
62
51
99
20
24
64
36
99
78
54
69
78
83
15
45
97
29
19
62
10
55
83
33
93
78
33
27
60
3
62
70
87
66
88
20
45
2
82
35
13
77
41
4
31
46
86
13
54
77
1
3
29
34
14
6
66
33
51
56
98
80
22
25
16
86
95
13
99
62
0
55
6
7
3
63
90
83
7
14
75
48
43
15
25
47
60
66
99
99
99
72
12
97
4
20
39
37
77
21
89
0
57
41
28
9
55
32
29
58
39
97
84
96
27
94
2
39
31
22
52
3
57
87
44
66
13
2
76
65
33
58
3
23
92
50
35
77
44
86
72
1
0
95
99
18
63
91
80
66
84
70
29
96
78
98
3
67
50
7
49
15
27
78
49
93
26
66
75
24
89
66
76
84
62
82
14
49
79
44
59
28
52
95
93
60
21
23
43
53
99
0
99
3
31
54
43
39
32
73
30
8
76
34
65
42
72
75
10
86
46
68
17
25
3
2
69
93
12
88
79
94
56
14
85
47
26
29
43
64
14
21
18
58
16
4
3
44
72
46
67
26
15
30
8
47
92
2
84
54
18
31
19
67
77
52
96
81
15
57
23
64
48
13
99
0
0
99
28
86
98
48
39
18
30
57
94
85
23
6
61
18
93
93
42
25
85
45
13
47
15
44
40
54
76
6
1
63
37
61
98
8
87
38
63
96
74
3
48
9
83
55
40
16
72
35
97
0
9
48
12
10
78
15
68
