48
86
85
2
96
10
75
30
7
64
78
19
32
16
59
6
16
65
13
69
27
43
65
17
19
68
99
52
94
72
28
56
88
27
84
48
73
57
65
62
93
78
88
91
49
39
91
58
58
74
31
83
86
15
97
75
51
10
31
0
16
69
80
23
64
87
86
23
78
22
90
0
82
5
29
37
23
95
92
13
50
71
19
59
53
73
89
18
67
44
71
55
88
93
21
60
79
11
17
3
63
85
50
10
29
94
25
68
79
31
55
10
76
41
89
53
15
75
25
50
7
60
41
67
88
26
89
44
75
7
19
82
63
42
84
6
0
56
94
17
63
17
88
57
33
96
9
50
24
78
22
63
43
85
46
0
46
8
88
63
33
1
99
44
84
26
44
8
4
86
71
59
42
76
56
72
59
84
41
29
30
55
94
98
21
52
72
12
38
45
71
58
46
70
17
11
86
47
14
62
37
84
18
55
68
58
83
59
17
94
79
60
36
67
16
84
45
11
28
75
66
56
14
89
53
3
19
70
0
99
0
4
42
11
82
35
21
45
75
14
5
83
41
8
21
61
62
3
35
55
89
85
62
65
82
97
29
36
0
99
0
99
15
99
77
89
83
80
27
53
8
29
57
40
34
25
73
30
47
7
66
23
83
24
96
13
89
51
81
43
41
90
75
53
64
52
36
84
21
56
92
27
97
96
87
68
38
68
89
71
10
49
64
81
23
73
44
85
9
28
77
87
59
24
10
32
91
20
53
91
16
54
85
83
66
40
43
21
60
16
56
90
99
94
96
80
13
48
69
25
47
75
63
70
58
99
8
60
85
17
59
18
93
53
15
89
10
86
45
9
40
79
40
90
20
81
12
42
54
86
19
94
77
3
50
69
88
21
66
88
79
54
31
62
19
96
34
70
85
17
76
47
29
87
9
60
25
17
21
82
52
78
10
39
13
0
99
43
59
8
11
6
22
44
80
62
10
77
85
41
53
2
71
99
25
62
68
52
0
0
0
8
71
23
16
73
41
89
60
25
89
20
55
58
16
94
22
89
55
42
10
74
2
51
91
16
42
73
39
61
0
82
0
92
90
10
53
50
81
17
24
44
64
43
94
45
61
37
12
41
23
84
0
99
99
69
38
60
89
65
13
68
58
5
6
34
39
22
2
83
22
84
60
99
0
99
70
48
90
99
69
16
57
22
39
44
59
7
46
61
22
56
22
68
99
0
0
61
99
93
82
93
26
93
77
14
32
98
89
93
56
14
60
38
80
81
93
47
45
61
31
84
18
6
20
46
15
22
77
52
44
20
45
30
41
72
16
88
54
17
42
94
54
17
6
11
31
47
63
35
14
87
60
16
23
9
30
5
71
58
84
10
44
46
88
22
23
61
87
89
14
51
42
71
93
16
62
98
90
13
49
66
86
40
99
99
0
24
96
73
38
15
59
9
22
36
47
99
38
15
58
89
91
32
71
88
86
78
63
38
32
99
17
62
13
45
61
56
70
46
42
40
13
29
52
87
4
19
44
74
12
43
43
75
13
15
1
30
14
73
46
41
34
19
92
77
60
55
18
44
12
77
85
81
34
58
66
86
98
81
53
33
19
6
22
97
64
45
0
66
99
24
0
60
36
61
5
64
49
30
10
20
48
11
87
31
54
87
16
89
0
94
5
87
18
19
69
99
75
58
23
6
62
90
56
98
26
16
99
65
86
54
16
23
99
99
65
70
16
78
7
90
36
64
86
28
29
84
66
11
34
66
18
4
0
82
32
15
87
50
51
69
21
17
28
8
14
50
86
86
14
50
2
47
13
88
41
55
16
46
77
5
84
33
30
95
55
65
26
2
86
11
32
1
12
5
56
30
8
46
88
13
29
92
71
56
8
94
86
22
59
76
15
45
7
60
82
80
58
31
99
73
20
78
41
56
67
51
75
52
96
3
99
99
0
35
80
7
86
58
15
12
80
40
16
78
60
92
74
44
2
42
85
81
58
37
72
29
53
53
59
32
78
34
93
38
15
32
42
48
16
99
15
63
77
92
87
33
77
64
32
63
48
81
18
53
45
12
92
30
9
70
87
54
16
52
34
88
10
86
47
71
23
93
90
14
30
0
0
0
17
92
57
18
1
50
2
68
50
66
17
24
70
0
99
63
79
94
77
44
61
48
86
12
5
83
22
6
16
24
16
89
54
71
45
36
19
96
63
3
48
21
40
74
12
79
12
44
11
20
5
18
77
42
61
48
78
42
84
66
48
66
3
6
51
90
66
15
1
83
56
28
96
86
11
33
95
67
56
17
90
65
24
93
34
9
79
65
24
98
63
82
38
25
89
58
31
47
77
87
67
62
58
17
10
88
45
6
88
27
60
32
94
72
17
49
85
43
34
11
60
76
94
7
41
65
45
8
86
92
55
15
75
47
19
10
32
34
63
39
14
5
67
44
44
60
76
43
65
6
74
29
96
93
19
61
78
12
20
64
79
48
77
26
8
80
61
47
31
6
92
51
86
15
85
63
0
87
55
14
0
99
0
39
64
15
92
48
15
71
99
83
12
89
51
81
44
12
93
49
74
67
34
51
52
48
39
55
14
92
70
23
35
55
34
75
68
35
8
20
49
31
95
67
33
48
11
84
41
77
95
85
53
18
34
84
97
97
32
70
50
24
81
40
69
89
47
13
85
37
26
57
28
96
77
26
67
92
87
15
52
85
50
14
83
12
45
77
43
90
75
32
28
63
25
74
44
81
12
90
11
50
3
85
37
20
81
56
9
31
47
93
17
64
85
27
59
29
33
15
6
67
33
0
99
0
61
5
31
19
90
42
22
82
43
4
58
8
36
14
61
87
49
12
11
68
40
73
6
31
17
48
75
9
19
16
60
17
88
3
21
38
39
78
9
91
20
66
45
27
13
49
32
23
74
15
45
52
85
17
89
27
59
42
13
69
4
45
77
43
69
13
0
76
61
30
58
3
26
90
53
15
91
55
96
60
17
72
92
36
16
55
87
99
99
99
70
29
96
87
66
45
67
48
7
75
5
31
81
48
97
14
57
89
38
92
61
49
85
14
98
15
61
76
33
61
31
53
82
87
57
20
24
43
57
67
34
8
13
48
85
57
26
5
99
32
6
78
34
63
20
64
99
15
89
55
77
11
43
5
3
81
95
11
85
57
93
15
26
94
49
24
28
44
91
15
29
28
99
51
53
14
91
78
48
64
26
16
33
24
48
77
7
78
35
7
40
23
32
86
0
43
73
13
43
12
79
50
16
85
7
76
53
19
95
60
75
46
11
13
50
89
83
47
14
66
21
93
82
46
10
91
56
15
50
21
43
35
52
68
46
13
82
11
43
86
29
74
52
63
88
74
12
45
28
36
72
8
14
74
41
84
5
35
80
27
58
85
19
69
