91
80
18
16
89
6
39
12
1
44
22
69
55
24
43
95
88
70
90
62
44
46
73
67
50
96
48
58
51
87
22
80
65
89
84
2
85
0
76
9
61
29
78
76
55
3
13
68
94
74
60
80
40
66
57
30
8
51
85
63
19
5
47
17
37
14
64
98
74
7
68
61
35
65
63
84
23
83
70
72
21
6
4
12
78
19
27
77
9
67
56
51
27
97
95
78
79
29
46
53
87
78
91
99
23
81
58
11
18
3
15
3
13
34
27
77
14
9
78
79
72
65
17
15
6
67
83
74
8
7
10
9
32
78
36
10
6
89
56
45
20
4
10
87
76
25
23
18
21
29
4
1
10
9
98
70
93
40
63
54
45
47
79
76
32
56
61
64
69
63
10
1
62
64
72
20
15
24
74
32
69
48
75
56
51
8
26
6
94
13
65
3
84
90
4
94
62
11
92
93
17
29
21
71
26
62
42
36
46
20
84
21
30
73
2
18
72
98
85
75
9
28
61
68
3
13
15
16
52
7
96
2
84
7
13
96
77
25
18
92
89
98
75
84
86
48
15
39
93
19
25
19
26
93
22
23
45
11
14
28
53
61
54
44
56
54
3
8
86
55
98
33
0
6
78
56
96
21
32
58
72
54
76
67
4
22
25
45
40
27
29
35
32
31
34
86
78
77
62
47
14
11
37
74
40
95
37
44
31
27
23
9
14
48
96
67
64
87
56
66
87
93
6
79
7
56
45
49
82
44
10
96
72
47
97
34
50
29
31
36
75
66
1
86
78
53
34
72
73
27
49
53
98
68
5
40
69
71
64
93
87
1
2
29
79
91
39
36
48
65
59
70
71
76
45
6
91
47
57
4
43
60
40
98
42
21
29
55
26
30
53
27
28
88
87
4
91
93
0
70
31
29
90
64
47
4
82
81
90
91
21
23
24
53
26
86
95
55
98
96
96
27
17
4
91
20
35
25
26
32
73
52
53
47
88
49
63
33
44
1
81
93
28
29
16
24
93
85
87
39
26
38
29
30
2
72
5
82
87
96
65
68
95
7
5
66
70
60
76
68
76
65
63
67
71
25
92
19
10
20
29
59
55
86
52
61
80
40
72
82
75
52
53
62
72
79
66
62
61
63
70
34
8
48
68
69
82
87
89
90
21
34
6
36
94
86
19
62
22
81
43
16
57
45
62
12
4
77
9
14
70
77
48
67
72
73
78
69
77
64
41
48
43
52
37
79
88
45
59
43
38
48
88
51
85
58
75
67
65
51
99
4
66
64
11
7
60
2
64
49
19
21
27
79
17
31
29
1
17
0
59
4
27
61
30
2
15
45
38
13
3
68
5
64
33
95
87
98
85
32
80
49
83
75
91
91
95
19
58
20
10
9
14
4
11
0
89
17
47
15
43
44
50
42
49
75
92
93
30
74
1
2
88
19
82
14
13
12
24
16
21
88
11
27
77
48
46
47
90
92
61
5
49
72
68
55
89
18
88
23
11
52
56
44
21
48
95
59
62
38
81
38
56
58
78
88
49
85
51
57
42
79
34
40
9
24
87
68
78
88
14
12
11
10
58
56
55
48
50
65
81
60
17
44
68
79
50
24
17
22
35
27
58
74
69
92
91
57
55
76
58
59
72
71
83
52
65
14
86
47
14
34
26
23
49
46
41
35
81
31
60
68
10
71
76
71
59
54
60
17
2
3
6
60
81
73
60
30
28
75
23
8
35
12
25
48
49
0
53
34
45
48
28
30
53
85
64
70
86
27
35
29
12
37
2
34
61
36
29
19
6
67
11
15
69
57
6
63
11
59
69
35
39
60
65
58
64
1
5
59
37
90
51
80
32
53
54
50
44
5
5
51
96
4
76
8
92
6
77
90
72
57
54
18
7
25
27
39
51
15
45
79
30
84
94
55
51
44
45
81
15
72
39
47
28
48
28
25
83
84
29
57
32
3
62
10
85
90
2
68
67
23
69
59
47
15
46
5
16
24
74
28
26
20
97
13
4
19
14
65
46
27
36
8
22
54
48
12
59
16
0
59
58
96
13
97
91
3
80
86
14
17
71
61
28
35
17
23
40
67
48
5
75
8
3
38
57
2
4
79
94
91
92
18
19
49
92
34
48
66
67
25
43
62
70
92
9
17
4
69
61
19
67
14
71
59
90
96
97
31
31
29
72
23
19
32
88
14
70
77
51
5
96
52
94
54
48
83
85
56
62
70
96
7
11
35
8
71
6
36
58
66
55
47
51
60
30
8
62
20
31
33
41
12
37
88
70
98
76
43
98
0
2
10
20
94
55
47
39
92
77
67
11
6
74
39
55
53
41
1
94
72
20
77
75
38
15
36
30
39
54
36
97
31
26
87
69
70
28
63
62
49
95
79
51
76
7
8
0
91
32
7
64
21
71
31
89
73
46
93
47
57
54
60
51
93
96
55
45
89
85
54
92
56
60
61
20
19
47
46
56
23
16
15
30
43
41
8
16
22
64
75
65
83
72
63
88
5
1
4
45
39
42
17
15
29
89
31
43
60
86
29
74
42
32
44
68
0
13
47
20
16
81
67
83
89
35
37
39
49
80
33
72
26
70
63
23
42
30
29
81
26
20
66
0
53
79
68
66
84
26
16
87
19
91
70
62
93
51
81
45
64
33
28
85
13
49
50
58
48
62
63
46
88
45
11
13
82
12
40
85
78
56
81
88
15
13
22
18
25
10
1
92
96
28
24
16
3
1
44
27
88
62
63
2
97
83
2
82
9
89
10
57
82
84
23
78
13
90
98
84
79
10
81
91
11
61
47
55
65
7
70
95
51
68
47
18
42
33
65
35
19
96
20
28
60
16
69
62
94
27
97
28
94
16
42
16
6
8
37
40
48
99
30
49
16
41
47
12
48
91
33
87
38
3
46
92
54
75
79
36
5
55
39
32
23
55
61
50
2
12
85
17
70
5
63
58
47
60
4
32
48
46
88
50
96
53
50
46
5
86
22
75
30
58
16
12
83
99
87
42
4
78
76
39
89
94
26
70
99
10
39
3
43
76
35
28
17
15
32
54
81
53
71
31
27
40
73
78
6
19
38
36
12
10
29
62
27
0
11
76
2
15
14
62
96
85
83
95
53
59
11
12
45
90
2
28
77
36
41
86
96
95
49
26
86
92
82
89
99
96
53
15
13
66
5
7
59
1
77
85
83
91
94
0
95
96
57
23
76
38
0
45
44
11
78
50
75
22
62
45
77
32
33
30
1
3
73
19
98
22
76
8
73
39
57
26
43
45
25
6
91
8
43
5
10
87
5
7
85
39
35
64
58
4
10
12
95
9
90
69
62
60
45
25
15
79
81
74
5
13
4
41
8
87
24
20
25
23
57
96
30
31
19
80
43
15
46
36
10
80
68
81
83
78
55
92
87
93
46
81
0
82
44
5
76
52
51
70
77
12
22
10
31
14
70
66
13
38
44
35
33
43
1
48
76
31
68
53
30
95
91
92
40
97
15
69
39
55
76
14
69
65
63
2
60
51
30
47
39
84
8
25
28
1
19
80
23
21
91
33
87
31
54
6
3
9
94
28
35
48
56
40
6
84
68
66
51
60
78
25
24
95
10
53
37
89
96
91
35
53
34
5
0
56
64
22
25
39
46
71
49
59
84
44
76
57
72
27
48
41
66
69
7
68
93
30
20
19
87
86
36
69
48
81
41
4
42
51
22
78
75
28
68
40
89
27
84
11
26
73
78
27
59
77
66
93
64
20
19
52
49
40
56
58
58
89
59
15
90
40
32
72
22
29
61
49
71
65
37
44
97
62
15
71
85
99
80
8
79
5
74
35
63
75
65
39
33
42
69
35
54
59
15
50
90
53
78
49
86
67
51
39
43
57
53
24
1
30
54
43
4
16
26
11
88
59
63
97
99
63
83
64
67
74
57
33
59
26
80
78
76
84
77
81
17
97
9
96
14
64
59
25
24
54
25
16
15
81
14
59
60
72
78
93
12
34
61
73
72
57
3
56
27
38
96
14
1
81
39
31
78
86
47
52
45
23
42
86
84
40
97
3
46
49
90
27
82
92
94
31
65
30
80
12
58
25
74
35
21
17
30
31
88
54
14
3
8
92
85
19
41
34
38
40
92
97
19
5
20
27
39
29
45
24
63
46
13
19
17
82
21
20
26
7
42
78
83
84
80
18
51
55
66
67
9
1
67
14
10
78
93
6
67
17
70
57
43
41
63
19
37
20
25
99
18
91
84
29
20
92
20
18
96
64
55
61
13
52
25
53
69
38
80
66
47
85
65
67
11
88
90
67
73
66
69
9
57
82
27
35
91
97
96
4
67
34
70
39
58
28
22
78
37
15
55
6
67
2
3
11
45
33
9
4
91
21
31
25
5
93
35
32
36
43
98
7
79
95
92
71
68
39
47
44
61
47
93
1
0
76
35
38
70
37
42
61
84
83
2
59
50
68
70
78
21
53
24
75
81
23
6
45
12
2
77
61
73
69
88
30
57
36
24
98
95
39
83
68
66
32
95
92
76
85
53
27
96
90
94
83
86
5
88
6
49
2
34
89
33
13
89
7
58
67
75
74
97
84
36
89
62
46
48
82
31
29
28
25
12
85
77
88
47
92
32
2
12
18
7
2
13
92
89
70
10
26
95
5
87
22
27
47
11
29
49
32
54
25
60
60
12
40
37
84
14
6
75
7
63
4
21
15
62
7
39
41
1
8
76
80
71
81
14
72
7
49
13
77
16
27
20
8
12
85
46
76
53
22
81
7
8
14
87
0
28
18
26
6
87
82
97
25
20
81
64
22
52
47
10
61
12
10
59
64
51
48
52
50
59
28
23
34
32
53
19
53
92
51
56
26
77
82
21
83
44
9
13
60
49
4
17
68
22
44
96
55
11
36
97
26
37
27
36
45
1
59
86
20
64
37
38
98
68
73
21
51
84
57
77
64
65
38
87
15
18
93
59
38
23
83
80
22
25
75
1
82
6
29
14
94
14
6
15
82
80
34
87
91
83
84
85
29
51
50
16
13
5
66
9
59
76
69
8
54
20
87
17
30
13
46
38
3
7
53
83
84
67
77
76
2
82
6
83
59
30
14
18
25
61
65
95
45
68
66
41
17
37
79
5
49
55
73
72
77
50
13
40
53
86
67
37
30
38
29
22
26
1
60
14
75
24
76
54
74
14
23
72
24
59
77
62
65
25
24
16
22
17
52
59
5
81
87
90
94
4
43
56
22
19
93
96
31
98
32
57
51
14
31
48
63
13
46
56
62
47
17
40
89
20
13
18
55
32
98
87
29
94
34
52
17
75
86
8
30
71
12
85
1
90
79
97
69
76
73
33
38
9
2
14
75
16
6
76
8
29
71
4
73
8
79
23
27
86
80
45
68
40
65
25
85
56
19
21
84
60
40
46
56
18
99
20
92
17
94
77
55
64
76
15
11
8
5
28
4
50
57
29
59
55
18
12
17
16
90
52
41
49
48
91
47
44
19
28
2
29
26
54
0
59
90
83
48
26
74
51
77
63
59
18
77
37
42
74
81
22
93
58
46
48
72
34
66
96
89
39
31
77
62
29
39
18
61
55
26
51
6
40
59
52
81
48
32
52
78
33
45
95
94
57
52
82
59
77
57
89
83
91
94
77
