37
12
22
33
42
7
30
38
50
5
48
17
8
42
27
32
40
50
0
35
50
13
3
45
17
32
10
43
25
35
15
43
27
22
35
50
38
17
27
30
47
12
37
25
33
35
7
50
25
37
17
12
37
3
12
35
5
15
40
7
2
45
30
40
50
55
2
45
50
25
10
55
32
42
37
30
20
55
8
15
25
45
12
32
45
0
55
5
50
45
33
37
12
17
38
28
38
22
12
45
35
55
12
32
10
22
12
3
22
12
32
35
47
25
18
27
7
22
45
50
33
7
22
42
28
35
42
38
30
20
50
28
28
40
5
28
12
37
33
23
12
17
45
50
5
40
25
25
40
30
37
23
12
43
22
27
38
23
13
42
35
50
45
50
12
40
30
55
22
45
10
27
3
35
17
27
37
45
50
23
5
35
50
0
45
55
37
12
22
42
22
30
15
30
55
42
17
27
25
50
40
37
13
22
45
13
23
30
40
55
42
46
40
35
50
45
35
50
55
33
22
38
40
50
7
5
22
28
35
30
55
42
37
17
5
47
18
13
5
50
35
45
55
13
5
50
17
3
25
43
22
33
45
50
10
40
50
13
35
30
55
40
50
30
42
7
17
20
28
40
45
22
33
25
30
55
25
38
7
45
5
55
5
50
40
43
3
18
40
20
55
13
33
3
45
35
55
30
35
55
45
7
17
0
47
25
45
50
55
25
50
37
23
0
25
45
23
50
37
28
12
2
35
45
10
35
50
32
22
37
40
50
55
33
23
7
0
50
55
17
7
32
45
35
50
38
27
42
37
40
50
25
45
55
5
47
30
20
7
50
5
22
48
22
12
3
45
50
32
8
32
17
25
47
30
12
32
43
10
45
15
12
18
7
22
40
7
40
12
22
42
10
25
17
7
32
2
28
45
13
33
18
45
40
55
25
42
30
45
17
5
25
45
55
40
50
39
42
12
22
10
50
30
42
0
50
25
31
5
10
50
28
45
30
55
45
50
32
40
30
17
10
50
25
15
10
55
5
50
55
28
12
38
12
38
17
35
45
55
33
40
50
38
23
27
42
12
27
0
28
50
35
45
55
7
43
18
45
50
40
8
22
37
40
15
5
42
38
12
18
37
25
32
7
17
42
15
50
45
15
55
45
50
55
12
28
5
13
20
50
33
42
18
27
17
7
17
42
32
45
2
50
12
22
37
40
27
7
38
25
50
3
23
12
0
33
50
18
40
50
33
13
23
20
50
35
20
3
30
33
7
25
18
42
28
40
5
47
42
10
50
30
35
50
22
32
45
45
27
5
27
43
12
45
40
55
38
27
3
20
50
55
23
33
3
42
32
18
35
45
55
28
42
7
42
10
50
37
13
22
33
22
3
7
27
35
8
20
50
22
30
37
32
13
40
38
7
30
40
48
15
35
50
55
32
42
12
28
40
35
17
35
50
40
50
27
38
12
3
12
45
40
40
23
7
25
45
5
10
50
27
43
22
3
10
22
5
18
30
5
43
52
55
45
25
55
40
35
55
28
7
17
37
45
27
45
33
7
22
30
12
15
7
22
7
33
45
42
12
30
45
50
12
25
30
55
22
45
50
43
27
12
12
15
50
20
48
33
0
50
55
22
37
7
7
15
50
40
50
55
25
50
55
2
32
22
15
40
55
42
23
12
38
30
50
18
8
42
32
15
47
38
5
25
7
27
37
0
50
55
42
20
50
45
35
17
25
50
12
45
17
3
5
15
53
0
40
55
5
45
55
20
50
55
27
17
37
35
22
48
18
30
50
33
12
22
27
12
37
35
42
37
40
10
55
22
45
40
32
15
50
10
18
27
20
30
55
43
49
28
22
7
43
45
28
17
5
50
55
42
10
20
12
20
50
45
46
12
0
25
55
30
48
51
35
50
45
35
25
55
40
50
55
5
50
49
15
2
32
28
38
5
37
13
45
12
23
2
20
35
55
43
50
20
22
32
7
8
37
15
37
25
45
12
23
2
27
33
12
37
17
45
20
27
47
15
50
25
40
7
18
10
43
5
43
35
50
2
45
25
15
50
55
22
30
50
12
33
22
28
18
37
33
22
45
37
20
50
37
43
12
38
27
12
38
28
40
10
40
55
27
37
23
37
45
40
28
40
20
35
50
55
27
24
45
35
45
55
38
17
27
45
2
18
27
12
5
33
22
3
2
40
23
23
32
42
17
42
38
45
12
5
5
17
27
28
17
7
5
45
55
30
45
10
40
22
12
12
5
18
32
40
50
38
7
27
8
17
28
32
23
12
13
43
49
40
7
35
22
7
42
20
48
54
38
43
7
35
48
51
28
35
50
10
27
47
23
13
42
18
28
7
35
50
12
22
7
15
30
42
7
42
28
12
35
50
55
25
45
20
30
50
55
23
42
13
35
50
55
42
27
12
20
32
10
43
2
18
27
12
35
40
18
28
40
12
23
35
25
53
27
17
40
32
0
20
40
18
27
37
5
50
40
50
5
38
30
18
13
35
5
28
12
18
38
20
41
33
22
8
42
7
22
22
43
12
45
40
30
45
50
18
42
39
46
7
32
42
5
10
55
7
15
5
45
35
55
38
42
7
37
23
12
20
50
55
13
22
42
43
46
45
22
32
43
20
27
40
28
37
13
45
37
20
18
33
3
15
40
55
7
20
10
35
18
48
43
12
22
30
50
45
23
27
12
45
50
55
7
37
3
45
12
22
45
50
40
40
12
27
42
28
17
15
40
55
13
33
25
43
23
13
10
15
35
10
42
50
18
32
40
38
20
50
35
45
40
13
43
7
27
37
7
27
24
38
30
48
55
7
45
32
30
45
18
45
50
47
38
45
50
43
17
27
2
30
50
30
50
55
40
48
30
40
12
5
35
50
45
45
50
55
2
45
50
40
50
55
45
50
27
45
50
27
32
45
50
38
17
7
0
50
30
7
17
27
30
50
40
8
22
33
45
50
12
37
22
12
42
12
3
0
50
30
30
45
50
45
30
55
35
18
7
7
17
28
45
12
28
45
32
12
37
22
5
12
18
2
40
13
22
35
17
5
37
25
50
25
41
20
37
41
35
45
50
22
32
2
37
33
12
3
8
35
50
22
7
37
32
42
18
10
17
33
40
15
55
45
28
10
40
50
55
20
48
35
27
13
43
10
48
35
15
48
40
45
50
55
45
50
22
45
28
12
43
15
50
13
32
45
45
50
55
2
43
32
23
37
12
43
32
12
42
12
33
27
12
43
30
50
55
45
50
32
40
33
47
13
22
43
37
12
22
42
22
7
22
45
50
22
38
12
15
50
49
10
40
18
45
22
50
22
35
50
30
45
20
22
32
12
45
35
52
20
30
55
10
50
20
42
12
27
13
23
45
10
23
15
7
20
40
20
45
55
7
17
43
10
50
40
