27
81
0
49
82
99
32
85
67
27
99
6
98
97
90
0
71
27
54
99
99
98
94
81
97
81
54
17
74
99
67
47
27
99
95
99
95
73
54
96
54
99
97
94
81
40
54
67
27
81
18
71
84
40
70
67
40
14
90
99
99
97
98
40
81
77
99
81
13
97
90
99
95
96
93
81
40
13
61
90
99
43
71
27
5
99
90
0
47
13
75
99
97
81
67
81
54
79
99
94
0
58
99
27
67
70
54
27
84
13
81
40
99
0
90
81
54
13
79
99
27
73
99
98
97
54
81
27
74
0
0
70
99
81
6
81
13
47
27
0
99
98
27
54
13
81
99
90
0
13
99
40
13
68
0
67
0
32
81
13
54
99
18
67
40
84
54
15
81
99
81
40
99
90
6
99
90
81
21
54
27
99
98
96
97
90
47
13
86
81
27
0
40
84
67
27
99
98
95
96
99
67
97
81
54
29
81
33
0
90
54
6
90
27
99
81
27
54
6
82
67
0
13
47
90
90
13
54
31
74
99
47
27
67
13
94
81
99
72
67
99
94
0
54
90
16
45
85
54
0
92
27
67
54
13
13
72
99
81
47
99
13
56
90
27
0
13
92
81
99
99
81
40
13
59
99
81
74
97
96
56
67
81
20
74
54
13
47
67
99
81
27
75
61
0
99
54
81
13
67
13
85
47
30
0
54
27
90
51
0
81
27
54
67
13
81
99
78
40
10
99
47
98
15
74
99
54
13
74
97
99
84
6
98
95
67
99
30
98
95
99
47
97
10
40
99
40
59
27
98
40
99
96
97
81
99
98
96
97
90
54
99
97
81
67
90
6
55
20
54
99
54
27
93
67
99
54
13
90
27
0
67
90
32
62
99
81
13
47
27
99
40
98
90
6
92
71
54
99
98
54
99
98
94
96
99
67
97
95
81
99
27
90
98
97
40
81
13
54
90
99
81
0
56
27
99
47
97
98
90
40
85
10
56
32
56
13
54
74
49
54
27
81
51
82
81
0
47
27
67
90
99
93
81
27
67
90
54
99
95
99
81
96
90
27
99
81
40
6
67
99
40
27
56
97
99
97
95
81
40
99
90
81
54
97
90
33
13
54
67
99
97
98
96
18
40
0
13
54
81
99
20
56
90
97
90
40
0
59
27
54
15
47
90
27
81
47
6
82
99
45
0
81
13
54
99
18
90
67
81
99
67
98
97
90
0
74
27
81
56
90
16
47
67
40
69
54
27
81
0
81
99
95
13
98
99
97
98
90
67
0
81
27
54
90
13
81
42
54
82
90
27
81
67
99
81
27
99
67
98
27
90
58
0
28
67
29
61
40
13
81
27
99
97
90
99
97
95
0
81
90
57
99
81
27
99
90
29
54
13
81
27
99
90
67
81
27
82
67
99
13
70
99
95
67
99
67
0
96
97
13
67
54
84
32
27
71
54
83
0
99
98
97
81
96
6
67
47
81
27
90
99
85
40
81
99
97
96
98
93
60
27
67
90
6
99
40
64
97
98
75
54
27
90
13
99
81
40
13
67
27
59
90
0
34
99
96
97
94
90
41
99
54
27
74
90
6
40
81
69
44
0
81
13
67
40
75
17
67
81
99
56
6
40
97
45
90
54
74
99
81
99
95
67
27
99
98
94
97
90
99
81
54
74
98
13
54
86
31
0
61
81
99
90
87
54
99
90
13
98
99
97
96
95
98
13
17
81
47
0
81
80
67
99
68
0
99
98
81
97
32
85
0
54
13
81
67
99
97
96
0
99
81
30
54
70
13
40
73
90
13
99
90
56
81
99
98
40
0
96
81
47
74
54
99
99
81
54
94
67
99
40
81
74
98
90
40
60
11
54
99
95
67
98
96
13
84
47
99
90
90
72
32
99
67
54
81
27
6
40
74
99
67
98
97
67
13
81
99
98
99
40
0
74
90
99
40
98
97
0
81
99
21
90
47
99
0
60
27
67
54
99
98
96
97
99
13
12
47
74
99
96
27
97
98
99
97
98
40
54
99
97
47
81
98
99
90
13
54
32
90
47
13
54
99
90
54
27
0
67
99
54
74
98
67
13
57
27
90
0
67
99
41
98
96
13
27
67
84
47
40
67
13
58
84
76
99
81
20
54
99
94
40
71
54
61
90
15
42
0
99
61
0
30
81
40
90
99
93
95
99
95
98
90
81
99
81
96
47
74
29
57
90
27
6
99
96
97
95
98
81
54
27
90
99
99
32
97
69
81
54
84
16
40
0
54
13
90
27
52
99
21
61
81
27
61
0
99
67
40
0
90
99
98
81
99
67
0
54
27
81
99
96
97
98
67
90
60
99
74
99
81
30
97
95
81
27
99
74
98
71
0
81
54
27
0
75
31
13
54
81
75
99
96
97
91
0
47
99
27
99
50
0
93
81
99
54
97
96
90
67
99
97
81
98
99
81
54
13
74
54
27
6
85
29
99
81
47
77
27
99
97
32
90
0
99
81
0
47
27
70
99
90
72
0
81
58
47
70
45
99
0
47
93
81
99
71
97
81
27
92
13
56
99
98
99
81
0
40
13
99
98
15
96
97
54
99
33
16
81
84
0
40
57
27
40
81
13
59
27
54
92
0
27
99
67
27
90
99
95
81
99
74
27
97
99
97
81
32
47
99
43
13
76
98
99
27
67
98
96
81
0
40
59
84
99
81
33
57
97
90
27
61
99
54
99
47
67
27
6
99
81
27
58
0
67
99
16
54
97
99
97
96
98
90
99
90
40
98
95
72
20
81
99
90
18
40
0
35
70
81
48
15
79
99
99
90
27
98
81
99
27
98
95
97
0
73
18
54
81
40
67
31
30
6
67
99
90
27
47
16
27
81
67
99
30
81
67
99
95
81
99
98
96
90
71
13
67
99
33
67
99
81
97
98
27
67
99
98
96
99
54
90
13
98
99
33
40
67
6
99
96
97
54
90
81
20
99
54
98
81
75
58
13
34
90
54
27
67
0
99
90
93
89
13
15
99
98
81
73
84
81
67
99
71
81
47
13
80
99
99
96
95
67
20
99
40
98
96
97
99
93
81
27
82
99
31
94
47
67
99
97
98
40
81
99
98
40
81
27
81
40
59
27
13
67
90
99
89
6
0
72
35
99
97
27
67
90
81
99
54
90
20
99
95
90
54
13
81
47
99
97
81
54
27
13
58
86
34
83
99
0
19
64
40
10
54
81
27
67
90
54
13
29
0
67
99
96
27
81
70
43
81
0
99
81
54
90
99
95
99
95
67
54
18
90
54
20
50
27
67
85
40
13
81
90
73
30
54
6
54
27
81
0
99
90
48
13
40
67
81
99
96
97
90
54
99
27
94
67
70
99
54
27
13
81
99
40
0
97
42
99
97
81
13
40
67
54
20
74
67
27
13
54
90
67
99
0
54
13
99
95
40
6
81
99
64
96
98
97
99
96
90
34
67
99
95
0
72
30
99
0
81
27
74
47
6
48
67
99
81
42
73
54
99
99
90
35
54
98
99
97
98
13
27
99
67
98
90
74
90
32
54
6
55
67
99
94
90
27
90
99
97
98
81
42
27
54
90
0
67
13
90
47
27
54
90
67
99
95
99
97
6
54
98
67
99
29
74
97
21
62
99
98
96
90
27
67
40
13
17
67
99
97
74
99
97
98
95
93
0
81
13
54
40
13
99
98
96
94
99
27
74
98
94
32
81
54
13
90
18
81
99
90
27
99
98
94
93
81
99
98
96
90
67
90
17
99
54
95
99
6
74
97
98
90
32
61
7
27
13
81
47
0
27
13
99
97
81
47
81
99
98
97
95
13
85
40
57
47
67
0
27
90
47
67
90
99
96
81
42
72
54
0
27
42
99
90
13
98
99
98
96
90
81
99
90
98
81
62
90
56
68
13
40
27
99
98
96
97
57
99
96
95
97
99
54
40
13
74
90
54
47
27
99
99
27
40
59
98
99
27
74
54
13
67
99
96
90
74
99
96
60
98
54
99
33
67
97
96
99
96
90
47
13
99
54
0
97
98
81
40
6
54
80
83
13
42
0
57
29
67
90
99
95
40
81
54
67
27
27
57
99
81
67
74
27
67
99
98
40
99
27
54
81
56
40
81
13
90
99
90
54
13
67
27
81
59
90
0
54
90
47
99
98
81
99
74
43
12
90
27
40
6
99
90
99
95
96
88
81
40
80
99
95
27
99
96
81
67
81
27
86
67
99
99
98
81
31
27
81
47
13
67
54
81
54
6
82
27
85
21
99
67
40
75
40
81
99
7
99
97
96
95
98
99
94
47
6
27
99
13
57
98
96
44
27
83
13
54
90
20
99
47
67
45
81
99
96
97
99
98
96
0
47
40
90
13
54
99
67
27
99
98
96
54
70
27
90
13
99
98
96
95
40
99
0
40
96
90
13
81
40
48
67
90
0
40
27
60
54
81
27
0
77
67
90
54
99
98
99
81
44
94
67
99
95
81
49
13
84
46
99
97
94
67
54
81
99
90
81
27
99
97
90
99
96
81
98
97
99
96
98
93
81
27
90
56
0
99
99
96
97
94
16
13
90
67
40
99
0
54
99
6
27
81
27
54
67
53
15
31
81
44
0
27
81
67
99
90
85
99
96
98
90
90
19
99
81
97
75
27
57
13
90
99
33
69
0
98
27
99
13
54
81
81
13
47
74
99
81
13
90
54
27
13
99
57
97
81
99
96
54
97
98
99
97
96
95
93
0
54
90
27
99
6
72
30
67
81
99
62
98
13
67
13
99
96
97
90
30
99
97
81
18
99
27
74
54
0
99
67
97
81
13
58
81
54
90
67
99
94
47
13
67
27
69
54
70
40
67
27
81
99
97
90
61
13
81
67
99
94
6
98
81
90
99
91
58
27
69
22
85
99
96
99
27
0
54
98
99
97
81
47
0
99
40
27
67
6
99
0
54
13
81
99
81
27
67
54
74
99
86
20
40
90
47
13
99
98
99
95
27
97
81
99
54
40
98
95
81
36
99
6
54
57
0
81
27
77
99
31
98
96
81
99
90
40
13
74
6
71
27
57
87
99
97
96
81
67
13
54
90
74
33
57
27
90
0
99
40
99
0
70
13
71
27
81
99
95
99
54
97
98
96
99
98
94
67
18
99
96
98
81
13
99
54
13
67
81
30
46
0
81
43
81
54
29
13
55
99
40
96
90
27
67
99
93
74
94
27
57
81
13
90
13
81
42
0
54
99
6
98
96
97
67
99
94
81
27
90
27
99
97
85
42
99
90
74
6
99
50
96
97
98
21
99
60
67
96
81
90
54
27
74
54
27
81
52
13
99
97
54
13
90
90
70
54
19
99
74
31
99
96
71
99
90
40
0
67
99
96
97
93
32
99
67
97
96
95
67
27
99
98
94
99
90
54
20
81
81
17
99
57
40
99
34
56
27
81
99
67
35
13
54
81
99
54
98
96
27
47
74
40
81
99
40
54
20
67
90
70
60
99
81
90
6
40
67
27
54
90
16
84
67
60
90
16
40
0
16
67
27
90
81
67
6
54
81
27
99
56
13
98
97
81
99
14
98
96
90
68
99
87
97
99
13
97
96
90
81
80
99
90
13
67
99
74
27
86
40
99
74
98
81
99
40
0
74
97
99
96
81
90
54
54
85
15
31
0
