20
44
68
29
4
64
80
88
96
4
56
80
88
96
99
67
8
80
81
88
66
56
80
88
96
62
72
20
52
35
72
48
88
96
99
72
80
43
13
27
60
72
80
88
35
20
35
4
72
43
72
64
88
96
99
72
36
21
51
4
60
64
80
88
96
58
40
80
88
96
56
80
88
96
99
68
81
80
83
76
72
48
88
96
99
42
64
80
88
96
48
80
88
96
56
64
40
84
95
48
32
64
88
96
99
27
52
12
58
0
28
44
12
67
2
56
80
88
96
99
60
11
28
44
0
64
72
32
96
99
67
56
80
88
83
72
80
43
13
88
72
80
88
96
99
44
60
12
27
68
61
48
75
64
88
56
68
16
89
88
20
8
36
58
80
44
27
12
50
68
56
24
88
96
80
51
24
80
8
96
56
74
72
85
64
64
28
52
76
11
52
69
79
80
64
48
80
79
64
96
67
20
3
48
77
64
80
32
96
99
72
80
52
20
36
37
66
40
80
32
48
27
12
77
64
64
80
88
84
96
72
80
88
96
82
64
80
88
96
99
24
60
76
36
4
36
11
52
21
0
56
80
88
96
99
32
11
44
20
0
29
64
80
13
42
72
80
52
28
12
56
77
28
12
36
72
64
88
48
80
67
56
80
72
96
68
58
75
28
13
40
11
52
24
3
72
48
12
27
64
58
36
54
55
64
52
20
8
76
35
72
34
43
29
56
56
35
64
84
72
72
80
52
13
35
64
56
88
61
72
68
48
56
88
96
64
80
48
96
99
48
20
36
8
88
72
80
88
96
99
68
53
40
80
88
72
80
77
88
96
48
77
64
88
72
72
80
77
56
96
67
45
12
27
2
69
36
20
79
4
56
76
12
36
24
45
73
64
76
48
64
80
88
84
48
64
80
88
96
56
66
27
50
12
76
67
37
75
84
86
64
50
29
72
12
60
64
80
88
96
72
80
88
96
99
11
27
36
52
0
64
72
36
13
51
72
28
12
35
2
72
36
12
24
88
72
80
88
96
99
40
12
24
88
81
44
67
12
26
79
8
69
72
64
96
60
72
80
88
79
72
73
56
88
64
44
12
27
72
80
67
45
81
75
72
69
81
75
72
89
72
56
88
89
96
60
28
12
44
67
16
43
59
28
77
12
43
60
0
52
64
80
88
72
99
35
12
52
59
21
64
75
56
88
96
64
52
76
65
80
64
80
88
19
84
72
43
28
12
52
68
48
72
88
96
40
80
88
96
56
50
68
72
58
56
64
80
72
35
12
64
80
88
96
99
67
61
40
77
20
60
45
12
27
67
59
36
12
68
24
72
80
64
40
99
54
64
80
20
4
72
80
52
13
28
64
12
26
42
0
72
80
88
96
64
67
48
80
88
96
60
48
76
64
88
11
37
65
64
80
68
51
45
13
28
72
20
8
88
96
72
80
43
64
93
56
11
69
72
64
64
35
76
13
24
44
32
12
3
18
66
48
80
88
83
72
80
88
96
99
67
61
64
80
88
56
80
72
96
99
72
80
88
96
99
56
77
88
94
98
61
48
80
79
56
44
64
72
88
96
64
80
28
12
43
72
80
88
56
82
19
8
80
88
96
52
72
73
80
76
48
80
88
8
85
72
80
88
96
99
11
27
59
36
0
40
80
12
88
84
36
56
72
20
88
72
44
12
28
56
72
58
12
80
88
72
80
76
88
96
72
80
88
56
99
66
64
76
91
83
72
80
88
64
32
72
20
36
4
11
60
40
80
88
96
64
80
88
96
99
56
64
88
96
99
69
35
12
24
2
72
80
88
96
99
56
80
64
96
99
72
80
88
96
99
72
80
88
96
99
72
56
88
96
89
62
72
80
88
96
72
80
88
96
99
64
74
65
24
88
32
80
88
56
99
72
80
88
64
99
66
60
72
73
24
64
80
40
32
56
68
11
50
82
36
72
70
51
12
28
72
80
56
96
99
64
44
40
72
96
64
80
48
88
99
72
80
88
36
81
36
11
43
28
2
72
80
64
96
99
50
28
12
59
0
72
80
88
96
64
44
12
27
51
0
60
11
27
43
0
48
56
40
93
72
52
64
80
88
8
56
72
83
12
28
56
80
88
96
99
72
36
60
13
51
56
80
20
29
4
72
64
88
80
76
56
80
64
24
99
56
80
88
96
85
72
80
88
96
99
40
64
88
96
99
68
44
75
64
32
72
20
44
8
88
45
50
12
40
80
72
80
88
96
99
64
36
12
80
88
66
60
32
80
88
59
65
56
80
20
68
81
82
78
80
72
71
64
88
96
72
64
56
80
99
64
45
75
24
88
66
64
80
88
61
59
12
35
20
2
68
83
80
88
64
72
60
12
24
88
20
72
4
35
52
66
64
80
88
96
48
80
88
96
99
32
80
88
96
99
20
64
80
72
96
58
20
35
4
68
64
80
35
88
85
68
43
12
27
3
64
72
80
96
56
64
43
12
27
75
11
28
62
40
0
43
11
53
35
68
40
80
88
72
83
44
50
45
72
80
56
80
88
96
99
68
8
80
72
88
64
80
88
96
99
64
45
29
12
52
68
40
80
88
96
60
64
52
80
88
67
53
12
74
28
44
20
3
50
32
67
48
80
27
11
53
11
27
37
0
68
82
79
50
12
52
56
80
88
96
56
72
80
96
99
72
80
40
51
64
48
80
8
96
99
24
76
52
4
36
40
59
12
76
26
12
28
36
2
59
56
64
88
96
99
51
11
27
40
59
48
80
27
8
96
60
72
73
80
78
72
42
53
27
11
11
56
80
88
64
19
40
59
4
27
68
43
72
80
88
51
11
44
56
80
68
28
51
13
36
59
72
80
12
27
59
20
4
35
72
67
58
32
80
48
51
61
20
4
67
43
20
52
3
35
67
12
28
40
56
72
80
35
59
27
64
80
88
96
99
26
72
12
53
20
78
75
48
81
64
45
64
80
88
72
72
56
88
96
99
65
32
80
88
84
40
80
54
66
56
34
72
80
56
40
56
72
88
80
8
36
64
20
4
26
56
80
64
96
99
67
75
68
35
8
72
80
88
96
99
72
50
64
11
24
64
80
88
96
99
59
53
64
75
62
72
36
80
88
96
52
57
45
72
80
72
11
35
24
88
44
11
26
0
80
11
52
27
72
0
59
67
44
13
28
72
80
64
96
99
68
11
36
52
24
44
60
12
28
2
68
74
72
52
28
68
12
28
43
2
44
64
12
80
28
61
40
80
88
96
67
84
77
60
28
44
67
50
24
40
58
11
45
27
68
72
71
64
48
96
72
11
44
27
58
72
12
28
59
42
72
80
88
96
99
64
80
88
96
99
66
11
24
0
88
68
56
27
12
40
48
56
88
96
99
61
35
12
48
24
56
80
88
96
43
66
64
80
48
92
64
48
88
96
99
67
60
20
8
65
72
80
88
96
99
72
80
88
96
82
36
64
80
20
4
68
64
80
88
96
68
40
80
88
96
67
64
80
88
96
72
80
88
28
64
64
77
32
88
96
64
80
72
96
99
56
72
88
96
40
56
80
72
96
99
66
64
72
88
96
51
11
27
43
60
48
56
88
96
99
42
67
12
27
56
68
75
60
27
66
48
80
88
85
96
72
51
80
88
96
61
66
53
64
80
42
64
80
12
88
12
40
75
71
82
51
72
80
88
57
34
32
75
60
43
66
64
80
13
27
32
80
88
96
99
50
12
28
42
69
64
45
80
88
96
72
80
88
96
99
60
44
24
80
8
72
11
36
24
88
54
64
80
88
96
72
80
64
96
92
68
32
80
48
96
28
44
12
35
64
72
60
66
64
88
11
27
3
18
42
72
80
88
96
99
72
56
88
96
91
66
36
12
51
24
72
80
88
96
32
32
56
12
21
88
56
72
40
96
99
67
11
43
53
0
35
51
12
24
80
27
44
16
80
88
64
72
88
96
99
64
80
88
96
99
72
24
88
96
99
64
72
88
96
99
56
80
72
91
77
44
28
12
56
3
61
12
32
80
88
72
64
88
96
99
56
28
12
40
72
64
80
12
32
96
28
64
80
43
11
56
64
88
96
99
67
46
56
80
24
68
75
64
86
56
48
75
72
88
96
24
80
88
81
64
64
80
88
96
99
72
71
80
64
96
36
12
72
27
40
64
80
88
96
99
36
56
43
77
88
64
40
88
96
99
66
63
72
44
56
64
80
88
96
99
64
56
88
96
80
56
76
88
92
90
64
76
66
67
35
64
80
88
96
99
72
73
80
64
96
72
80
88
96
42
67
35
76
85
75
72
80
88
96
99
52
72
80
88
79
60
36
48
80
12
72
80
88
96
99
68
24
80
88
96
56
76
90
84
85
64
80
88
56
99
56
20
80
88
96
51
64
43
80
88
56
77
82
86
91
64
72
88
96
80
45
48
80
88
96
72
80
88
48
82
61
64
52
40
72
72
36
56
88
96
72
80
48
76
64
72
80
88
96
99
59
72
64
88
96
67
56
80
88
96
72
80
88
96
99
56
48
88
96
35
60
66
61
36
13
60
66
56
48
88
72
80
40
93
98
44
20
52
4
35
72
64
88
96
99
67
43
20
4
52
52
56
80
88
96
72
56
88
96
90
48
72
88
96
64
72
80
77
88
96
34
64
80
88
96
64
27
44
12
51
12
27
45
72
52
72
56
82
13
36
43
12
27
60
0
72
28
44
12
56
60
72
65
58
80
27
11
43
0
80
67
59
12
36
68
28
52
12
66
40
64
76
91
87
65
48
68
80
88
96
72
73
53
40
88
72
56
88
96
80
72
80
77
88
96
64
80
48
96
99
67
50
12
28
2
69
81
84
82
86
56
72
88
96
90
44
29
12
72
33
11
28
43
60
0
61
40
80
88
96
51
56
80
88
84
58
72
36
13
80
35
64
12
24
0
56
80
88
96
99
64
80
88
96
99
64
80
88
96
99
64
56
72
85
96
58
72
80
88
96
20
4
48
80
88
72
80
88
96
99
48
80
88
64
56
56
72
88
96
80
72
80
40
96
99
72
53
80
88
96
67
18
54
76
69
34
48
80
88
96
72
48
88
96
99
72
52
40
84
13
56
80
88
84
96
56
80
88
96
99
72
80
43
13
27
72
80
64
21
52
64
56
88
80
99
72
80
88
96
82
56
80
88
85
11
72
64
88
96
89
64
80
88
96
99
60
48
64
88
96
68
80
52
28
12
64
45
12
80
88
28
11
61
64
80
72
40
20
3
88
72
56
88
96
99
68
84
78
60
27
72
73
80
51
20
44
56
80
88
96
64
80
56
96
99
72
80
88
96
99
68
11
27
56
80
56
72
84
88
96
66
58
42
13
0
72
56
88
96
48
72
36
43
28
11
72
64
88
96
87
72
80
88
96
99
69
52
40
80
88
68
27
48
80
88
72
80
88
96
99
68
28
12
44
79
51
72
12
28
40
64
80
20
56
72
28
16
80
88
96
67
59
19
74
36
60
12
36
67
24
72
80
88
96
99
72
36
20
51
4
42
11
28
51
0
72
28
12
44
52
11
67
27
48
0
40
80
88
96
99
40
80
88
96
99
72
80
88
59
36
72
44
20
60
4
64
32
88
52
13
56
80
88
96
99
60
28
12
66
2
64
80
88
96
86
72
32
48
64
99
72
40
88
96
99
