6
77
51
69
39
92
3
67
27
54
67
29
40
0
26
83
89
62
14
65
2
88
81
99
43
97
94
22
60
82
97
69
29
52
0
43
71
4
38
50
99
61
77
4
40
57
92
99
39
24
9
84
87
27
38
25
60
0
89
99
83
90
45
65
22
90
14
45
81
99
18
99
85
90
0
65
95
48
99
58
33
73
50
69
53
90
57
2
42
62
5
52
72
35
66
43
67
89
11
70
92
33
99
0
65
89
22
0
41
82
99
76
0
88
84
81
99
60
44
90
59
0
99
70
82
16
99
80
63
85
76
99
41
71
35
16
91
57
0
99
91
74
13
98
59
17
77
0
62
84
53
74
9
0
21
74
99
90
88
71
72
11
49
0
16
0
50
87
71
37
24
83
92
9
66
23
99
83
90
66
34
91
99
22
81
0
99
39
71
17
95
44
69
99
24
48
92
99
62
86
34
90
60
5
83
33
51
16
36
19
93
66
0
21
99
86
57
82
69
20
71
96
47
6
99
59
99
87
22
81
16
56
86
72
99
78
48
99
35
59
71
94
4
60
74
39
65
86
56
0
50
72
75
9
19
37
70
99
74
42
31
58
3
79
99
0
75
86
71
55
21
67
84
53
80
99
84
62
47
70
76
59
99
33
84
26
68
99
54
72
13
88
41
84
66
55
32
19
39
64
76
0
89
45
27
91
51
36
20
2
89
32
55
80
99
54
30
87
68
84
48
83
88
63
0
30
63
76
60
47
60
46
72
51
12
76
99
13
90
73
0
24
59
9
99
62
97
99
30
45
99
69
53
74
65
72
99
47
14
62
99
70
11
46
35
81
99
40
13
0
98
70
94
16
60
42
79
2
61
84
77
55
8
20
1
55
39
69
90
50
39
90
61
78
99
18
58
0
97
22
93
72
32
63
89
56
29
73
91
68
84
54
67
34
99
64
39
92
12
99
75
33
99
51
7
76
53
89
36
12
34
92
53
3
99
93
65
4
99
32
91
43
9
60
70
56
90
25
99
83
49
99
88
85
73
92
47
68
33
51
73
99
7
61
89
98
65
30
45
23
70
99
43
25
74
14
94
48
69
99
34
92
12
50
6
62
23
5
39
89
86
67
6
99
35
0
87
17
42
34
87
13
70
58
83
29
88
81
78
99
63
20
88
33
12
98
94
34
70
88
68
92
0
71
61
61
39
84
81
0
24
90
99
82
86
87
52
82
12
67
14
49
90
59
36
36
60
94
0
99
96
48
12
71
0
73
57
16
99
24
12
66
83
90
51
71
39
99
1
28
79
11
95
47
99
68
87
65
93
32
25
91
12
32
55
63
18
99
0
44
92
20
1
45
99
99
71
62
44
15
24
77
91
63
6
94
47
99
62
27
46
78
90
16
28
70
53
83
79
6
48
73
16
31
0
99
47
15
71
1
91
44
18
66
37
55
73
2
93
27
5
32
48
61
99
36
64
99
74
67
85
61
82
20
68
66
95
53
71
99
31
99
0
79
91
42
56
99
88
84
5
81
21
99
42
55
89
27
83
66
43
64
18
68
49
45
88
69
92
21
99
78
19
38
89
61
92
99
6
86
92
19
46
66
0
73
99
48
28
51
59
82
86
39
55
99
70
12
1
26
35
89
79
18
60
11
90
68
80
55
95
60
99
87
90
27
99
7
53
32
50
29
12
60
90
63
94
99
41
29
25
97
41
73
99
75
52
99
90
69
99
41
80
7
27
80
37
53
99
27
55
75
0
19
16
99
67
49
8
35
36
70
74
66
91
50
72
34
0
70
52
13
75
0
91
99
71
5
73
48
65
93
38
21
0
0
53
16
93
32
85
58
82
10
43
68
40
99
83
89
27
91
73
57
0
37
90
99
22
84
93
33
5
57
16
46
72
55
49
63
5
90
75
59
81
88
39
19
99
73
63
87
83
13
34
68
52
98
94
73
52
72
49
69
21
42
73
99
89
66
49
82
64
20
52
62
29
9
91
99
99
73
41
0
63
86
60
93
99
67
93
48
71
62
99
3
76
88
66
27
93
15
47
71
0
49
13
67
5
85
91
48
99
33
45
48
92
7
67
52
58
80
30
60
73
46
81
0
86
76
91
0
25
8
71
39
72
99
19
2
88
44
81
8
61
89
24
59
80
98
99
75
37
0
89
83
41
4
23
61
12
92
69
99
3
89
45
81
16
0
67
86
70
94
0
46
15
87
65
83
54
78
91
11
41
62
87
36
83
49
99
78
27
61
88
4
76
86
58
42
85
6
56
29
99
0
39
90
58
6
99
80
27
34
23
56
90
0
34
22
71
20
35
60
8
82
39
87
78
61
34
81
99
89
20
65
38
0
7
22
43
76
0
14
8
72
93
67
89
22
50
92
20
71
11
28
55
84
66
36
20
79
99
50
9
23
58
99
95
0
35
62
17
38
20
66
36
80
48
99
59
83
99
38
0
91
66
0
45
82
55
93
18
43
64
24
68
9
27
99
65
34
16
0
94
45
2
92
23
68
77
99
27
89
85
32
99
55
78
21
81
29
85
89
0
27
59
99
0
71
99
77
6
59
87
91
17
49
34
62
23
89
83
0
69
45
80
0
99
17
26
60
0
71
84
45
79
86
21
94
49
73
99
14
69
99
46
76
7
27
72
99
49
29
15
92
66
46
31
19
92
47
14
32
52
66
93
0
16
35
99
63
39
1
20
26
68
53
74
99
99
14
43
83
89
12
90
32
99
50
38
84
7
88
50
34
73
49
67
0
15
40
61
75
37
42
92
20
99
2
56
19
41
88
0
67
92
32
50
17
14
77
33
92
49
83
33
10
49
27
88
0
23
95
38
42
75
63
0
99
24
67
83
88
78
86
48
83
3
73
35
67
74
58
2
76
58
33
0
9
29
63
88
3
47
14
99
87
92
71
90
43
71
30
0
63
42
90
19
26
18
77
87
58
68
27
70
43
92
99
35
73
91
99
87
26
95
56
99
87
66
90
33
48
30
88
80
40
19
99
91
64
48
12
7
17
57
99
91
95
92
57
99
0
41
99
75
24
84
90
82
30
51
99
14
45
99
12
63
82
59
99
77
27
1
26
89
5
37
82
46
13
59
82
87
9
87
61
99
25
31
55
77
99
90
99
39
78
89
66
54
77
99
6
35
64
29
99
95
56
67
0
22
51
96
63
34
99
53
95
4
26
56
99
95
99
74
25
49
70
46
91
27
60
41
74
99
34
58
0
59
33
6
74
66
31
64
58
71
54
35
93
60
14
44
61
99
9
76
90
71
37
92
57
68
46
75
6
29
99
77
57
28
70
60
71
9
58
16
0
44
79
34
53
90
87
33
96
52
67
68
51
91
14
77
36
0
87
92
23
52
84
99
2
30
88
65
84
53
19
73
51
0
99
48
27
77
89
73
99
26
73
93
13
99
63
27
96
99
38
76
0
62
45
98
73
99
52
16
28
9
99
29
47
88
16
75
86
31
99
74
47
29
99
0
93
19
64
53
70
89
18
32
69
12
63
89
51
68
84
16
78
90
0
61
87
68
31
99
0
67
44
81
94
63
53
37
92
0
99
39
61
91
44
58
99
63
20
54
74
89
52
80
99
36
25
99
7
48
62
59
99
39
72
65
66
41
99
0
72
64
99
49
2
22
19
69
45
24
99
67
43
84
99
75
20
92
99
37
23
35
76
99
16
88
6
85
51
92
70
66
48
85
99
77
16
41
70
89
67
55
76
21
41
0
10
55
99
83
27
99
62
88
84
44
52
70
0
84
15
48
29
65
84
20
76
57
99
23
39
45
89
77
12
99
88
56
83
6
91
91
69
87
72
4
91
61
99
85
28
61
13
99
95
34
53
78
99
28
89
93
31
99
73
60
27
95
99
0
7
27
63
94
52
70
33
73
3
58
94
20
64
52
71
99
91
66
40
49
31
85
66
93
70
24
68
96
8
31
72
64
84
99
35
11
91
67
18
21
13
47
0
27
58
73
66
17
56
69
99
8
72
25
37
64
99
63
0
11
44
56
93
99
40
17
66
90
0
21
69
3
77
43
99
84
78
91
54
75
99
97
69
27
91
72
76
47
52
13
99
37
59
99
41
76
53
27
33
71
67
90
14
99
77
57
88
82
63
94
23
91
20
44
68
6
47
13
71
55
40
16
0
76
47
5
44
70
0
82
76
90
64
19
47
59
51
80
14
0
99
90
52
24
65
46
85
36
99
72
22
77
99
47
0
20
59
38
84
81
21
74
43
99
23
90
47
77
85
13
99
40
20
99
81
54
75
53
28
0
37
99
20
57
76
3
67
33
16
44
82
68
99
40
14
79
70
98
49
0
7
89
65
99
33
28
43
89
59
80
99
71
99
34
89
81
59
39
72
45
0
63
92
32
57
70
73
63
85
15
50
24
92
51
99
67
49
92
99
63
79
83
99
11
73
30
58
84
80
22
5
82
99
27
78
61
67
90
50
64
30
69
43
99
0
18
97
21
0
99
42
45
84
88
29
65
62
15
2
86
49
99
75
89
85
37
44
23
5
88
60
49
2
99
77
82
13
75
98
95
54
63
3
32
23
56
57
38
60
76
35
74
53
12
0
26
52
72
95
24
99
50
99
68
89
71
93
56
0
29
42
7
77
86
81
17
89
51
22
34
18
33
91
57
25
40
44
16
78
87
25
38
89
0
79
15
88
51
12
83
46
53
90
99
79
20
26
92
99
65
51
14
71
1
92
26
99
48
63
52
18
74
41
88
17
69
99
43
88
84
65
59
0
99
95
75
69
99
13
88
84
19
91
62
45
53
99
71
76
64
90
13
74
49
65
86
84
81
59
64
0
52
99
68
88
84
10
87
57
99
27
99
59
14
37
87
50
75
21
99
92
56
21
8
99
44
70
39
0
58
87
18
42
70
84
88
0
53
70
29
56
23
58
82
88
64
73
59
99
42
36
59
87
82
62
77
74
36
95
99
18
89
29
67
93
49
19
50
77
36
46
27
53
0
76
90
89
36
93
99
13
99
79
7
89
62
43
91
59
0
13
35
70
52
93
99
50
75
91
99
26
74
27
0
67
86
43
80
99
4
76
99
68
19
0
41
39
58
69
87
65
84
99
70
39
57
31
78
11
89
49
85
65
89
38
70
36
61
6
99
22
37
62
79
0
99
52
74
25
0
12
61
90
83
55
17
77
99
90
0
67
73
33
15
57
85
45
74
9
87
70
92
64
99
58
70
0
99
59
44
32
39
84
19
0
90
19
95
40
74
26
89
55
13
73
39
58
18
66
93
48
88
24
80
53
99
89
43
8
69
26
87
38
93
58
99
28
45
0
65
31
26
89
82
93
67
30
53
69
91
65
13
59
89
72
66
20
90
57
36
70
83
58
14
94
99
70
60
86
13
65
61
99
33
46
31
12
61
31
92
99
73
99
51
6
69
61
99
18
34
25
70
49
8
20
99
63
88
26
0
53
38
88
83
66
20
84
61
8
23
0
36
58
99
24
80
34
65
16
89
2
51
71
14
33
99
37
75
5
49
61
75
58
2
25
99
10
34
99
90
76
98
94
11
81
87
93
70
48
17
0
99
40
64
87
92
0
99
83
18
89
76
14
40
3
55
14
59
94
70
44
32
99
66
48
81
66
89
84
15
0
