6
5
12
73
74
89
52
47
53
92
42
97
3
12
96
7
19
9
62
20
16
27
29
33
39
28
36
78
4
75
67
71
66
37
67
90
30
97
95
85
9
92
95
4
74
40
88
82
80
77
5
10
62
49
64
47
43
62
71
84
56
14
9
38
21
42
85
25
87
50
47
24
72
70
81
75
19
9
76
49
86
59
81
47
56
45
12
63
47
52
2
32
9
24
33
36
69
72
74
46
61
45
84
12
8
41
11
21
9
59
49
55
56
48
27
88
41
3
69
14
33
86
97
4
75
77
59
28
14
28
14
49
80
15
88
69
65
70
66
59
91
99
57
46
14
21
18
55
56
24
74
73
46
15
50
55
60
70
20
58
59
65
42
75
40
15
85
18
60
99
61
18
8
7
52
55
23
39
81
72
28
29
54
80
75
41
68
65
91
40
75
67
47
81
43
72
83
75
63
60
56
68
30
26
63
66
58
76
70
4
13
21
19
88
94
93
21
95
79
45
39
52
4
28
21
23
58
56
7
72
1
27
46
13
60
50
27
11
9
63
33
43
30
75
8
78
22
28
18
20
12
10
59
92
63
56
54
6
51
99
41
41
57
63
52
78
75
18
3
34
60
46
26
10
69
3
34
86
87
36
8
19
25
51
32
85
87
94
79
41
83
10
57
27
50
60
41
55
45
51
51
92
53
61
70
67
29
90
93
82
10
24
38
46
41
13
91
11
99
0
69
71
15
70
22
38
33
28
67
80
91
17
88
40
34
89
3
90
5
50
47
65
23
22
21
3
5
51
75
77
73
68
44
69
27
15
84
35
6
13
55
72
59
42
3
88
76
78
75
44
50
41
48
41
12
51
69
64
77
83
92
3
38
33
0
7
26
55
64
11
62
12
5
10
48
52
12
16
7
40
33
46
45
37
95
59
54
32
65
16
61
32
27
26
63
72
20
22
86
91
49
87
14
29
4
27
73
45
9
35
70
40
46
76
67
43
3
4
56
55
90
76
65
39
56
53
57
45
44
32
84
96
71
6
2
98
72
93
77
58
48
57
54
56
58
84
92
94
0
75
10
37
42
36
20
32
22
59
6
8
47
20
22
18
46
45
49
53
34
49
28
51
18
15
17
28
29
84
48
24
34
38
75
80
28
46
74
11
34
36
32
19
34
76
55
65
65
73
94
48
50
44
43
57
96
4
75
73
63
59
40
10
16
24
75
87
68
97
98
27
6
10
26
88
17
6
42
14
20
41
48
93
84
95
89
18
67
83
6
0
3
7
4
6
28
18
14
89
91
12
56
85
89
80
59
54
8
9
2
10
92
95
82
45
77
21
30
37
66
70
96
47
38
25
80
8
74
1
76
51
36
29
48
62
91
57
11
8
90
75
51
71
7
58
26
47
81
49
21
14
63
24
25
17
30
25
80
88
66
80
50
11
48
19
10
40
43
25
33
71
39
32
52
13
73
72
16
77
49
30
31
1
45
43
99
18
94
12
0
15
69
3
13
85
53
90
67
43
80
41
9
55
89
61
36
59
44
60
95
98
55
79
7
16
93
56
2
84
38
36
68
15
92
47
6
41
26
18
57
46
50
63
36
34
20
81
82
3
86
58
69
31
26
57
82
27
93
81
33
38
22
5
6
76
87
62
11
68
72
85
10
93
80
79
70
54
91
99
69
89
90
54
69
44
96
95
67
33
94
24
18
21
25
36
38
40
50
31
25
38
41
16
96
93
44
4
28
23
85
42
34
17
69
24
16
17
40
76
17
10
93
94
89
14
57
17
21
87
52
60
84
83
98
95
85
3
64
11
32
59
34
85
78
90
11
55
10
52
96
51
10
9
65
41
97
42
37
30
61
89
85
23
37
73
44
50
79
25
30
93
92
17
23
77
38
36
8
32
47
41
85
12
19
70
76
48
79
29
75
89
7
76
98
78
21
9
12
21
5
78
16
93
24
14
90
98
93
9
16
2
36
48
45
53
38
83
85
2
11
11
25
94
99
91
95
76
38
41
32
2
35
92
61
85
23
22
16
88
90
55
55
27
20
27
42
43
8
30
2
63
58
57
67
62
56
62
33
73
40
52
89
12
60
17
60
63
71
5
83
99
54
45
48
86
64
87
57
2
17
1
13
19
51
64
65
22
14
29
18
96
19
87
7
12
42
36
27
53
63
31
86
32
31
90
36
33
70
82
68
44
58
83
25
24
31
84
89
33
48
53
35
64
65
70
77
21
23
52
61
57
23
77
36
82
86
96
9
13
63
35
44
39
38
35
32
53
87
94
57
56
60
1
89
5
50
21
49
10
8
19
21
81
89
16
85
99
78
45
51
42
46
45
82
21
83
92
88
93
72
91
81
68
69
78
85
7
0
83
85
86
64
95
56
60
58
61
67
66
64
42
32
44
14
11
88
90
5
1
2
77
70
26
58
47
11
47
58
76
73
15
63
55
27
18
90
94
91
82
19
58
57
52
35
33
67
13
33
37
66
76
69
33
38
35
87
89
86
74
11
10
94
91
66
85
4
8
52
59
66
99
64
33
84
51
32
81
51
31
36
12
47
75
71
56
16
65
61
48
18
41
56
63
58
64
9
21
12
84
15
91
81
79
93
40
78
5
0
1
3
32
25
35
33
29
5
67
7
98
84
89
56
53
22
60
61
57
64
60
29
34
56
31
59
56
6
49
88
91
78
82
81
46
60
31
7
91
0
59
16
90
46
87
44
5
44
1
88
77
87
32
92
39
5
12
2
5
2
6
72
6
21
52
53
48
33
81
88
65
19
11
48
49
77
87
83
65
74
14
76
91
12
38
6
29
4
46
60
47
17
48
15
52
47
9
82
16
73
52
71
89
6
54
9
56
36
63
40
55
23
25
32
29
81
47
85
43
67
56
86
72
77
49
60
45
22
76
83
85
34
38
42
51
49
50
6
49
55
23
28
87
69
67
93
94
25
10
94
92
40
79
74
79
71
76
43
29
25
73
62
48
45
54
48
33
6
22
77
62
97
23
20
90
6
11
12
8
65
4
50
61
51
80
79
71
39
30
82
63
9
73
77
64
63
30
62
67
17
20
22
89
54
91
90
40
98
94
92
79
51
69
94
85
79
23
4
94
60
15
61
65
30
31
33
16
1
51
30
20
31
29
32
62
10
1
39
93
86
92
24
28
10
25
22
42
62
37
52
71
70
55
64
57
67
70
87
94
99
8
0
65
69
79
18
80
51
32
27
63
15
16
22
29
32
66
83
40
24
66
48
58
81
74
24
35
40
73
0
65
1
65
16
17
32
29
81
73
66
65
2
12
19
93
1
3
81
94
28
91
76
93
36
34
33
95
22
58
2
9
76
0
31
5
54
15
63
41
48
30
71
43
60
67
75
79
7
18
15
35
38
33
