55
94
80
3
98
8
80
43
3
78
87
69
27
17
63
4
27
73
24
77
25
35
99
0
73
78
98
49
99
93
27
60
70
15
72
60
72
56
66
45
84
73
87
97
49
51
76
52
57
85
29
82
94
11
92
78
56
14
28
3
13
70
80
12
56
67
96
30
72
6
86
0
99
20
64
29
23
99
90
16
52
88
14
51
15
81
87
2
78
42
90
48
98
71
27
40
88
10
21
39
82
95
36
3
34
93
48
57
82
30
54
17
74
29
81
72
25
82
20
50
27
55
47
79
91
48
94
49
76
10
17
92
76
45
94
5
0
42
33
3
27
18
90
53
41
87
11
56
40
87
9
61
10
36
41
23
49
19
72
72
38
8
98
56
86
26
30
3
9
92
62
65
35
83
55
90
66
95
69
6
45
52
93
95
24
63
97
55
36
42
55
51
39
54
3
43
87
53
35
64
53
91
17
55
86
66
95
26
7
80
86
67
36
50
25
54
53
5
6
72
46
45
65
81
40
11
20
82
32
88
75
3
47
8
68
27
20
50
93
13
11
52
32
11
18
63
95
15
58
55
77
76
13
45
78
92
14
55
59
42
95
89
13
29
70
88
82
97
4
57
12
40
58
54
35
30
66
31
45
8
67
22
76
32
84
26
43
27
75
43
42
96
77
44
56
55
51
73
21
27
56
17
92
99
86
73
65
89
98
74
5
25
78
96
60
73
38
84
5
20
64
99
55
45
8
44
91
17
29
98
17
41
74
72
58
1
44
24
59
22
60
91
99
87
94
95
14
20
51
20
81
78
65
71
64
76
15
17
60
83
10
2
83
41
22
98
13
79
44
44
62
89
60
84
30
92
19
34
54
79
23
99
66
18
49
64
67
14
44
76
68
17
4
20
12
87
47
65
95
26
54
41
31
90
13
46
30
11
51
91
63
68
21
67
14
61
39
45
62
6
9
6
21
40
73
70
8
86
91
42
50
0
67
70
44
65
65
47
55
92
15
19
99
66
22
74
31
84
73
27
98
2
58
61
5
73
4
77
97
58
18
94
21
62
97
19
38
50
26
55
11
63
22
96
96
19
62
62
88
20
33
46
64
39
95
48
56
48
12
30
29
85
33
11
40
86
38
59
96
61
13
64
53
3
6
34
38
22
0
63
7
91
35
72
94
7
69
31
78
82
11
8
59
29
35
35
86
3
38
47
11
54
21
61
87
47
92
73
99
94
87
51
14
92
58
18
35
96
86
76
70
5
69
42
78
75
98
17
46
58
35
78
17
9
24
52
23
10
62
61
43
22
44
15
56
74
42
72
50
19
49
84
55
15
5
13
26
58
70
40
15
81
59
15
23
9
31
6
67
55
67
13
22
24
79
19
22
48
78
66
39
43
33
64
90
18
55
60
80
13
53
55
85
20
60
44
25
15
86
56
26
4
40
9
24
35
41
81
37
24
60
96
87
72
86
91
88
78
56
40
32
59
14
48
17
39
52
55
62
47
39
37
12
29
48
89
3
18
46
67
11
47
33
62
26
17
5
29
39
91
70
36
33
19
98
76
58
88
13
51
10
75
82
89
15
53
71
91
88
85
65
41
14
4
42
95
65
43
1
28
48
26
11
64
36
61
8
62
50
33
11
20
42
15
90
53
29
73
22
60
16
97
5
91
15
12
48
85
70
58
47
3
67
99
20
61
7
20
89
57
72
61
11
37
83
60
43
81
11
92
10
99
37
52
65
30
31
90
81
9
11
63
10
3
4
64
5
38
82
71
43
69
8
14
34
9
48
59
79
97
2
44
0
54
11
73
43
59
16
36
98
18
96
29
56
98
79
56
54
12
96
10
45
0
14
5
69
33
11
53
87
13
29
88
76
56
8
87
85
22
54
75
44
45
27
62
94
79
60
39
82
44
11
60
44
48
10
9
50
56
97
45
44
59
40
37
64
0
99
65
21
5
86
69
9
84
59
78
81
64
44
47
62
73
69
37
82
33
37
44
72
36
84
33
99
45
19
43
41
47
16
59
11
36
70
98
79
36
81
51
40
62
45
97
7
21
43
19
97
46
6
63
73
72
15
58
14
97
49
87
75
74
50
98
91
22
59
53
61
55
55
81
61
18
0
50
28
69
62
66
14
17
49
12
86
55
68
99
63
41
58
60
95
8
2
86
22
4
11
13
48
88
82
51
50
29
4
94
54
0
50
25
60
68
49
95
17
59
9
24
4
1
87
16
63
41
73
29
93
83
54
62
2
23
30
38
53
7
0
64
38
25
95
90
8
31
76
57
29
14
97
65
36
50
53
16
88
6
3
72
65
85
37
18
75
48
40
52
74
85
69
64
50
16
10
92
56
15
99
18
78
31
84
60
32
55
89
41
35
10
61
65
84
20
55
79
34
18
98
91
82
0
94
66
13
21
32
34
80
25
2
9
49
12
36
56
78
51
54
10
64
10
86
38
12
61
90
13
19
77
82
75
90
49
17
76
68
67
31
10
93
20
25
6
86
33
1
98
86
79
96
58
15
23
78
20
90
45
43
65
92
70
23
78
36
67
42
27
99
52
93
52
37
47
52
48
47
83
16
56
71
21
31
49
40
77
85
36
28
21
47
31
86
66
27
65
19
99
34
89
94
81
51
37
39
70
97
83
10
47
66
9
83
83
65
91
48
45
98
35
16
75
14
91
53
55
57
60
37
14
27
95
74
20
66
9
54
85
34
92
80
29
27
68
32
75
18
97
61
90
22
47
36
66
62
16
81
37
3
32
47
87
13
82
80
2
3
29
32
15
29
95
71
15
56
92
76
21
24
15
54
90
23
92
42
3
63
6
53
14
90
88
85
3
18
96
60
41
15
30
47
61
73
9
16
15
69
13
95
6
21
39
37
78
26
80
5
64
43
26
15
53
33
28
60
36
86
68
89
20
94
5
44
31
23
46
16
58
95
46
65
17
5
74
67
34
46
6
22
91
48
37
86
44
84
73
0
69
78
38
18
71
98
56
24
87
72
31
96
97
99
2
71
52
12
52
10
24
82
50
92
27
73
77
23
95
71
77
89
56
89
80
94
79
50
57
32
52
99
93
45
36
23
44
50
50
7
5
4
43
59
57
42
29
73
27
5
76
33
65
35
67
84
12
52
51
65
18
25
3
1
68
69
34
88
82
94
59
13
92
48
27
29
42
64
12
19
4
54
21
4
3
44
72
45
64
26
18
32
9
52
93
3
78
53
12
29
21
70
81
52
88
73
13
57
25
68
50
7
97
21
99
68
18
81
98
46
40
16
18
46
93
90
58
21
64
57
76
92
38
17
82
48
15
49
20
44
36
52
70
5
1
65
37
58
86
29
69
43
18
96
60
4
52
10
76
55
37
0
81
57
98
4
13
57
14
37
74
18
67
