45
92
85
16
95
57
82
44
3
78
87
68
27
17
63
4
27
73
24
73
25
42
72
39
69
81
93
48
99
93
27
59
70
15
73
62
74
56
66
67
86
77
64
99
19
50
81
52
60
80
29
82
94
11
91
78
56
14
28
3
13
69
83
12
56
68
96
30
84
6
81
0
85
3
28
28
23
99
89
13
49
68
30
68
15
81
87
2
79
35
89
47
98
77
27
39
88
10
18
39
76
95
36
3
34
96
47
53
83
30
54
17
77
29
85
72
25
83
20
50
27
55
48
81
90
48
94
50
75
10
17
97
75
44
93
5
0
41
33
3
27
17
89
48
41
96
11
57
40
88
9
61
10
36
40
23
49
19
72
65
38
8
91
56
86
26
30
3
9
91
61
64
32
73
55
93
66
95
48
26
43
46
87
99
24
58
96
67
31
42
55
50
39
53
3
43
87
53
34
72
53
91
17
55
86
75
95
26
7
80
86
66
36
49
25
52
57
5
6
72
46
45
60
80
40
11
21
79
32
88
75
3
46
8
56
27
20
53
94
13
11
53
32
11
18
62
63
25
36
55
79
76
13
43
77
91
25
27
58
37
95
83
13
29
81
97
74
97
4
57
12
40
58
51
35
30
65
31
45
8
68
22
72
32
89
26
43
27
80
42
41
95
79
43
58
55
51
75
21
27
94
29
98
98
90
72
65
89
98
74
5
25
74
97
72
72
37
84
5
20
61
68
53
42
8
44
88
17
29
99
5
33
80
71
58
1
44
24
58
22
60
91
98
94
97
86
14
20
50
20
86
78
66
70
64
74
15
11
44
81
10
2
71
41
22
93
39
57
52
45
57
84
47
79
13
88
19
28
43
92
7
99
67
19
49
64
68
14
43
80
69
17
4
20
12
88
49
64
95
26
55
41
31
91
13
47
30
11
40
79
49
69
21
67
14
62
39
44
62
6
9
6
21
41
73
69
8
88
92
42
49
0
67
70
46
64
66
47
91
85
13
18
99
65
22
74
31
83
73
27
99
2
56
65
5
73
4
81
99
57
17
94
21
60
97
19
38
49
26
54
11
81
23
94
99
18
64
57
70
13
34
45
62
39
95
48
57
49
12
30
29
92
33
11
39
83
38
58
96
72
13
64
56
3
6
34
38
22
0
64
7
92
34
54
91
14
68
31
80
87
11
8
54
29
35
40
87
2
38
47
11
55
21
59
85
48
96
73
99
94
90
73
9
90
56
18
31
88
83
77
70
5
67
40
75
75
98
17
46
59
35
78
17
9
24
50
23
10
64
61
43
22
44
15
58
75
42
79
51
19
50
84
55
15
5
13
26
59
68
33
15
73
59
15
23
9
31
6
64
52
70
13
22
24
87
19
22
47
78
70
39
43
33
68
90
18
54
60
80
13
54
52
84
17
60
45
25
58
98
74
26
4
44
9
24
35
41
80
37
25
43
95
89
72
87
91
87
78
56
40
33
56
14
47
17
39
52
55
67
47
39
37
12
29
48
79
3
18
46
67
11
47
34
61
25
17
5
29
35
84
41
36
33
19
99
66
19
67
25
45
10
78
82
74
39
71
78
84
91
80
66
41
14
4
43
87
66
43
1
28
47
27
11
67
36
64
8
58
50
33
11
20
42
16
89
54
28
68
22
91
1
96
5
86
15
31
42
95
71
58
47
3
65
95
20
61
7
19
91
58
73
55
11
42
81
49
33
69
24
59
25
90
37
55
65
30
31
90
87
9
11
64
10
3
4
63
5
38
86
71
43
67
8
14
34
9
48
58
78
98
1
44
0
54
11
72
43
59
16
35
98
18
98
30
40
89
73
56
55
12
99
10
46
0
14
5
62
33
11
49
87
13
29
86
76
58
8
99
85
22
54
75
44
45
1
60
91
81
60
39
83
46
12
59
46
49
10
9
50
43
90
1
43
59
38
39
60
0
99
65
21
5
87
72
39
83
58
95
79
61
44
47
63
71
69
36
80
33
37
43
70
36
83
33
99
47
19
43
41
47
16
58
11
36
76
98
82
36
80
51
40
61
46
97
7
21
41
19
85
46
6
67
73
69
15
13
8
64
49
78
70
74
50
98
76
21
31
53
62
55
54
84
58
18
0
50
28
68
62
66
14
17
50
49
64
55
74
98
63
41
58
60
99
8
2
83
22
4
11
13
49
89
82
52
51
29
4
95
53
0
51
25
59
69
49
14
38
55
9
24
4
1
88
16
56
42
77
29
92
83
51
66
2
23
30
38
54
7
0
63
38
25
94
87
8
22
76
58
29
14
96
63
37
50
57
20
89
6
3
61
64
87
31
17
76
47
44
52
74
85
66
64
49
16
10
70
62
15
99
19
75
31
83
59
32
55
85
41
35
10
61
64
84
20
57
71
67
19
99
94
82
0
96
66
13
21
32
34
76
24
1
9
49
12
36
55
81
51
54
10
91
10
85
38
12
61
84
13
19
77
82
74
77
39
10
84
68
67
31
10
93
20
25
6
86
33
1
98
84
77
99
66
53
23
86
20
93
45
43
72
99
75
23
72
36
79
37
27
99
52
93
53
37
47
51
48
47
55
12
86
73
21
31
49
40
79
86
36
28
21
47
31
85
63
27
66
19
99
34
85
98
88
50
38
38
70
97
90
10
49
66
9
83
82
64
93
47
41
98
31
16
67
32
98
85
54
58
60
37
14
27
95
48
17
65
9
52
74
34
95
78
29
27
61
31
63
17
96
61
87
28
51
36
66
63
16
92
37
3
32
47
86
13
82
79
2
3
29
32
15
29
94
70
16
59
96
77
21
23
15
59
95
23
96
43
3
63
6
8
2
67
91
85
3
17
96
60
43
15
25
47
61
67
9
16
15
69
13
92
6
21
39
37
77
26
84
5
59
44
26
15
53
33
28
60
36
87
58
91
18
95
5
44
31
23
47
16
59
96
49
64
17
5
74
71
34
46
6
22
91
48
37
86
44
82
76
0
72
80
37
18
71
98
55
19
88
72
31
96
74
96
2
70
53
12
55
9
27
82
50
92
27
72
77
23
86
69
75
92
57
94
79
87
80
50
58
32
52
99
91
45
36
23
46
50
52
7
5
4
43
62
45
41
29
74
27
5
77
33
64
35
67
83
12
86
42
68
18
25
3
1
68
69
33
89
80
94
57
13
81
45
27
29
41
65
12
19
4
53
21
4
3
45
73
45
63
26
18
32
9
53
90
3
80
53
12
29
21
69
78
52
85
51
16
57
25
66
51
7
99
19
99
69
28
81
97
46
40
16
17
49
92
93
24
12
68
59
73
92
38
17
83
62
34
48
20
44
36
52
69
5
1
66
37
57
86
29
69
43
18
96
60
4
52
10
81
54
37
0
89
61
98
4
13
58
14
37
74
18
67
