15
42
27
56
2
92
6
62
78
33
63
38
20
83
6
79
5
46
94
23
95
38
56
76
15
59
6
79
85
95
58
34
44
2
19
56
37
26
50
68
51
0
72
18
90
85
66
26
7
47
51
66
36
18
89
24
79
53
40
63
93
60
7
31
73
85
42
99
63
20
32
13
49
68
89
92
43
29
74
52
18
38
5
49
28
95
66
44
3
23
99
0
94
0
0
94
48
79
13
5
91
75
59
26
43
97
19
16
5
54
80
4
50
95
24
80
93
49
65
28
70
8
84
67
21
67
90
6
42
16
84
67
40
7
24
21
89
76
5
42
28
43
90
0
15
95
42
22
73
18
18
76
34
92
62
38
18
77
58
5
7
20
71
35
56
68
36
93
54
82
88
17
69
40
0
29
18
74
63
40
69
0
99
21
99
65
83
49
30
10
62
12
47
90
76
42
17
83
0
29
38
70
9
85
26
27
38
7
81
90
85
75
26
9
41
16
68
3
29
81
0
99
87
99
0
13
52
33
69
89
44
10
88
54
65
21
46
83
19
10
12
71
93
34
25
48
31
85
59
10
51
11
89
35
68
75
94
10
43
62
91
73
55
33
13
18
55
35
4
75
42
28
70
92
79
18
58
42
82
30
55
38
94
23
74
97
25
77
6
52
8
69
47
90
26
82
31
96
55
10
7
93
26
73
49
10
41
97
81
21
71
94
30
48
7
76
15
60
38
92
43
13
28
2
58
97
7
76
61
34
65
8
28
19
51
35
25
6
45
13
7
45
69
24
91
88
36
60
16
5
32
64
12
79
49
88
54
28
98
54
74
95
18
45
6
12
28
58
88
4
96
5
62
38
18
33
50
75
63
93
9
31
65
40
47
93
6
26
72
48
30
6
82
99
46
30
52
66
9
89
11
91
26
36
95
72
51
77
31
19
13
60
96
25
73
61
14
38
89
74
94
81
24
47
61
70
78
62
25
83
79
37
94
66
51
30
39
81
22
6
55
31
96
19
8
24
48
71
6
65
27
8
84
71
94
79
52
41
28
64
29
67
98
82
47
97
35
43
95
27
99
6
80
28
54
37
39
83
44
69
94
98
3
30
87
0
0
99
0
99
97
80
5
0
52
8
63
74
80
92
32
75
93
55
9
86
0
76
95
24
44
41
68
51
50
13
37
64
0
91
69
6
91
26
48
99
29
83
54
8
14
64
57
36
46
20
71
32
95
84
52
73
54
33
91
93
59
66
52
55
29
12
91
75
50
0
69
14
93
41
43
49
0
31
88
68
0
92
13
39
11
4
98
9
26
6
73
23
91
47
9
51
72
92
30
49
91
9
72
29
35
51
34
80
76
73
55
49
60
48
78
1
39
63
93
29
7
52
72
92
72
11
99
0
35
8
71
81
60
18
35
82
92
3
24
77
58
76
74
99
20
37
89
61
48
64
17
39
88
76
60
89
4
42
21
11
73
53
92
32
67
19
94
3
38
11
73
51
35
92
91
96
12
15
88
27
13
57
83
39
23
85
38
7
56
20
6
77
50
92
77
15
48
13
9
21
75
38
91
10
74
61
49
7
33
44
56
14
57
55
31
75
9
94
54
75
69
24
54
63
34
90
13
52
23
9
73
45
22
35
64
42
58
23
50
99
22
37
89
94
18
69
40
93
23
8
69
34
20
48
38
59
80
19
4
10
16
8
33
46
9
89
68
28
48
50
86
13
73
34
39
45
88
35
3
40
48
92
15
57
41
98
14
82
59
10
21
85
53
1
71
11
45
33
59
3
50
75
93
1
42
29
4
17
56
18
40
82
21
13
62
95
42
12
23
51
72
31
93
10
69
92
4
43
21
19
9
85
86
0
65
47
62
35
4
44
37
59
39
7
80
41
80
68
56
99
0
0
99
99
27
99
87
56
71
98
50
32
68
87
85
44
63
22
4
69
6
50
89
27
14
28
4
39
56
92
46
22
70
3
9
47
26
57
35
62
78
20
56
7
58
23
81
38
4
16
64
28
5
90
74
96
65
18
18
79
50
69
26
6
56
33
10
92
72
8
82
70
30
62
30
96
10
86
21
9
73
53
92
31
55
21
76
6
39
25
76
93
16
60
74
57
42
28
89
50
93
67
80
24
7
51
81
71
48
25
92
69
44
7
30
18
7
75
1
61
95
79
35
11
45
69
97
88
31
49
5
89
26
69
10
24
60
77
82
81
54
22
38
3
53
32
76
6
18
81
24
7
38
51
13
33
88
71
53
55
89
20
36
72
92
31
51
72
9
72
58
19
38
6
67
6
29
95
18
99
99
0
99
0
67
37
63
54
28
33
72
51
88
10
46
84
10
26
61
38
45
35
30
4
77
94
12
39
57
15
29
40
74
84
97
48
80
65
80
89
45
66
6
24
73
15
38
22
94
43
30
36
17
44
31
93
5
50
81
34
10
73
54
92
87
70
30
11
52
98
32
51
88
95
7
25
63
83
41
60
77
81
69
41
38
4
90
69
46
35
54
26
77
66
49
66
30
7
87
68
7
45
25
91
32
44
61
17
87
15
4
64
53
27
7
25
62
42
79
21
71
37
93
59
66
41
22
85
6
44
26
62
81
9
15
33
72
3
96
10
34
43
18
7
68
81
20
37
93
54
7
79
97
31
99
33
60
8
86
28
35
46
80
71
71
1
47
31
53
63
76
34
50
85
99
6
0
49
83
68
46
91
24
6
32
24
4
87
44
0
8
69
45
57
55
34
74
97
14
35
32
19
47
65
74
92
85
29
1
91
32
19
12
63
32
56
98
49
42
14
78
60
93
38
24
33
74
18
96
23
79
57
43
4
67
89
9
29
48
29
48
13
4
66
27
78
5
61
14
9
41
71
86
54
91
77
17
96
53
23
39
93
23
73
23
42
63
87
6
83
24
43
62
7
73
91
53
32
10
57
4
26
16
75
36
94
97
90
10
68
40
52
10
31
19
4
92
71
47
59
13
77
37
94
39
22
51
46
57
81
62
41
22
6
87
7
47
68
30
50
26
91
9
73
96
64
78
26
36
47
22
53
86
91
83
30
93
5
18
44
90
7
24
68
54
72
71
41
73
0
81
25
81
11
46
88
26
68
8
89
73
65
80
19
48
95
75
3
23
22
92
4
71
47
90
68
9
27
44
30
73
57
8
19
53
5
67
87
93
82
46
34
94
7
47
27
73
89
12
18
46
64
92
6
7
77
39
57
23
59
3
41
82
17
24
63
41
43
26
93
23
73
0
51
56
70
87
62
50
49
81
91
68
30
9
17
87
25
56
21
9
33
80
61
90
46
8
67
27
21
36
99
43
27
99
30
99
34
9
77
16
60
45
30
54
95
76
36
10
85
59
77
58
59
80
4
99
27
53
74
92
10
30
53
7
44
20
58
32
86
32
67
11
48
40
99
9
0
94
34
79
74
43
23
14
49
26
86
69
46
63
31
89
0
6
10
71
36
56
10
95
32
76
55
14
50
33
67
85
45
73
62
88
44
29
57
13
0
46
77
90
44
94
3
58
5
44
12
30
79
39
25
90
3
95
69
26
51
8
58
43
72
86
24
33
93
49
71
9
54
9
62
0
76
89
52
68
32
42
73
48
59
85
27
70
5
29
90
99
94
36
52
67
82
8
94
1
15
89
64
0
73
56
19
78
93
62
12
37
91
71
50
30
9
74
57
85
95
34
24
41
48
63
54
88
50
73
26
94
38
65
84
94
73
42
7
25
66
89
88
1
17
64
39
10
74
54
33
93
61
90
71
10
79
80
53
34
92
16
51
8
92
72
30
14
95
27
84
72
79
63
7
27
48
46
82
26
91
7
47
90
68
28
9
61
42
8
24
77
57
27
87
5
13
67
26
17
62
8
63
20
94
41
28
15
76
35
55
93
63
45
23
89
35
92
0
44
76
63
4
83
35
25
14
48
29
90
18
65
53
29
92
8
71
21
70
90
60
8
32
77
10
93
56
99
67
82
21
39
99
44
77
56
9
21
60
79
96
42
94
10
82
45
2
99
99
0
0
99
47
97
39
29
85
99
0
99
0
0
57
7
83
35
21
59
28
82
10
72
43
61
86
25
52
63
4
91
37
18
32
80
89
19
2
69
88
53
26
39
59
34
81
68
22
37
89
14
71
56
16
86
89
78
93
51
28
76
6
95
99
0
0
0
99
9
27
67
90
44
1
41
13
49
28
19
56
36
81
6
5
25
49
93
73
62
41
87
22
5
76
26
43
59
92
29
52
74
6
92
12
56
99
27
1
73
48
2
19
91
78
58
47
84
39
15
24
50
37
4
77
51
20
6
88
15
92
48
64
29
93
57
29
70
82
3
26
54
38
9
53
35
37
10
22
98
82
51
71
14
21
51
35
7
69
55
30
68
41
82
59
49
64
41
6
69
94
24
5
30
90
80
58
32
80
36
91
74
10
47
6
60
26
15
27
51
97
74
34
87
78
16
91
62
46
27
92
7
73
49
97
32
82
57
9
94
75
11
57
39
9
50
74
66
59
37
35
53
86
91
22
57
43
87
20
16
77
55
90
36
53
31
92
99
74
45
60
81
30
4
50
55
93
10
44
15
81
32
44
2
61
10
82
33
93
46
26
68
80
5
2
92
43
54
49
81
65
25
44
95
64
85
95
25
96
9
71
92
30
49
45
89
8
68
24
51
74
61
37
24
38
8
82
54
23
32
54
73
9
91
99
28
91
3
67
80
13
28
60
96
44
58
81
26
10
6
24
67
89
45
18
77
88
43
97
53
29
78
9
97
20
37
99
57
23
51
3
25
92
75
40
0
16
65
91
10
2
71
78
32
45
32
9
82
73
84
20
66
53
77
7
69
51
81
42
92
29
8
49
70
78
64
37
52
90
75
5
94
50
26
69
59
55
52
51
87
78
47
23
94
99
0
99
0
0
74
96
20
63
7
9
52
79
95
28
37
21
81
69
54
71
83
35
18
55
5
30
17
72
93
55
96
70
14
44
20
78
93
63
50
86
89
57
88
75
30
54
42
67
2
36
15
57
49
24
69
88
60
31
48
81
13
13
54
99
96
17
49
89
89
0
0
99
0
0
97
88
60
77
18
56
91
3
90
73
33
52
11
91
71
49
4
28
70
88
75
94
53
33
10
83
8
65
35
74
70
16
78
75
1
28
52
73
92
8
31
15
74
97
30
94
27
43
88
2
45
68
89
5
24
78
30
20
43
96
90
53
51
36
30
99
58
12
39
80
28
9
69
48
90
90
81
37
14
20
67
20
56
47
2
53
38
81
68
8
19
72
93
4
45
25
67
81
44
94
53
27
23
82
39
77
25
92
0
55
74
46
54
86
64
59
81
48
89
18
19
50
31
78
98
65
9
84
47
28
80
44
15
30
55
7
92
57
33
73
21
7
71
42
57
0
99
0
0
99
43
69
92
5
24
94
11
56
79
33
27
68
87
49
9
92
9
36
67
63
44
80
61
29
19
39
94
9
56
72
35
69
7
21
51
79
28
54
70
39
18
0
34
59
45
19
90
70
31
55
95
21
44
36
10
81
40
20
72
94
23
4
47
72
93
60
30
37
72
99
30
14
87
60
75
49
12
20
75
57
21
85
91
8
97
41
94
54
67
80
15
1
39
66
90
53
4
85
73
55
