54
8
26
77
60
99
56
15
92
60
30
53
15
60
83
93
8
25
53
99
15
0
8
92
45
22
17
30
15
76
8
62
32
83
99
37
75
30
17
60
45
20
37
15
52
66
37
3
75
82
27
65
0
37
60
63
39
19
60
45
67
23
45
75
0
30
5
82
63
83
30
60
19
13
31
52
90
0
1
15
90
75
37
8
60
0
30
67
15
37
0
1
34
62
2
45
63
39
9
99
75
37
93
71
60
75
26
99
90
48
23
60
22
37
83
80
11
0
30
15
37
75
0
1
15
45
15
67
90
52
45
70
21
80
75
84
30
90
52
0
60
90
22
86
12
8
0
92
52
83
37
72
90
15
75
15
54
0
83
17
53
25
99
45
90
90
67
75
60
37
4
75
26
8
67
65
0
60
77
30
21
81
60
2
39
82
92
75
90
17
67
80
53
68
45
90
99
18
88
45
10
75
8
24
45
37
93
8
45
79
37
8
83
52
0
10
54
20
0
84
30
99
40
25
8
67
37
99
20
60
45
8
40
46
30
45
60
12
20
2
68
8
90
78
0
24
66
54
75
60
90
15
67
37
91
8
39
77
0
45
60
8
47
33
99
0
20
1
15
79
69
30
0
60
52
75
99
77
16
54
22
15
84
99
39
0
15
41
71
99
30
67
15
90
37
30
47
79
22
6
11
33
80
15
53
8
54
99
23
0
75
24
76
48
90
67
45
18
91
84
60
99
8
83
32
45
53
30
99
60
49
6
48
18
0
60
15
59
23
80
45
0
25
77
53
15
0
33
45
60
45
0
69
15
46
69
90
66
8
77
15
46
79
37
22
90
20
75
45
88
81
37
56
13
47
30
48
75
0
99
42
8
83
15
0
8
37
60
34
83
45
60
2
99
52
60
67
30
52
8
49
75
0
22
1
90
51
32
68
8
30
60
8
90
25
90
56
99
75
0
99
21
32
20
8
45
81
22
42
19
37
30
65
99
0
95
75
46
21
0
0
55
99
37
64
2
18
0
79
24
90
8
41
76
9
90
15
85
75
62
68
99
24
75
90
37
75
62
56
72
99
8
33
67
15
99
20
60
97
90
37
90
49
23
15
32
75
53
30
79
45
96
67
8
33
37
80
8
26
36
22
30
3
45
67
90
21
75
53
99
47
20
93
45
79
21
81
63
90
99
23
48
0
75
49
68
52
75
74
91
49
37
60
79
23
30
15
90
99
22
4
80
70
90
0
30
52
31
78
8
15
84
85
67
52
67
26
15
37
90
63
52
90
87
75
12
67
75
60
30
22
60
90
32
99
82
69
93
19
77
60
37
17
30
67
66
90
15
0
99
48
75
0
30
8
84
8
24
51
15
37
92
64
10
30
23
38
30
0
45
66
75
30
72
90
25
75
40
67
77
37
60
83
21
15
0
30
63
15
45
90
62
45
85
67
75
90
63
30
8
60
90
23
45
0
8
37
67
15
60
37
49
92
0
8
45
0
12
57
37
92
70
38
0
99
45
84
15
79
67
84
30
50
92
78
32
93
45
0
67
60
61
67
45
83
68
25
60
83
90
75
49
99
37
77
53
22
60
8
82
99
54
8
68
60
99
54
8
77
33
45
8
43
81
24
45
60
26
91
83
50
15
60
75
0
84
37
0
83
70
82
8
37
81
64
51
75
25
3
0
39
99
90
94
15
51
77
60
45
61
45
30
50
84
8
85
60
8
33
52
90
34
60
11
75
30
0
15
78
37
65
90
37
60
49
60
90
67
88
35
0
99
83
69
90
30
86
45
52
22
75
18
80
90
49
45
19
70
40
83
82
60
55
99
67
3
90
67
60
85
39
30
2
99
0
90
67
83
15
52
37
92
40
49
82
15
53
22
37
52
95
15
60
99
90
99
70
0
90
30
60
17
90
83
67
30
68
60
99
91
75
15
92
60
42
0
49
67
24
99
60
67
21
8
57
0
67
83
8
65
8
53
54
37
94
15
38
60
45
57
47
25
85
30
11
0
99
90
63
37
42
8
67
99
9
24
75
69
64
30
30
55
99
75
11
20
81
45
8
0
56
15
99
90
76
20
65
38
19
90
68
75
54
99
22
60
8
37
30
85
45
90
53
15
22
15
99
52
96
14
90
48
3
71
30
8
39
60
30
0
2
37
25
48
30
47
0
37
1
60
84
33
90
67
99
30
0
99
60
52
60
20
9
39
99
34
90
0
1
67
75
37
94
4
30
30
99
67
21
70
84
52
90
75
49
38
22
64
13
47
80
30
45
8
26
30
8
84
54
99
23
53
90
84
66
30
52
81
67
50
99
23
67
30
60
8
60
83
75
15
30
90
8
68
45
8
84
15
21
45
37
90
20
45
19
30
69
70
85
71
99
69
8
33
0
90
25
20
48
15
30
45
0
75
26
15
57
90
8
22
30
67
99
75
62
37
90
0
47
34
8
49
90
40
55
20
50
37
60
21
15
37
67
99
30
49
15
37
85
23
45
15
60
38
24
66
30
75
60
70
49
90
15
68
45
90
41
99
75
9
37
18
49
67
84
67
90
37
30
48
99
15
90
60
0
83
60
90
67
57
20
90
99
85
95
76
37
75
63
32
50
30
99
13
0
94
75
30
8
52
67
49
30
99
0
15
77
91
52
78
90
15
83
75
99
52
65
50
16
8
47
32
48
37
66
23
66
99
90
75
19
99
60
95
96
22
65
37
70
82
37
60
3
49
21
0
67
8
45
90
99
0
8
83
96
49
18
66
52
8
41
0
52
86
90
83
30
18
45
75
10
32
75
70
67
0
60
1
30
90
79
15
0
75
90
22
45
53
48
79
45
53
67
99
48
67
20
75
83
99
79
60
30
90
3
84
11
53
24
85
39
90
30
49
61
37
18
0
49
15
52
90
15
67
99
82
60
37
30
47
55
90
8
60
82
2
99
8
30
75
23
45
70
54
8
83
21
15
30
53
79
19
99
75
16
82
45
15
99
67
0
45
69
60
99
60
15
37
83
61
30
90
0
31
45
75
23
67
8
45
37
75
30
36
99
99
0
98
90
19
45
78
99
0
15
37
60
8
52
35
81
37
0
82
99
19
99
56
30
45
82
15
70
90
40
8
84
37
56
75
15
67
0
8
1
8
77
0
99
15
25
0
45
30
52
64
37
90
15
54
52
90
60
45
67
8
0
52
67
1
0
99
67
97
90
37
64
15
45
38
45
22
99
0
30
83
37
21
49
60
18
99
54
90
38
50
45
82
68
17
85
21
0
67
37
60
61
55
80
26
64
37
82
8
66
38
8
90
39
15
10
92
25
53
45
65
99
56
19
72
90
83
75
99
67
81
17
45
62
75
75
8
51
37
45
15
0
45
16
62
0
51
15
37
45
30
60
0
52
45
65
24
19
60
15
22
0
25
37
19
82
37
99
15
67
37
69
92
8
75
99
69
38
13
20
8
75
78
62
30
75
52
69
49
0
93
48
37
50
30
84
75
15
47
37
0
15
60
39
91
90
48
0
76
99
69
99
75
94
67
90
30
72
91
67
65
0
90
99
82
81
30
99
96
75
22
45
60
37
52
67
48
99
15
60
0
99
1
60
45
33
99
68
62
75
45
90
8
99
25
17
60
15
0
43
47
11
30
82
50
55
15
60
45
56
90
57
9
34
0
30
75
0
99
52
81
49
75
90
50
8
67
60
15
30
51
0
39
60
99
23
52
75
0
15
20
75
72
60
0
8
54
45
67
83
37
83
18
99
71
25
11
41
30
99
45
60
42
75
8
37
33
0
15
91
30
0
37
72
47
86
15
60
41
52
67
50
12
75
0
15
47
0
37
22
37
81
71
8
0
60
99
83
52
22
30
15
63
37
75
99
90
30
67
49
60
37
78
9
0
15
45
30
90
22
24
75
22
76
37
83
8
41
30
99
47
79
38
99
67
45
83
68
54
84
23
27
75
70
54
23
45
77
62
90
37
79
15
60
39
99
75
83
0
1
8
37
99
90
0
60
99
12
54
83
37
81
48
34
99
68
81
64
27
23
37
82
0
64
90
37
55
38
8
67
51
34
52
37
30
60
41
67
79
11
0
90
67
83
47
90
8
38
75
55
60
21
61
75
99
45
20
0
87
43
37
67
36
19
60
75
99
90
13
83
15
45
76
8
67
99
30
75
60
39
90
11
79
75
99
75
99
8
60
97
45
80
50
0
8
37
63
8
83
67
75
48
99
96
69
60
54
83
23
45
19
60
95
0
45
75
15
99
52
77
90
8
72
99
30
67
49
40
60
23
75
37
3
99
52
67
3
30
83
53
50
75
73
60
13
90
63
99
8
0
45
94
60
37
14
30
0
85
99
76
60
81
67
31
85
51
79
45
99
82
65
53
75
93
66
60
99
63
45
12
11
99
54
90
86
65
47
82
0
27
45
75
30
52
86
37
0
45
93
60
75
71
79
60
9
37
90
99
75
45
45
15
60
0
30
32
54
3
62
45
67
84
60
56
90
90
23
47
77
0
32
51
90
13
67
37
53
8
83
45
17
75
8
79
60
0
75
15
90
1
15
37
90
0
79
23
30
8
37
0
82
99
75
41
15
30
85
0
90
37
8
60
99
0
22
34
99
79
10
60
15
39
60
48
67
8
65
79
99
45
30
18
45
8
41
30
5
83
90
99
90
45
60
15
37
52
54
39
4
75
90
30
75
60
9
51
15
60
99
59
63
23
67
47
75
25
0
48
80
99
45
99
83
8
67
45
37
15
46
30
60
67
45
0
30
30
8
99
52
69
99
8
30
76
97
20
99
54
90
0
66
8
30
37
64
51
81
37
8
60
52
18
75
76
15
37
51
99
98
84
60
45
79
72
53
94
64
8
45
62
30
90
12
51
68
68
8
37
99
30
24
8
82
30
92
19
75
0
62
87
45
75
90
99
98
22
99
67
78
55
21
0
99
90
52
99
21
0
37
98
75
76
15
0
8
68
83
60
37
15
15
0
75
16
48
93
45
67
20
66
8
33
60
90
70
90
37
67
99
0
60
90
2
37
30
68
15
45
99
60
0
30
60
1
15
22
68
90
71
54
8
30
90
67
14
99
67
39
90
0
75
56
80
45
27
30
99
15
83
75
0
30
68
90
55
8
67
83
26
49
60
48
75
83
37
75
15
83
25
14
45
69
60
24
67
37
99
54
60
45
84
39
30
53
90
0
42
83
1
2
92
39
67
90
19
42
15
37
47
21
60
99
0
23
15
45
20
51
67
90
45
12
75
99
83
18
45
75
87
69
75
35
0
90
67
60
15
61
17
51
68
80
60
30
59
99
0
67
48
8
37
69
0
99
53
67
30
90
70
60
64
0
15
45
54
60
15
0
30
90
90
60
99
5
63
95
37
82
99
90
51
18
0
47
45
60
19
67
45
90
0
96
8
32
60
60
47
84
32
69
82
38
49
45
67
41
75
99
47
8
60
20
80
50
15
60
30
16
80
55
8
75
83
15
52
65
99
30
57
68
75
15
24
67
52
21
53
19
10
79
75
37
72
55
0
47
8
75
49
83
42
92
75
18
69
93
15
37
8
45
60
27
82
8
15
83
60
99
81
15
0
99
21
1
2
94
8
85
15
52
40
30
75
37
67
84
37
0
90
67
85
0
23
90
67
