3
9
68
48
45
91
80
28
75
56
56
79
21
31
76
95
80
62
33
48
92
10
8
2
4
31
37
38
44
9
52
2
37
57
10
56
18
55
96
95
37
17
43
38
25
62
95
22
70
63
33
36
95
37
68
70
62
30
38
6
88
23
80
19
94
95
81
26
2
83
19
10
95
82
71
73
22
96
39
35
8
76
20
73
59
50
9
10
37
8
50
89
90
57
48
73
33
94
59
37
1
62
0
3
92
78
87
81
59
14
78
6
35
84
3
39
43
22
81
58
71
92
58
86
30
10
9
47
56
42
84
12
40
10
91
53
71
82
55
74
25
34
23
69
31
61
38
16
58
19
13
16
4
49
98
34
21
42
18
26
97
96
68
59
25
57
98
22
95
93
3
9
88
68
83
19
21
4
11
38
65
48
10
63
36
38
62
58
39
47
67
10
34
86
3
58
80
73
65
6
95
70
30
52
76
83
16
8
67
68
21
63
70
34
54
48
17
18
44
19
99
82
97
37
5
94
55
85
78
51
57
62
5
97
91
47
79
98
96
61
26
36
81
24
31
22
94
21
85
81
54
73
96
74
90
59
82
65
55
66
22
71
41
87
96
57
63
89
40
67
16
76
23
13
41
59
83
48
26
8
62
87
84
45
37
12
94
28
95
39
28
51
77
41
84
78
66
73
81
80
55
53
54
41
46
42
74
75
38
27
76
44
63
47
96
70
10
59
73
50
51
24
57
42
97
85
47
52
67
38
25
60
59
46
35
34
88
83
70
10
57
68
88
1
55
4
12
71
53
13
18
44
5
24
40
89
55
83
84
72
3
95
31
83
29
65
24
34
69
44
23
70
35
56
27
91
41
46
45
80
4
15
9
39
36
9
20
42
52
30
26
42
64
47
22
49
4
63
36
40
30
36
27
97
21
92
68
33
31
74
0
47
25
29
20
8
22
16
36
30
46
18
14
60
68
13
96
47
5
15
48
98
34
35
95
68
59
54
3
56
92
84
60
67
75
27
30
2
43
21
50
25
47
54
48
6
45
54
59
77
93
20
82
56
25
14
69
33
91
21
25
49
48
70
33
94
96
67
93
80
50
8
2
43
6
27
21
38
39
46
45
93
41
36
48
69
31
36
41
60
48
59
18
51
21
78
3
54
61
56
88
25
91
13
71
59
6
12
15
2
48
73
38
30
20
15
1
5
87
13
69
7
73
8
1
71
20
14
29
30
40
42
39
34
70
72
35
34
79
93
80
84
99
26
25
80
12
95
4
35
13
14
1
91
80
50
90
38
72
98
20
0
9
47
16
49
21
19
52
14
90
91
64
85
79
70
43
74
64
24
85
21
30
83
80
26
7
50
85
3
68
37
80
79
49
76
46
10
8
5
65
76
55
66
88
46
53
74
44
48
9
55
93
44
61
92
8
69
15
91
96
79
90
59
68
85
15
17
42
5
18
11
2
60
14
31
55
53
11
91
5
42
21
78
14
88
11
60
75
13
9
15
20
34
8
38
93
46
42
98
89
53
17
90
25
30
85
61
89
62
36
83
74
51
64
43
78
40
55
41
20
96
91
10
65
90
21
18
76
87
42
61
59
10
52
36
32
76
6
27
60
8
88
72
75
61
94
6
66
97
73
64
58
62
74
9
74
40
57
7
85
96
94
89
80
36
77
79
76
71
41
54
46
42
32
39
42
67
8
96
49
68
52
53
97
97
45
34
7
48
72
65
60
85
22
84
92
57
10
85
45
25
50
40
66
83
89
82
4
40
10
64
3
83
13
42
11
51
73
64
9
49
64
57
19
12
70
3
66
69
12
22
75
41
29
39
3
86
9
8
39
24
48
86
43
46
50
30
64
21
2
10
5
83
96
81
17
37
5
32
31
96
28
79
49
78
44
42
82
57
69
74
39
40
13
68
6
30
62
22
51
32
56
34
57
71
58
38
81
67
90
3
29
80
17
77
99
76
31
29
95
85
40
89
45
83
31
52
7
63
38
91
70
66
90
54
40
16
60
13
64
36
35
72
93
32
38
31
94
92
19
7
32
15
41
57
16
87
12
83
23
65
63
13
55
95
91
66
43
46
92
91
46
94
86
75
16
19
15
21
8
13
20
47
79
10
7
86
1
18
9
77
78
87
75
11
19
62
68
91
87
88
55
91
4
58
89
86
71
82
4
32
50
10
0
93
83
87
86
9
69
16
83
93
71
40
30
20
24
21
94
86
47
69
35
36
48
0
47
89
70
10
1
78
87
18
99
16
74
95
55
48
25
33
27
58
87
65
59
86
83
90
12
16
13
46
37
19
80
52
28
36
17
29
84
0
71
60
55
82
43
45
51
19
18
0
12
61
82
48
78
41
22
20
33
73
72
88
10
2
47
11
9
7
65
39
36
45
33
1
35
61
18
80
40
35
38
95
60
33
68
50
21
8
13
96
67
81
54
97
16
45
41
25
62
47
58
7
32
59
92
90
12
17
23
21
13
32
22
0
9
63
91
12
24
82
2
59
3
66
81
31
35
34
72
16
60
25
27
47
44
74
24
41
29
81
56
36
51
70
56
99
89
24
35
29
11
65
26
7
3
94
65
88
54
33
27
17
88
30
88
47
33
67
70
85
48
94
31
13
52
23
35
25
28
55
45
34
43
74
19
62
41
42
60
6
86
87
37
18
71
61
81
28
82
41
15
52
11
58
95
65
64
68
26
56
28
60
25
12
9
28
13
66
6
50
56
97
95
74
87
58
81
30
38
93
59
53
25
89
66
88
65
67
93
98
41
88
95
97
91
55
62
73
86
22
92
46
96
98
68
69
76
89
58
23
93
84
10
21
55
89
19
59
13
45
44
37
71
38
30
20
45
40
22
20
46
68
45
39
91
41
45
81
93
31
76
30
8
1
36
23
72
40
86
19
3
74
76
71
21
37
54
47
41
3
59
72
13
23
84
42
77
87
28
47
24
49
68
67
55
74
7
60
53
97
57
53
52
28
83
46
85
88
79
15
2
90
97
89
26
28
75
15
42
91
0
1
89
75
14
17
69
66
74
52
14
82
99
56
11
32
83
29
9
12
48
7
33
46
60
66
25
14
2
58
12
30
28
55
42
24
27
77
71
26
97
77
62
87
84
78
83
14
58
75
0
16
13
87
24
6
80
70
15
43
16
19
60
83
10
8
92
31
80
53
33
40
73
65
69
49
75
78
77
28
58
16
72
64
48
95
86
21
98
17
20
77
71
67
5
66
9
89
10
22
21
5
62
67
87
44
63
51
47
1
23
33
16
40
48
4
40
47
3
81
31
40
52
61
10
97
91
80
5
95
81
12
6
19
94
92
73
91
17
65
83
33
36
93
21
80
47
68
5
81
96
85
69
23
12
39
32
28
49
60
64
57
80
94
18
70
28
25
20
66
29
3
80
1
3
80
95
85
83
89
85
72
52
36
60
84
5
75
91
99
29
85
13
59
88
58
45
48
81
14
0
65
49
62
79
59
37
64
56
97
54
3
2
92
90
53
80
55
48
91
79
30
82
76
17
40
90
28
15
49
77
72
8
21
65
67
11
41
71
18
34
57
10
63
16
17
19
27
7
16
90
5
73
66
28
17
59
63
61
72
38
9
6
93
1
22
55
91
81
39
99
46
50
49
87
54
72
55
64
72
54
93
48
42
40
36
18
79
87
40
84
15
75
65
29
67
86
60
87
90
18
44
70
65
35
6
88
68
27
50
82
72
77
76
56
34
11
19
36
91
99
39
29
82
9
61
1
69
71
40
9
45
67
20
22
25
55
32
61
30
90
55
18
93
59
25
32
61
73
93
6
2
75
49
45
78
23
2
47
29
10
12
11
16
75
35
91
25
5
99
62
95
65
22
39
85
83
94
54
63
26
61
23
8
14
89
64
76
82
98
93
78
92
85
79
57
61
86
76
89
78
35
61
24
92
1
29
24
8
73
87
67
42
50
58
53
59
81
56
46
15
70
91
31
74
86
65
4
59
38
0
37
31
45
49
28
10
30
34
14
2
0
27
6
69
97
90
23
11
59
57
90
39
64
71
65
24
51
66
15
85
24
12
83
31
41
34
25
51
87
33
67
62
44
17
94
47
90
72
21
13
65
28
87
59
57
2
35
42
35
62
49
28
45
55
13
83
53
70
35
72
16
61
88
90
80
76
93
91
8
32
43
23
34
73
87
75
62
93
6
95
5
23
14
66
54
70
64
47
37
96
23
38
40
30
24
89
62
32
41
62
83
47
71
45
38
40
60
52
59
49
72
70
76
87
92
7
13
80
90
7
16
56
96
91
54
92
61
4
15
9
10
72
87
53
87
85
81
10
46
39
66
96
84
53
44
3
12
4
2
37
34
4
20
28
18
14
30
89
34
69
22
70
52
13
62
26
75
55
68
6
95
45
13
25
16
31
80
45
47
91
89
62
44
29
28
80
55
30
9
54
60
65
63
24
50
6
89
84
87
13
51
19
49
94
83
81
21
75
29
42
57
63
43
1
79
73
92
80
91
40
11
16
19
34
28
40
37
93
0
66
73
7
53
83
61
74
66
18
18
62
76
95
3
5
3
17
55
8
9
20
87
75
34
26
11
70
16
22
57
82
44
34
52
89
66
39
28
70
15
85
67
44
75
65
77
49
7
21
74
17
79
15
69
84
54
33
44
20
36
38
4
41
79
29
5
21
23
24
2
43
41
35
6
16
33
25
26
7
25
36
83
62
35
77
1
97
99
98
93
61
29
39
85
13
72
18
8
67
57
41
56
71
1
27
26
68
30
34
31
28
50
48
23
81
44
20
71
82
66
80
41
12
5
74
93
78
86
96
49
95
55
96
90
86
73
60
1
23
32
96
27
63
95
51
39
54
40
70
96
7
25
40
64
12
37
5
9
77
63
60
91
1
58
28
17
86
87
95
91
49
16
62
72
89
81
34
46
32
68
36
91
48
54
24
54
53
66
67
54
88
55
35
70
50
27
33
60
61
36
37
74
29
89
21
94
16
98
93
89
4
96
94
85
10
22
5
29
15
8
40
57
74
52
63
49
92
50
61
72
77
90
80
68
81
54
13
98
27
95
83
75
2
10
62
66
78
56
61
48
50
35
70
19
34
43
19
62
16
55
86
91
62
66
98
83
6
87
56
70
98
91
83
36
8
51
93
86
67
38
83
63
64
44
26
98
0
5
82
51
14
7
6
30
39
69
36
58
35
63
3
5
1
16
30
41
42
71
58
26
64
40
7
15
38
29
3
36
0
84
92
79
93
25
12
23
28
36
25
35
59
13
22
54
40
67
47
15
34
54
69
83
59
60
68
63
50
52
35
93
73
25
43
99
1
93
94
0
58
73
22
47
49
23
43
58
28
86
54
56
83
21
60
15
81
5
69
8
17
40
60
61
15
46
26
76
56
58
69
92
93
26
97
36
66
86
84
73
25
69
2
53
47
39
2
57
62
10
35
45
7
47
51
16
81
20
29
10
5
80
23
50
58
76
24
54
74
50
26
5
3
4
2
92
39
82
14
99
47
88
87
74
65
3
8
35
38
20
10
70
24
94
97
51
75
7
6
29
33
6
46
50
53
37
50
18
47
10
15
7
67
47
19
34
68
94
31
38
74
81
43
35
49
77
15
78
23
19
82
20
55
25
40
22
