93
54
78
30
8
6
72
26
49
92
5
65
43
89
23
97
34
12
58
79
24
12
79
95
35
27
48
91
71
8
52
93
74
6
28
20
64
37
5
90
23
47
92
5
71
54
6
92
85
30
0
0
99
99
0
21
40
60
86
5
82
44
17
64
95
56
94
67
5
27
78
96
54
29
8
63
44
51
8
93
72
92
9
29
51
57
77
8
93
31
5
43
23
59
86
85
49
36
11
66
11
54
74
93
35
4
45
88
23
66
92
9
73
31
54
24
76
8
41
58
91
5
71
52
27
93
62
35
77
16
95
33
78
10
55
72
27
92
50
6
58
79
12
84
55
6
77
21
97
45
76
10
92
32
55
74
11
57
44
31
74
12
33
54
94
33
2
53
80
16
71
6
48
92
25
97
30
53
8
78
8
83
29
99
54
8
76
56
94
33
9
65
49
78
87
83
9
58
98
33
25
7
43
83
60
33
95
9
58
78
23
90
4
69
47
13
93
60
79
37
29
50
70
89
9
9
38
98
56
84
32
99
13
19
79
4
69
50
19
34
74
93
6
51
27
84
23
6
41
59
61
43
84
7
25
14
83
68
97
44
52
8
71
30
91
72
54
2
36
17
93
55
96
4
44
29
34
3
7
62
14
57
97
73
34
99
7
80
29
53
7
90
48
26
70
89
7
45
67
25
25
64
87
45
6
57
39
88
5
30
32
9
72
92
52
34
12
72
91
53
56
82
8
99
32
31
87
50
68
11
2
12
41
75
30
89
59
7
82
30
65
50
5
93
80
95
3
68
53
25
19
81
65
93
44
40
15
62
80
93
8
50
92
72
28
94
82
71
27
2
53
91
73
13
34
24
91
46
6
69
80
97
10
22
54
11
75
35
94
56
92
50
7
73
27
52
92
30
8
73
6
92
69
51
31
92
32
50
64
78
20
84
50
4
35
65
94
80
40
14
60
69
78
42
22
77
9
31
54
94
91
52
70
10
31
69
89
8
49
29
42
60
13
94
78
64
15
6
69
94
17
32
74
47
3
93
23
44
6
69
67
10
29
49
86
8
73
29
93
51
79
19
96
45
65
16
5
68
51
34
16
64
38
88
3
10
55
74
33
92
76
8
40
25
57
22
3
83
41
62
87
15
99
41
65
8
50
92
71
29
5
60
85
27
87
96
30
8
78
53
74
7
29
92
54
63
93
54
79
2
25
42
68
6
92
72
37
91
5
27
8
90
46
27
68
42
88
65
22
5
4
96
73
47
23
78
97
5
25
50
17
15
60
80
33
7
41
90
24
65
31
78
51
93
11
62
22
16
26
13
49
24
95
6
75
99
0
99
0
0
85
45
1
74
25
17
34
74
52
6
23
44
7
73
93
45
92
70
23
6
58
92
33
76
9
53
71
58
7
5
0
79
9
37
70
9
30
53
74
93
7
47
69
25
90
74
53
8
31
92
28
74
93
51
7
27
47
90
8
68
21
60
6
38
85
67
7
89
26
47
11
91
62
64
24
52
33
69
80
94
25
90
16
28
67
32
74
54
10
91
77
18
41
93
62
64
8
27
44
90
19
61
37
78
4
30
76
8
54
94
25
5
51
75
93
44
77
17
91
62
93
31
52
10
76
89
6
49
26
69
71
29
7
92
51
53
71
33
91
15
72
28
7
50
92
53
99
30
78
6
11
58
42
29
78
97
84
59
10
34
59
17
29
77
68
6
51
71
20
36
98
54
82
29
8
7
26
62
88
41
8
29
90
71
50
67
8
89
48
28
68
37
69
13
54
52
86
11
32
68
36
94
78
54
62
72
50
8
93
28
34
87
55
12
71
39
13
63
89
0
94
74
9
31
51
34
32
77
18
82
99
99
99
99
99
84
36
58
82
40
94
50
6
63
36
50
30
9
71
90
59
94
8
78
32
5
24
92
48
70
14
94
41
65
85
29
50
90
71
8
21
43
66
83
93
15
4
38
22
53
55
48
93
68
16
62
28
86
45
9
82
54
6
27
99
84
36
62
12
99
6
26
90
68
47
49
27
88
66
11
92
72
28
7
50
90
70
46
8
25
39
91
72
14
55
46
6
93
25
70
12
93
36
78
60
56
32
9
94
79
21
43
92
69
0
27
56
84
5
97
43
87
9
26
61
16
88
63
3
35
34
12
52
70
91
61
74
86
43
25
15
86
96
13
48
15
12
88
76
42
63
24
7
80
42
79
63
17
93
44
56
81
23
11
98
29
9
49
90
69
95
11
79
32
55
94
77
32
9
55
30
8
95
56
80
28
45
13
0
70
10
33
96
56
79
97
35
11
85
61
31
74
91
10
52
9
57
81
95
32
65
7
35
82
98
96
68
45
79
29
62
36
1
88
17
36
0
83
60
80
36
11
59
70
97
1
14
32
51
73
27
91
7
47
68
2
42
85
20
64
13
55
71
90
38
23
6
64
89
42
30
57
7
84
98
48
92
24
72
5
27
49
71
7
92
25
46
91
7
69
68
4
20
43
91
91
70
4
45
22
73
5
56
38
21
76
6
53
20
33
95
56
9
77
31
21
46
89
1
70
94
8
55
72
83
53
18
36
75
91
74
29
94
7
52
7
71
28
91
50
23
55
3
77
40
9
79
55
32
95
73
92
10
53
33
12
42
84
98
64
21
4
36
55
69
31
64
6
45
18
36
0
90
13
65
63
1
17
88
39
36
70
6
19
12
65
7
89
47
27
71
38
16
55
89
12
89
34
72
53
9
96
56
80
32
6
45
24
90
67
86
17
60
35
3
6
48
89
68
25
89
66
20
5
42
16
53
90
72
35
92
70
26
42
6
11
99
58
34
84
96
8
80
32
58
70
47
24
6
92
0
0
0
0
0
61
35
84
9
94
24
63
86
43
6
11
37
91
0
66
90
6
21
43
66
55
34
1
14
73
7
51
27
93
74
62
95
79
20
41
80
51
36
65
17
20
51
6
28
12
24
46
71
5
94
30
10
79
57
99
9
65
28
86
47
94
43
77
10
53
47
8
27
66
88
4
94
21
71
45
28
72
50
8
92
75
56
5
37
20
93
15
57
77
37
27
51
95
76
6
96
9
53
78
31
8
46
26
90
66
20
91
69
4
43
68
8
88
46
27
90
15
47
70
12
64
76
35
49
14
7
56
23
40
73
42
58
76
26
8
44
20
69
91
2
68
6
45
91
23
27
6
50
72
93
53
80
6
97
27
50
70
28
89
8
96
15
77
37
57
91
11
33
53
72
11
56
92
36
73
0
70
94
40
12
59
92
74
10
34
30
50
69
9
89
27
49
7
72
92
44
86
59
25
7
48
64
69
25
32
91
45
7
25
69
93
9
75
52
31
9
29
89
49
69
2
90
42
19
67
11
98
83
60
35
45
82
62
8
26
66
89
48
6
25
98
9
32
58
84
88
8
68
49
28
33
10
56
93
75
0
0
0
99
61
11
95
51
74
34
29
85
5
63
94
79
28
94
67
48
89
69
50
11
31
66
52
91
78
39
66
93
81
51
38
34
94
75
58
11
37
47
88
63
3
45
6
89
26
60
7
71
48
27
92
34
61
94
74
7
64
24
42
89
6
94
48
24
5
73
71
6
48
25
92
10
42
57
25
78
89
57
36
73
13
22
6
60
40
85
7
99
82
29
56
24
65
10
45
86
18
44
93
79
63
91
47
5
24
69
21
44
4
92
69
0
83
11
63
6
53
76
99
13
35
7
43
25
61
84
27
48
8
89
68
54
84
97
11
28
53
16
85
2
38
99
99
99
99
99
68
27
92
9
45
72
25
5
94
55
32
9
92
76
55
7
41
85
62
24
90
8
70
29
50
66
91
1
18
42
26
92
7
48
71
11
73
91
54
31
41
72
95
2
17
89
68
64
29
52
48
26
7
92
72
90
22
4
44
67
9
87
60
98
33
8
27
64
87
45
8
30
95
52
75
25
5
91
52
76
33
62
82
25
99
21
43
92
5
70
22
0
92
69
48
56
29
7
95
78
48
12
15
86
53
3
43
63
89
23
27
75
7
96
51
5
46
24
87
67
94
57
40
50
9
94
81
10
58
34
90
64
46
9
27
29
51
92
73
8
76
8
24
55
38
54
5
87
75
35
88
25
7
44
65
30
9
53
77
93
43
5
66
22
89
31
8
81
59
94
99
30
1
79
57
77
92
36
59
13
94
77
53
8
31
25
46
7
71
93
75
37
22
91
52
10
82
33
58
99
27
71
47
94
7
99
0
0
0
0
6
25
69
92
46
68
73
27
83
32
22
45
69
4
89
30
0
50
11
79
67
5
44
23
90
39
83
65
7
97
88
46
27
8
63
7
27
90
47
67
31
9
50
67
89
92
19
3
44
69
48
72
28
8
93
74
59
91
20
40
34
91
10
57
73
16
49
80
98
32
24
7
82
43
62
91
26
48
70
7
79
54
97
30
8
39
16
85
2
92
80
9
57
32
97
89
69
28
8
49
77
0
16
44
98
73
98
11
21
30
99
8
31
83
58
58
7
87
98
30
16
81
96
61
41
42
89
7
24
65
76
34
44
15
26
47
64
88
28
9
45
90
3
51
64
90
53
75
13
37
73
52
91
12
32
4
21
72
94
43
99
0
0
99
99
66
90
7
24
46
10
79
56
33
95
72
51
7
29
93
52
71
89
8
29
93
49
26
73
6
49
74
4
91
24
13
21
9
58
99
54
75
94
7
29
52
28
7
95
76
5
92
24
71
46
45
14
26
69
83
8
30
55
94
78
10
63
27
97
82
47
3
93
72
21
54
11
16
7
90
5
23
92
47
73
94
52
29
8
75
57
33
11
80
94
80
11
62
93
37
52
77
28
97
6
72
98
10
83
40
81
14
51
63
39
73
22
39
51
7
8
81
96
30
55
27
67
6
87
47
19
43
0
66
87
52
91
71
9
31
77
94
57
33
10
62
70
91
47
27
93
69
0
40
15
40
7
24
62
84
8
79
91
37
82
19
90
3
43
68
71
90
28
54
42
66
93
9
28
47
74
32
7
94
53
64
3
39
17
90
71
50
90
29
8
7
26
70
48
92
5
99
50
88
72
98
31
9
81
55
88
47
8
29
58
85
40
55
69
24
73
44
6
23
99
7
70
99
62
14
37
80
62
13
95
64
45
27
8
86
3
92
19
42
68
63
95
22
80
44
85
40
5
21
59
99
4
53
78
27
26
53
78
6
96
71
47
26
7
92
67
85
8
28
47
99
18
54
11
86
37
62
17
2
85
85
99
60
8
33
26
91
71
48
7
30
94
64
42
17
92
73
9
29
50
30
75
92
53
9
33
9
99
59
86
0
0
0
0
0
25
8
35
93
70
92
10
52
72
32
4
78
46
52
92
8
91
28
51
73
80
95
46
65
27
94
84
72
14
53
83
27
6
55
99
22
4
90
68
45
36
51
71
6
22
89
5
42
64
21
8
29
77
95
53
23
44
66
5
84
95
31
9
56
81
46
18
95
24
7
87
99
8
61
33
93
60
12
76
38
66
90
23
4
47
29
47
90
69
9
2
55
7
33
91
95
11
37
57
80
47
26
7
66
90
68
7
27
91
47
6
82
28
55
99
75
6
95
70
50
51
9
89
69
30
69
7
18
92
13
29
40
82
65
51
72
34
53
2
15
