92
80
25
22
90
8
41
16
2
50
25
70
60
29
43
95
87
74
90
62
39
42
74
66
48
95
44
59
49
86
21
83
64
87
85
3
84
0
70
11
61
27
80
75
52
3
15
69
94
76
57
88
41
66
56
32
5
47
91
65
17
6
87
16
40
14
60
97
74
4
68
59
36
64
62
86
22
85
74
72
24
8
5
17
77
19
29
18
78
5
59
52
23
96
93
69
72
23
46
53
85
77
90
99
19
80
58
13
31
3
17
3
15
37
30
76
19
10
78
80
72
63
28
22
7
67
84
73
6
5
13
11
28
77
36
12
6
90
52
44
23
4
12
89
24
28
25
19
23
36
5
1
17
14
98
69
92
41
60
48
52
60
83
78
33
56
61
66
74
64
10
2
58
61
69
20
15
28
75
66
65
40
74
54
46
7
29
6
97
14
57
4
82
89
5
93
64
9
89
91
9
28
15
78
23
64
45
39
46
53
86
24
33
72
2
18
71
98
85
75
12
35
63
74
4
17
22
23
52
6
96
3
81
7
14
95
77
29
17
90
88
98
70
84
86
47
11
31
96
17
24
14
25
92
19
22
50
9
12
30
51
61
53
37
55
48
2
8
93
92
98
13
0
8
75
70
96
21
34
80
73
49
79
66
2
20
25
48
39
27
29
28
37
33
31
89
78
76
61
46
13
8
38
77
42
93
37
51
31
25
20
11
16
49
94
65
61
87
46
88
87
91
7
82
9
56
39
49
82
40
4
95
67
47
96
33
44
26
28
36
71
22
2
86
76
51
34
73
74
25
50
57
98
67
7
38
68
71
60
89
86
1
2
33
76
91
38
34
47
66
60
71
72
79
40
6
91
45
57
3
42
62
63
38
98
20
29
57
27
69
55
26
27
87
93
5
92
93
95
1
34
31
90
76
48
4
81
80
90
89
18
20
21
59
24
82
93
55
97
95
96
37
19
4
90
22
38
27
28
33
73
51
52
44
90
49
61
32
42
0
81
92
30
31
13
24
96
84
88
36
25
42
29
31
30
68
7
79
84
96
69
73
95
7
3
65
71
59
79
69
87
67
65
70
76
26
93
18
5
19
27
60
53
91
59
56
81
45
72
85
78
50
51
60
74
84
64
58
56
60
72
36
12
58
11
70
81
89
93
94
14
33
7
35
95
87
21
63
25
81
41
18
58
44
66
15
6
77
12
17
68
74
50
64
71
73
82
67
80
60
42
50
44
58
37
81
90
43
61
40
38
44
88
49
84
57
79
68
65
48
99
4
67
64
14
9
61
3
65
46
18
21
30
81
16
36
32
1
20
37
58
5
30
62
37
3
19
45
33
15
5
81
9
71
32
94
86
98
84
27
82
48
84
76
91
89
94
18
57
20
11
9
18
3
13
0
89
20
49
19
42
44
54
40
52
73
87
88
27
86
2
3
86
14
79
19
17
16
25
21
20
91
13
27
76
50
48
49
88
91
57
5
50
73
65
72
91
19
90
25
14
56
62
42
20
45
96
52
58
36
81
38
57
60
77
84
47
77
49
59
43
80
35
41
6
20
84
65
76
66
18
16
13
12
57
59
58
47
50
65
91
60
16
43
70
79
51
26
22
24
40
28
56
80
71
91
56
57
54
78
59
60
70
89
8
37
62
11
88
25
10
32
23
21
52
49
44
39
87
32
33
63
1
68
75
68
58
51
59
13
2
3
6
60
85
73
62
34
29
77
20
7
36
13
23
49
50
0
56
27
39
43
24
28
52
85
63
72
87
30
35
29
10
39
0
36
63
38
29
15
2
81
8
14
84
57
4
66
11
61
69
35
40
58
65
55
65
1
6
57
35
90
52
78
31
54
55
50
43
6
6
51
95
5
81
7
91
4
74
88
76
58
54
34
10
27
31
41
58
18
43
72
32
83
92
56
51
42
43
83
14
72
42
60
31
39
27
22
80
81
31
56
35
4
64
11
84
89
2
68
70
18
73
59
42
15
50
5
16
27
73
51
32
21
97
17
5
33
19
66
44
20
36
11
14
53
43
13
61
16
0
60
58
95
16
96
88
2
16
78
7
11
79
62
27
34
13
35
22
42
41
6
79
10
4
39
60
3
5
77
93
89
17
20
90
50
94
31
48
71
68
24
42
65
71
91
10
24
6
72
61
17
68
11
73
55
85
93
95
31
35
32
68
22
14
34
90
13
65
76
56
6
95
57
93
56
55
47
83
86
64
75
95
9
15
30
7
72
4
33
55
67
52
21
46
61
36
9
65
22
31
34
46
12
40
86
66
97
74
42
97
0
2
12
73
91
57
92
48
36
78
67
9
2
73
37
53
49
39
1
96
68
18
76
74
43
7
40
31
46
57
37
97
31
22
91
69
30
63
20
64
44
93
79
48
71
7
0
90
82
35
3
59
22
71
26
88
68
46
92
42
57
53
63
50
92
96
61
46
88
83
50
91
54
59
62
15
14
42
39
59
25
16
33
10
44
41
5
15
22
60
74
62
84
71
65
87
7
1
6
47
40
46
43
16
28
93
32
45
59
91
30
75
65
35
38
68
0
15
43
24
19
80
75
82
88
34
36
38
49
78
34
66
22
59
68
21
51
30
29
80
25
17
36
0
54
79
73
71
86
27
12
90
18
96
69
61
95
49
80
51
75
31
26
86
9
47
59
45
46
62
63
44
86
41
11
15
81
14
71
87
78
68
81
91
13
10
22
16
27
13
1
90
95
30
25
16
4
2
43
28
90
59
61
2
96
84
2
83
12
88
6
49
80
83
23
53
7
86
97
85
78
10
81
95
10
61
46
53
67
8
73
94
44
70
51
15
44
38
67
85
19
94
21
34
55
14
64
59
96
26
97
29
93
15
45
13
7
9
38
40
54
99
25
57
16
37
48
10
49
90
38
84
76
0
42
92
52
74
78
39
6
57
44
34
26
58
77
50
2
10
89
17
69
1
67
58
65
23
61
35
51
47
86
54
96
97
50
43
23
87
20
72
29
56
18
12
76
98
85
45
6
80
77
40
87
94
20
69
99
12
39
4
44
78
36
29
16
15
33
51
78
49
59
29
17
40
73
80
7
18
43
40
7
4
31
64
28
0
15
80
2
18
63
62
95
82
79
94
50
53
11
13
42
88
3
18
78
36
44
85
98
97
51
33
84
92
80
88
99
95
50
17
14
69
6
10
60
1
75
83
79
92
96
0
93
95
63
43
78
38
0
46
45
30
74
48
69
20
47
46
80
29
32
26
2
4
1
72
19
22
74
1
67
40
60
27
42
45
26
5
84
8
44
4
11
86
6
8
83
36
26
65
62
5
13
18
95
87
38
74
63
60
39
21
16
82
86
74
4
14
6
46
9
87
25
20
26
23
59
98
31
32
13
83
42
17
46
27
12
80
65
82
66
84
58
91
85
93
44
84
0
85
46
6
74
50
49
64
75
10
22
8
33
13
67
68
61
14
35
37
35
53
0
85
81
31
69
35
30
96
89
90
42
98
14
74
54
57
87
19
72
66
64
3
62
52
27
47
38
84
7
24
29
0
18
81
22
20
95
36
90
33
54
6
5
12
92
32
53
49
59
36
7
86
72
69
48
60
79
25
23
95
11
44
36
86
95
89
34
49
34
7
1
53
65
19
24
37
45
68
50
64
85
49
78
57
72
30
44
42
64
68
6
67
95
32
22
21
87
89
35
68
49
82
42
6
44
57
15
72
65
23
42
40
90
31
83
13
30
74
82
24
56
81
63
94
60
20
19
54
50
38
58
60
60
88
61
14
90
54
34
74
18
29
62
48
75
67
32
44
97
65
13
88
82
99
73
8
68
5
73
30
59
75
71
38
33
43
77
33
57
65
13
52
90
50
76
43
86
70
52
28
39
58
54
25
0
34
55
47
2
17
32
12
84
52
59
96
99
56
83
60
65
72
59
40
62
28
83
79
77
88
84
51
16
98
5
97
13
62
56
24
21
50
64
18
17
85
16
49
50
69
77
92
12
43
58
73
71
59
3
58
26
38
97
18
1
80
41
28
76
84
44
50
46
22
43
83
81
38
98
5
48
54
88
25
79
90
92
39
66
36
80
11
61
28
74
44
23
17
34
36
86
59
15
2
8
93
83
13
38
31
35
37
90
96
21
6
22
28
40
31
47
24
66
47
12
19
17
83
25
28
5
98
38
73
80
81
75
14
48
52
63
64
10
1
69
15
11
76
92
3
29
18
71
54
39
36
63
17
45
18
26
99
19
93
84
48
21
91
22
19
96
63
55
62
12
52
26
53
70
35
87
67
48
91
63
65
9
85
88
66
74
65
70
9
59
89
56
16
86
95
5
91
68
34
72
42
58
41
30
78
42
15
48
7
67
3
4
10
40
27
9
5
90
20
33
25
7
96
35
30
36
44
98
9
77
95
91
74
69
36
48
44
69
43
93
2
0
77
37
43
69
40
31
57
83
81
3
55
48
67
70
80
22
65
28
74
84
25
6
46
16
2
77
54
71
67
91
30
60
36
22
99
96
39
82
76
70
31
96
92
72
83
53
30
96
89
95
80
84
5
87
6
55
2
35
88
36
17
91
7
55
71
74
72
97
84
37
89
69
43
47
83
33
31
30
27
11
83
71
86
43
93
39
3
13
22
8
3
16
87
83
73
12
39
95
5
85
18
26
49
13
28
47
30
56
20
62
55
56
12
35
25
15
7
77
8
65
5
24
15
58
8
54
59
1
9
81
84
70
85
12
72
9
52
15
78
19
26
18
8
13
84
45
76
54
23
84
6
7
15
83
0
33
18
29
6
89
80
98
25
17
79
73
24
53
48
8
60
11
9
57
65
53
48
55
51
62
28
22
34
32
53
14
46
93
40
53
26
67
80
20
73
42
10
13
61
48
0
16
68
21
29
95
49
9
33
96
25
34
27
33
45
0
59
86
21
67
39
41
98
71
81
18
49
85
56
77
56
60
36
90
12
15
91
56
36
24
82
79
21
25
73
1
84
8
7
16
98
17
5
18
19
77
34
87
92
80
85
86
28
51
50
19
16
7
67
13
52
77
67
5
43
21
88
16
74
87
44
25
4
8
53
85
87
67
78
77
2
87
7
89
53
38
10
16
29
59
68
94
42
72
71
47
16
40
85
2
43
53
73
71
77
51
9
38
56
57
68
43
30
48
29
25
29
0
62
12
76
28
77
56
57
12
24
76
26
58
82
60
63
23
22
14
20
15
50
59
5
73
84
83
87
4
43
58
27
23
91
95
29
98
30
57
46
12
24
42
64
11
53
54
59
46
17
34
89
35
17
23
57
39
97
83
25
93
32
46
20
75
91
6
35
74
14
86
1
93
76
96
67
75
72
35
41
11
2
18
74
19
7
75
9
27
72
5
76
10
80
26
33
90
88
50
67
41
64
22
87
56
18
22
86
61
37
45
55
16
99
23
92
18
93
76
50
62
74
16
13
9
5
81
4
53
58
25
60
56
19
18
9
17
15
54
42
49
91
24
53
47
20
33
2
29
26
56
0
64
88
80
45
24
62
52
81
66
65
19
73
34
41
69
80
17
92
61
44
47
75
30
67
95
89
42
30
81
63
28
46
21
65
56
45
49
7
14
62
51
80
46
29
51
76
27
45
94
92
59
50
88
59
79
55
88
81
91
94
73
