8
11
68
74
86
84
51
49
50
95
42
98
8
11
98
6
17
7
17
16
15
27
28
29
40
25
39
75
1
74
65
80
79
38
65
94
30
98
97
85
3
87
97
5
79
34
90
88
79
78
6
4
60
48
61
46
45
62
71
86
55
16
15
39
19
41
88
27
89
48
47
22
71
88
92
70
15
11
81
49
85
55
85
51
56
54
10
60
47
56
3
33
5
31
34
35
68
69
70
45
55
44
84
13
12
45
14
17
8
53
49
57
58
50
27
90
37
6
69
10
30
80
99
4
75
54
58
26
13
31
15
48
77
11
80
67
66
48
65
61
94
98
57
45
13
78
14
53
54
28
71
49
52
16
26
56
63
67
21
58
71
61
42
78
41
11
86
12
62
99
63
22
7
98
48
59
21
32
77
74
46
53
52
77
75
43
68
67
94
37
74
72
46
85
44
75
79
76
61
60
59
69
26
25
61
62
59
76
16
7
14
25
16
91
93
88
24
91
80
46
44
50
3
28
26
23
55
54
6
8
0
22
46
17
59
56
28
12
4
65
31
43
29
74
10
75
26
28
24
16
13
12
63
88
64
54
2
56
44
99
42
45
55
61
58
74
71
14
10
35
53
48
25
5
70
2
33
84
34
33
15
18
27
54
29
87
88
93
82
45
83
8
53
30
52
61
51
54
45
51
51
92
52
57
69
68
31
92
94
77
16
20
40
43
41
11
90
10
99
3
70
72
13
14
22
38
34
30
71
90
96
15
86
37
36
93
3
89
4
45
44
66
22
21
16
1
2
51
74
73
72
71
44
40
29
16
81
35
2
12
52
73
53
40
5
89
77
78
76
47
48
46
43
41
17
52
65
63
83
84
87
3
35
33
4
7
29
56
59
9
14
11
8
11
47
48
10
67
8
39
36
45
44
41
94
57
55
36
67
14
66
30
28
27
65
68
23
20
87
88
48
89
9
28
5
27
75
42
12
35
69
36
48
72
69
46
1
49
56
90
93
74
71
39
55
54
80
46
45
36
82
91
75
3
2
99
73
88
76
56
53
58
61
62
20
87
93
95
1
75
69
39
40
38
22
26
23
12
7
8
46
22
23
23
47
46
47
48
34
49
30
53
20
19
23
29
84
30
45
26
38
37
78
79
30
37
74
11
35
36
28
22
27
70
63
66
68
88
92
48
49
46
46
55
95
4
73
38
60
59
44
10
12
24
71
90
69
98
35
36
10
12
27
82
4
3
43
14
16
41
43
89
87
90
88
20
70
85
2
0
1
3
2
4
27
20
18
89
90
15
55
87
88
81
55
53
6
7
1
6
93
94
82
43
78
20
31
33
86
88
94
43
41
28
78
4
7
1
70
57
32
29
48
61
89
60
10
9
90
79
53
77
8
55
29
53
79
54
20
18
25
25
26
23
29
27
80
87
72
81
47
10
46
17
14
40
40
21
37
67
38
31
50
14
75
71
13
72
49
32
44
1
43
42
99
22
97
11
6
12
70
9
12
86
56
92
47
43
77
43
8
51
92
61
33
59
41
40
96
97
59
75
5
67
97
58
6
82
36
35
66
10
91
43
6
41
24
21
59
44
61
64
34
22
76
82
83
2
86
63
66
31
29
58
86
26
89
36
33
35
21
6
19
72
73
65
6
68
69
87
14
91
81
80
78
53
94
98
68
88
89
54
66
49
97
66
67
32
94
26
16
17
84
36
37
38
48
30
28
43
44
14
97
96
47
7
26
24
82
79
34
20
70
22
16
41
45
78
18
16
92
90
37
12
14
11
17
93
52
57
80
79
97
96
86
5
62
9
32
61
33
84
82
86
11
56
10
53
97
19
11
10
70
42
92
43
36
33
60
91
24
21
36
74
44
54
74
26
29
95
94
16
17
76
37
36
8
31
44
42
84
17
19
72
75
47
80
28
79
92
3
80
94
77
18
12
13
69
7
79
10
94
18
14
94
98
95
9
12
6
42
49
45
53
36
83
90
8
11
12
18
90
99
89
98
74
37
38
5
1
37
91
58
89
23
20
24
88
89
54
28
26
22
23
44
18
5
29
3
59
57
55
65
62
59
60
31
63
35
51
88
15
61
17
53
64
68
8
86
99
52
46
48
84
64
85
53
1
20
2
12
13
51
62
61
23
20
25
19
96
20
87
7
8
39
37
26
56
59
3
88
36
35
94
92
32
73
81
72
42
56
85
24
26
25
85
87
40
51
52
39
65
66
23
73
24
4
54
56
55
25
78
31
79
92
97
11
13
65
39
41
40
35
34
33
53
88
95
56
57
31
0
83
45
50
21
69
10
9
14
22
84
87
15
88
94
81
47
50
41
48
47
81
28
82
88
87
86
68
93
90
69
72
70
83
5
2
86
87
89
61
96
59
61
62
5
68
67
69
43
35
44
12
11
93
94
4
0
1
70
68
30
54
51
11
53
56
75
74
17
59
56
26
15
96
97
95
84
22
57
58
55
34
33
71
14
37
38
69
77
12
34
36
35
86
87
79
74
12
72
95
94
65
85
8
10
53
55
68
99
67
33
84
55
33
84
46
40
38
13
50
75
58
55
17
62
61
42
12
39
57
59
47
61
15
19
10
85
88
89
80
78
93
44
79
3
0
1
7
31
27
34
33
27
4
65
5
99
87
89
53
52
20
62
61
95
66
60
31
35
54
34
58
57
2
51
88
89
77
78
76
44
62
33
4
91
2
63
15
87
46
85
45
8
41
6
90
71
89
37
93
39
5
8
1
2
1
20
72
7
22
51
52
49
67
82
84
61
19
11
52
77
83
86
84
62
74
12
75
87
16
39
5
30
4
51
64
66
17
48
16
49
48
7
79
22
75
54
78
83
7
53
8
57
39
66
43
59
22
25
31
29
84
48
85
45
66
62
89
73
74
49
56
47
16
77
80
86
33
35
47
50
49
47
4
46
54
27
28
83
67
66
92
25
23
9
92
91
38
78
77
79
75
77
45
27
26
70
65
55
45
49
47
31
4
6
75
62
98
23
22
88
8
11
22
4
68
3
45
60
43
81
80
69
37
33
81
63
7
66
79
62
61
37
66
67
20
21
22
90
55
91
90
38
93
92
91
86
52
71
91
86
81
22
2
94
63
61
64
65
32
33
62
11
6
47
31
29
32
31
32
59
8
4
39
95
93
94
22
23
11
21
20
43
66
36
55
74
57
60
51
50
68
64
91
93
99
3
0
66
68
80
17
80
54
32
30
58
14
16
18
33
67
70
83
35
25
60
46
57
79
77
23
40
41
74
0
60
1
67
16
2
34
33
78
68
65
18
7
11
16
92
0
1
84
93
83
91
80
93
36
35
43
96
19
54
6
8
75
2
31
4
59
16
62
40
51
36
68
41
63
72
74
76
10
13
12
35
37
52
