94
54
76
32
10
8
67
34
39
95
12
80
60
99
36
99
47
32
61
82
27
17
71
74
32
56
87
97
74
39
58
99
85
8
32
55
79
35
11
96
26
50
93
8
74
55
8
98
88
30
26
60
69
66
62
32
75
50
96
13
69
37
31
61
74
57
85
72
14
36
84
99
60
34
10
54
28
45
26
78
72
90
7
28
51
51
78
8
96
29
20
40
34
53
72
86
45
28
10
64
9
56
80
98
32
11
69
94
46
79
99
10
81
34
58
6
75
0
24
46
99
8
85
59
32
87
69
29
81
9
82
13
78
9
34
76
30
80
33
15
63
83
11
91
56
9
80
33
99
53
89
55
99
75
78
75
27
39
64
28
88
11
17
62
94
60
8
86
99
33
38
4
34
87
27
92
48
54
7
84
9
73
39
81
60
8
82
57
99
31
5
70
57
81
90
78
10
54
98
32
28
7
52
94
76
68
99
54
79
93
65
97
12
88
77
18
95
57
79
42
31
52
73
92
10
1
8
95
62
83
45
83
11
29
63
2
72
66
48
10
27
76
1
18
8
95
30
7
79
55
72
54
99
6
27
24
71
61
94
40
52
8
76
28
97
70
39
8
16
10
0
0
0
0
0
23
60
12
2
89
9
47
78
71
16
89
7
55
21
36
11
93
69
41
82
94
10
74
51
31
31
78
98
54
8
58
43
94
24
37
35
10
79
98
60
31
11
71
86
55
56
79
9
98
32
48
89
62
70
18
4
16
23
97
21
98
87
21
89
28
79
63
39
98
89
96
7
58
45
25
14
82
63
99
39
46
9
50
85
91
9
48
89
68
28
51
46
45
19
8
66
84
44
9
29
32
98
56
9
80
77
90
23
44
55
3
51
8
99
40
87
60
19
84
31
50
99
28
8
77
9
94
75
53
31
85
51
24
71
97
21
95
71
12
37
66
97
82
38
13
47
67
91
30
8
75
15
41
58
93
95
46
65
19
82
78
96
30
55
8
37
76
10
90
82
58
33
11
84
99
25
49
99
78
6
95
25
49
6
76
66
9
27
46
90
8
56
22
94
44
88
32
97
57
71
29
9
83
66
49
14
48
43
54
7
99
58
63
31
99
96
3
36
26
48
30
7
99
57
84
73
9
93
30
53
7
50
88
54
32
32
63
79
44
90
97
59
7
86
76
83
7
30
99
56
65
99
49
78
1
12
50
71
3
88
75
64
98
9
55
27
82
50
41
80
59
89
72
44
17
5
77
69
42
21
57
90
7
13
22
44
24
60
91
28
99
36
72
0
55
32
76
59
89
13
52
21
15
25
14
47
38
89
7
71
96
61
70
39
55
96
42
12
67
28
33
36
97
47
3
11
60
2
87
94
44
81
78
23
17
49
84
29
65
10
50
64
54
6
4
6
27
10
14
18
8
29
52
74
93
7
56
77
8
99
83
56
7
29
99
31
75
94
53
9
24
44
89
3
64
11
55
4
37
96
55
10
97
33
77
43
87
52
68
48
45
25
64
92
76
28
93
11
45
79
32
75
52
11
87
77
9
31
95
54
57
17
19
52
89
28
61
45
98
11
49
85
18
59
89
25
6
44
63
81
42
71
23
91
60
96
28
49
8
87
74
23
52
38
85
82
35
9
98
63
68
72
46
97
33
70
25
7
44
94
62
92
34
79
13
16
46
38
37
73
72
13
47
20
36
59
3
41
68
66
7
48
75
20
34
84
64
69
31
9
10
35
80
98
59
9
31
99
76
32
99
0
99
0
0
54
35
67
11
50
54
96
8
30
77
9
99
79
40
75
57
55
13
91
46
40
74
48
18
69
51
32
86
99
12
78
56
12
13
32
38
27
79
17
88
80
10
56
33
99
84
38
59
82
42
43
0
99
0
0
64
52
4
93
96
56
95
10
76
33
32
50
90
66
83
49
99
62
45
59
29
55
80
97
7
24
50
69
77
96
11
8
28
14
43
52
48
81
65
14
72
33
84
36
6
65
46
7
26
85
92
30
72
9
52
7
27
93
72
50
48
27
98
65
14
96
71
11
8
46
91
70
48
7
27
0
99
0
0
0
40
5
95
24
73
7
98
28
78
52
55
31
9
98
78
31
55
99
80
9
53
72
82
33
93
56
90
17
38
72
23
63
55
6
32
31
9
54
75
96
73
74
98
57
25
44
89
52
8
46
22
18
92
86
49
85
15
5
89
32
86
65
17
99
43
61
83
19
8
99
27
8
48
89
69
87
23
77
56
68
97
77
33
10
55
33
12
92
54
69
25
50
19
16
81
22
48
87
60
76
94
30
8
74
52
33
66
88
26
60
6
56
84
99
28
64
56
60
68
75
99
70
57
99
24
87
61
8
99
32
36
19
95
58
80
27
5
61
70
83
10
28
44
61
78
0
99
0
0
99
16
62
96
46
87
24
42
63
85
40
23
4
51
99
80
29
55
7
80
97
50
98
17
59
8
29
54
79
7
98
30
53
94
8
75
67
7
26
47
85
91
54
2
42
18
51
4
48
45
33
66
11
47
17
29
97
46
18
70
25
34
45
97
20
87
95
32
45
60
94
43
12
23
66
86
79
34
98
11
58
26
82
39
96
54
16
73
10
77
18
7
65
53
31
92
77
99
10
58
24
30
67
88
94
71
27
8
49
72
96
37
67
23
47
25
38
62
99
10
85
86
7
31
99
59
36
61
8
18
9
81
8
99
54
30
25
33
14
51
99
10
92
23
70
44
14
27
22
31
17
8
56
31
95
80
98
34
79
57
10
32
43
99
50
34
92
64
25
7
58
4
61
98
76
28
96
67
53
58
11
8
91
61
33
93
97
8
78
30
54
61
42
25
7
85
29
51
9
94
74
49
28
92
8
70
39
58
77
46
34
0
99
99
35
99
96
7
27
53
77
66
47
9
28
83
11
57
36
83
99
71
94
92
5
49
99
60
33
84
8
14
35
9
19
12
47
57
80
2
90
38
1
51
10
77
0
59
11
89
24
99
62
99
30
99
99
0
99
99
99
18
99
29
54
47
45
81
63
18
99
98
79
8
55
31
91
10
47
55
28
27
37
91
56
6
84
16
57
77
30
32
54
12
91
74
32
99
83
9
57
53
8
92
24
22
96
14
47
76
11
62
76
15
36
9
10
72
31
53
90
42
55
91
22
12
62
33
88
99
8
78
7
53
95
28
10
9
38
58
63
42
57
2
93
14
43
59
39
64
35
99
16
86
32
59
94
10
32
54
74
11
56
89
31
65
10
84
66
47
27
50
90
69
8
28
28
52
76
7
95
30
52
9
95
74
51
83
69
30
11
48
63
69
28
34
91
46
7
26
70
66
7
52
37
22
18
35
83
68
71
8
97
54
30
79
12
97
65
64
31
37
91
55
22
26
67
85
55
27
34
98
16
37
57
86
83
8
99
49
38
57
44
75
96
87
98
30
7
82
57
6
93
45
67
14
42
87
16
71
94
77
9
95
53
31
86
70
51
12
32
68
63
82
71
58
55
95
82
47
45
34
90
57
76
11
22
45
96
74
11
47
14
99
39
61
7
79
54
28
97
52
73
98
77
45
70
36
51
92
12
99
60
47
13
84
68
11
53
32
87
4
12
14
10
54
93
66
47
72
27
36
12
76
58
96
10
95
75
32
55
37
63
32
41
86
30
45
87
66
10
87
79
34
78
84
9
24
4
30
28
7
97
55
80
29
66
80
83
8
12
9
75
59
38
93
51
68
4
88
84
27
30
48
26
14
49
16
99
2
38
77
60
41
28
7
72
36
83
12
57
94
40
19
78
61
26
6
99
81
53
8
47
93
69
28
99
9
84
35
52
99
35
11
59
81
27
90
7
48
69
3
79
90
42
13
48
70
91
8
27
90
68
65
35
53
51
27
7
93
71
95
34
15
52
81
7
78
54
94
28
49
71
60
99
88
34
41
89
83
86
36
8
99
75
83
42
71
73
31
95
20
41
82
13
54
31
7
99
85
58
68
39
12
99
80
43
9
10
92
49
7
53
77
96
29
99
99
99
99
99
8
59
33
99
84
98
81
30
56
8
88
70
11
55
50
95
61
14
5
11
32
53
98
78
10
79
14
28
56
38
65
25
93
79
43
96
38
12
49
72
19
0
30
52
74
32
10
83
17
93
73
8
56
29
90
85
32
3
51
50
85
93
60
71
20
99
99
99
0
41
23
54
20
82
91
92
45
43
62
52
8
61
26
45
85
37
81
60
83
4
87
54
43
29
39
9
31
76
94
54
59
85
38
99
43
35
54
79
17
97
32
2
50
22
91
79
10
57
34
95
40
84
68
23
93
96
41
45
5
77
8
25
69
43
57
34
28
38
58
90
95
13
10
50
86
41
75
34
21
91
89
80
99
19
32
0
99
0
77
99
9
49
65
84
24
33
11
77
55
92
85
46
65
79
5
76
51
99
31
9
53
31
75
9
93
70
18
62
35
96
86
62
24
19
43
69
29
49
58
99
58
97
9
25
41
99
3
74
64
99
83
35
91
97
64
25
66
92
59
28
43
76
9
26
58
99
56
82
6
29
47
67
90
28
9
44
96
32
67
82
78
45
53
10
38
89
56
97
46
86
12
32
63
87
58
85
2
3
35
70
56
67
15
19
40
9
73
51
29
95
74
32
10
54
93
53
75
96
9
31
88
33
19
58
10
28
45
5
64
13
27
61
0
72
89
56
80
94
6
43
0
0
99
0
0
8
94
29
74
52
43
14
25
63
72
11
21
45
86
89
99
99
99
99
0
61
15
89
81
31
57
10
13
7
97
13
35
98
57
79
84
64
59
34
79
66
29
10
48
86
80
10
58
99
34
56
81
30
99
8
52
93
9
75
30
86
10
38
52
27
59
21
23
46
17
3
66
75
44
62
29
83
6
99
56
6
83
33
96
98
55
98
84
31
44
54
80
51
24
22
58
64
96
46
30
86
59
0
40
13
51
11
33
70
90
24
40
88
35
79
31
86
16
50
67
44
91
35
42
38
71
98
8
29
46
65
55
25
92
80
62
9
23
43
78
79
58
93
37
13
5
23
72
46
94
23
94
72
86
83
96
43
18
80
67
89
47
8
29
58
81
46
59
70
28
56
42
7
32
88
33
83
99
58
9
43
81
53
16
84
0
99
99
99
99
4
68
26
43
61
57
97
20
78
48
95
54
9
31
76
99
9
60
85
34
29
53
78
7
96
31
26
14
1
86
56
65
8
21
45
91
25
56
20
76
34
60
22
5
81
80
96
59
14
39
25
94
72
47
7
27
80
61
38
15
93
87
31
33
35
26
48
69
89
7
28
7
93
50
72
47
99
99
99
70
28
9
47
88
67
97
7
55
79
29
9
83
39
64
99
6
91
22
48
71
70
90
28
49
10
99
89
69
26
51
53
32
15
45
95
36
14
98
87
62
57
84
99
6
28
93
10
53
71
30
22
44
82
91
51
51
63
82
19
97
87
26
7
45
65
49
18
77
25
6
79
93
15
61
40
93
49
8
73
28
83
98
46
9
53
35
51
93
74
11
1
49
5
31
72
85
35
59
66
82
54
33
11
69
90
73
13
28
97
46
9
85
35
60
99
69
19
85
65
53
45
7
91
68
25
58
4
14
85
9
37
44
83
63
48
64
40
50
18
23
