92
86
98
99
89
85
81
99
66
94
99
86
99
82
73
99
77
67
99
84
91
73
48
42
82
75
78
85
89
91
86
99
27
28
94
99
61
99
89
99
85
59
83
99
66
77
99
34
66
84
89
99
74
79
89
81
75
99
87
91
61
99
77
61
98
96
99
72
38
87
99
76
96
76
99
82
62
76
52
94
99
82
75
73
99
87
68
73
78
40
99
89
82
54
99
66
99
87
91
97
99
82
99
89
83
77
41
93
98
96
58
98
60
53
88
99
77
63
84
90
70
94
65
63
99
77
74
94
51
91
74
78
62
67
70
72
95
99
83
89
98
49
83
93
88
72
99
99
83
91
61
99
77
52
56
59
28
95
86
90
84
88
76
95
99
29
92
86
17
95
99
99
87
43
87
99
83
94
70
99
28
59
53
96
78
99
37
95
29
82
66
55
88
71
99
99
71
65
87
99
67
87
99
91
99
88
29
87
99
83
87
94
66
38
94
84
91
86
48
95
99
73
97
99
76
98
72
27
88
99
77
39
75
79
87
99
70
77
94
99
93
90
71
38
82
96
99
68
65
99
72
78
39
81
73
17
95
99
95
59
50
85
99
90
99
88
53
99
83
91
16
95
99
91
87
83
83
99
91
95
99
77
83
99
52
83
99
91
73
93
78
99
72
44
93
54
57
99
72
79
39
93
86
84
99
90
88
99
78
94
38
55
98
61
77
40
95
99
99
89
83
99
89
92
94
99
85
99
85
60
72
99
79
51
57
48
84
89
99
89
85
61
71
91
87
88
72
99
72
77
28
98
77
95
96
77
86
16
86
93
80
99
51
99
71
65
85
59
54
87
99
82
83
62
92
55
71
38
82
99
73
51
95
83
96
72
79
88
66
99
99
89
82
88
99
78
94
87
84
99
89
85
88
99
77
49
71
82
93
86
97
85
99
90
95
99
89
76
79
73
99
84
64
68
99
88
93
87
99
38
80
75
99
40
89
89
72
80
94
68
65
39
93
86
96
65
99
94
99
89
73
78
65
74
94
99
32
52
56
94
50
72
61
99
79
99
76
89
86
95
99
94
65
99
49
94
83
74
58
88
87
99
83
99
80
65
67
99
65
73
96
99
82
73
93
88
78
81
61
99
67
74
77
88
92
82
36
79
62
76
83
99
91
39
94
82
99
71
62
83
97
99
81
99
75
84
90
87
82
99
51
96
73
78
93
80
76
70
65
61
83
92
75
50
93
85
17
55
48
88
99
74
54
99
67
81
99
75
65
99
68
95
76
78
72
88
99
60
99
53
77
92
86
73
94
87
92
70
65
69
95
99
71
95
99
65
83
68
88
99
71
99
88
71
95
99
89
94
74
78
95
99
88
99
84
90
99
70
63
65
93
99
76
89
61
99
84
90
88
77
99
61
83
90
99
88
17
72
80
28
77
92
86
82
99
91
99
89
84
17
96
99
65
99
80
81
98
96
95
99
89
28
94
99
60
99
77
93
86
99
96
99
83
66
81
74
54
94
99
88
99
78
28
95
99
71
99
64
71
93
87
99
81
61
99
76
89
88
27
99
71
95
64
50
84
93
50
71
99
62
84
89
99
67
61
99
62
67
99
82
65
99
83
6
78
99
75
99
85
90
99
59
85
93
86
99
83
93
89
68
96
99
27
66
88
82
93
88
49
85
90
78
72
98
72
99
39
93
85
99
95
60
72
84
99
55
73
79
99
89
85
92
94
83
97
99
85
90
83
38
95
83
99
91
44
86
89
74
99
79
83
99
91
94
99
83
99
71
63
97
99
83
81
99
72
88
55
44
83
99
91
52
96
99
99
59
81
76
95
99
88
71
99
85
89
99
50
95
82
71
88
99
69
88
65
92
87
94
99
61
83
38
93
86
60
93
71
93
63
67
84
90
72
81
76
99
88
99
72
28
99
85
99
87
67
99
82
60
95
99
88
86
99
90
99
84
59
87
99
91
60
95
99
88
62
68
72
99
82
88
99
72
99
84
90
85
62
68
84
89
99
49
95
72
75
99
79
78
69
97
83
99
27
99
68
65
99
88
67
96
72
99
99
87
91
27
93
60
91
71
64
72
99
83
62
93
84
61
81
76
63
80
66
93
69
63
99
68
65
87
94
66
94
17
69
67
99
60
16
93
97
74
89
84
86
89
91
73
88
99
95
60
72
88
99
40
62
99
68
76
98
49
77
87
62
63
95
99
99
82
75
88
99
78
99
88
71
76
87
90
60
99
77
94
99
88
62
94
83
26
81
76
77
67
95
77
99
28
88
99
76
16
82
74
52
84
90
99
85
69
61
83
92
99
71
83
99
40
74
99
89
71
65
78
81
93
66
88
80
75
99
84
99
55
99
89
73
99
89
92
38
95
99
95
72
99
38
99
69
95
99
72
88
99
77
96
99
54
99
82
76
72
95
92
99
52
57
50
94
66
99
88
68
48
99
17
87
90
96
93
87
84
76
99
89
60
99
77
76
89
86
99
55
83
87
97
99
50
99
71
16
94
99
84
90
92
94
99
88
82
75
91
99
89
81
39
96
99
74
94
87
95
99
66
96
99
73
99
84
90
95
99
81
81
76
72
99
65
68
87
99
61
66
83
90
97
99
89
95
61
99
99
82
91
99
64
67
84
93
88
73
97
99
93
70
64
99
72
89
74
89
82
39
99
72
77
28
52
83
99
91
95
73
87
51
99
71
62
99
67
40
62
46
93
74
77
17
94
99
84
89
99
69
64
88
99
81
75
99
86
90
87
99
81
99
83
91
84
99
91
94
99
88
93
86
99
29
98
96
40
94
99
99
88
66
54
95
99
99
78
72
72
99
55
95
82
76
95
99
89
99
89
73
83
74
89
86
99
83
98
96
66
77
96
65
99
63
88
89
71
41
99
77
60
99
83
91
89
86
65
99
84
54
95
74
78
95
99
89
60
96
99
82
99
66
95
77
50
99
89
92
99
77
55
28
93
59
73
78
92
83
99
61
84
99
68
99
89
92
17
94
85
99
88
73
99
84
91
92
99
87
39
95
99
99
71
50
87
99
83
88
99
78
97
71
99
87
99
91
83
90
87
84
99
90
72
92
78
76
89
92
60
99
53
99
49
75
84
99
90
86
97
99
72
99
81
99
66
88
99
88
67
83
93
65
83
99
55
96
49
39
27
79
99
88
99
73
72
89
80
99
77
27
70
99
65
99
88
60
70
99
86
87
99
84
24
76
99
91
87
82
71
88
55
99
79
61
83
63
66
95
99
50
21
72
78
49
94
84
91
84
88
60
84
92
99
73
89
93
87
83
83
90
77
73
99
79
99
88
55
97
99
89
87
98
76
71
88
61
50
95
17
62
88
29
95
73
78
99
82
75
99
84
91
66
76
79
84
99
89
