65
22
55
21
17
5
54
34
38
83
13
65
52
78
45
98
68
43
81
89
27
17
69
81
31
58
61
99
84
25
46
76
65
11
30
36
70
37
17
77
74
78
98
21
93
60
11
99
83
35
28
60
72
65
62
15
72
64
75
1
69
36
31
58
78
47
83
73
25
41
82
99
56
29
7
52
28
44
26
82
79
81
29
70
77
82
88
11
94
64
20
36
35
48
71
99
44
10
3
94
13
70
88
95
58
12
56
74
38
61
83
16
78
69
70
6
82
2
23
46
99
7
84
58
30
81
64
28
77
9
95
13
91
9
32
76
30
77
32
15
63
78
47
88
49
3
67
4
69
14
88
51
97
74
83
70
27
39
59
28
80
11
17
72
88
31
13
50
83
14
36
3
34
76
26
96
48
53
6
90
40
78
56
86
75
8
80
56
99
31
0
78
59
83
92
78
31
60
82
49
34
12
52
95
72
78
98
53
83
93
33
99
9
83
59
10
96
53
93
21
26
46
69
91
8
0
7
95
57
77
42
80
8
25
59
1
61
57
39
8
26
76
1
19
8
99
31
8
85
58
83
58
99
8
31
9
65
58
88
41
58
18
92
30
95
69
38
8
16
10
99
57
88
37
50
26
30
3
4
47
9
45
82
67
15
90
12
70
27
43
19
94
77
66
88
92
43
84
55
50
53
82
97
64
5
54
45
95
26
38
28
17
52
56
37
16
5
82
89
54
54
77
8
96
31
59
89
66
71
18
4
15
22
67
20
93
51
14
80
48
80
48
32
98
89
81
7
54
44
25
36
98
86
68
52
24
5
48
73
93
9
50
70
86
29
51
46
45
19
8
68
83
40
9
29
34
96
57
11
78
77
90
22
35
55
3
47
8
92
38
89
63
20
84
30
53
96
15
8
89
11
65
31
26
22
84
75
65
81
97
20
97
68
10
51
73
99
88
35
14
52
74
92
30
8
66
24
27
46
86
88
61
63
0
25
86
97
51
72
26
26
86
10
97
94
57
33
10
83
99
12
40
58
53
4
94
33
45
18
54
64
31
45
53
71
8
51
22
94
43
89
32
94
55
73
27
8
83
66
46
13
50
45
65
7
45
80
84
76
87
94
4
34
24
65
30
7
99
57
84
79
8
95
33
59
12
45
86
48
30
30
65
80
41
91
95
29
7
80
55
39
5
11
65
29
67
97
50
75
0
5
54
69
0
92
75
65
98
13
43
28
83
49
41
79
57
82
72
44
17
5
71
63
43
21
39
83
1
7
15
44
24
58
97
28
15
63
95
43
76
31
69
50
86
11
52
21
15
25
14
50
31
99
12
73
96
62
68
39
55
96
44
16
67
32
33
35
91
47
3
10
60
2
93
96
44
84
80
22
17
46
82
28
62
9
50
64
55
6
4
6
24
12
13
14
2
17
48
64
99
10
33
80
12
97
82
56
7
29
99
48
61
69
51
21
14
45
79
0
55
11
50
4
34
92
38
11
23
14
17
43
85
53
68
49
54
24
63
87
95
28
94
12
44
64
52
80
71
23
95
81
18
40
93
62
54
17
19
50
93
28
63
44
98
12
44
63
6
54
91
9
6
20
72
98
35
75
12
89
55
99
28
49
8
92
98
0
52
42
70
76
25
11
90
68
70
72
53
92
41
48
26
18
43
87
59
92
36
78
13
16
45
38
37
70
86
73
27
10
24
59
2
41
68
65
1
42
96
5
15
79
60
70
33
9
22
39
55
82
48
9
25
98
77
32
62
41
80
59
52
55
35
65
11
50
57
96
16
21
79
9
89
70
29
49
59
52
13
93
46
40
71
47
19
66
33
28
75
81
1
71
57
12
13
31
31
29
64
16
79
76
7
41
24
59
84
38
59
80
42
89
70
13
76
62
64
53
3
90
96
77
93
6
89
63
29
48
83
66
79
19
90
37
70
81
28
35
73
97
13
24
54
70
78
99
11
8
28
14
45
52
46
76
64
13
68
33
88
50
11
53
37
11
36
61
88
27
77
4
44
0
50
67
58
57
48
27
96
63
15
94
71
12
8
42
91
70
48
7
27
33
94
87
31
69
39
5
95
24
74
12
99
25
70
58
40
33
16
90
77
26
47
99
73
14
56
73
82
14
94
33
91
23
28
54
23
59
54
6
32
30
11
43
49
75
82
84
98
58
25
32
92
74
10
53
14
11
72
63
42
75
15
5
85
31
92
70
8
98
26
54
89
15
7
99
32
8
52
92
71
78
10
77
53
66
84
80
39
9
43
37
15
94
56
71
24
46
19
16
72
22
52
80
64
73
88
45
25
82
79
34
68
90
27
58
18
55
61
79
44
64
56
61
66
75
99
71
47
85
36
60
44
25
79
30
36
21
97
61
75
26
4
62
63
88
9
25
33
39
63
41
88
38
56
64
33
57
87
45
77
26
41
65
88
36
37
9
52
98
73
35
58
16
84
99
55
98
30
80
7
18
41
58
4
96
28
53
96
7
78
81
8
30
56
94
82
51
2
42
17
49
3
48
46
34
67
11
47
17
30
95
44
20
66
25
78
50
97
67
88
96
33
45
74
94
61
12
36
80
95
66
32
82
8
57
6
70
25
89
48
16
68
10
80
18
8
58
54
36
91
74
87
8
60
21
17
71
87
95
72
14
4
42
46
70
38
71
24
51
25
36
46
68
1
59
47
23
33
63
41
36
61
8
18
9
75
20
89
51
44
69
32
11
44
72
8
92
30
74
54
14
27
22
29
17
2
68
64
96
83
99
30
80
51
8
16
43
88
48
38
85
54
34
9
39
3
66
97
70
26
74
66
53
58
10
10
87
49
29
69
96
21
82
41
60
49
48
46
7
61
33
68
24
96
84
63
37
75
0
69
37
52
65
42
34
30
31
81
25
51
85
9
11
17
80
56
10
3
6
68
4
64
5
87
74
73
99
94
2
47
65
57
48
59
12
14
34
9
19
12
48
57
78
0
95
39
1
50
9
72
0
57
11
83
24
72
43
59
5
53
44
24
27
55
92
18
96
29
52
47
74
92
77
37
96
57
56
12
47
20
96
10
46
52
29
28
47
85
66
9
77
16
55
71
29
47
53
13
71
54
30
90
83
27
69
53
8
90
23
21
95
23
36
82
14
51
67
12
34
7
12
74
36
59
92
41
53
81
22
12
44
43
59
72
7
76
9
55
89
31
10
9
37
52
56
42
57
2
83
13
45
59
39
63
36
98
19
84
40
59
93
9
29
49
70
5
61
75
12
63
11
83
59
42
27
71
98
74
42
61
44
47
61
1
70
6
44
4
66
71
31
84
73
21
8
47
62
67
28
34
92
79
12
16
84
82
19
45
42
38
18
32
81
68
71
15
95
48
22
66
48
88
86
67
63
36
81
51
23
26
64
83
54
29
34
96
16
37
56
87
89
11
73
53
32
34
14
54
95
74
99
34
10
82
59
0
93
44
59
13
41
89
16
67
92
78
34
96
57
51
70
61
54
13
20
67
63
77
70
58
58
98
82
48
45
14
86
72
25
0
28
40
58
50
25
47
14
94
39
60
7
75
42
25
97
54
71
99
75
47
76
43
61
90
16
98
63
40
15
79
45
2
19
9
71
4
11
13
10
74
78
66
37
72
28
19
0
99
30
97
4
95
53
28
46
37
63
32
42
83
35
75
91
86
61
92
82
34
76
87
9
24
4
31
29
1
79
11
67
3
61
81
88
8
11
10
76
53
32
92
54
62
2
95
84
27
29
56
26
14
54
16
97
3
38
55
46
37
27
5
69
36
82
8
58
32
11
10
77
12
29
14
96
87
47
27
47
88
67
33
93
17
79
40
64
47
71
3
29
39
28
88
9
49
68
3
90
94
41
12
68
72
78
14
31
86
70
65
36
53
48
26
12
91
64
94
31
17
49
84
19
37
33
98
31
50
85
62
99
93
29
32
90
82
88
36
35
65
42
55
39
64
77
35
94
21
42
93
13
56
34
18
98
83
69
56
41
22
89
83
43
9
10
92
48
7
54
79
97
29
22
66
13
77
30
9
49
12
81
73
96
58
37
47
25
89
68
10
56
50
91
50
14
5
11
30
48
80
62
11
91
13
23
59
30
58
25
76
65
52
96
21
4
46
74
19
0
29
52
67
31
10
93
17
99
92
31
69
9
44
86
33
0
51
50
86
75
62
75
20
99
49
52
15
26
24
52
20
97
92
88
46
43
63
57
11
81
17
51
96
38
80
63
81
3
76
51
42
29
39
10
31
75
94
53
57
84
39
99
44
28
41
77
14
97
32
3
57
23
90
76
21
32
25
81
40
83
71
25
99
84
36
28
27
67
0
16
72
28
39
34
28
37
50
92
99
13
9
43
88
39
81
33
21
70
89
70
99
4
17
60
77
23
65
76
8
50
58
98
15
31
9
93
54
76
84
45
66
77
3
51
49
96
47
45
33
16
93
2
97
74
18
61
36
96
85
59
24
19
43
38
14
27
32
84
80
97
13
36
59
57
19
34
44
46
87
34
92
97
68
25
65
90
55
27
55
78
1
6
57
99
36
46
25
32
55
75
90
30
8
37
70
36
51
67
79
45
54
9
39
75
59
96
51
85
12
27
59
93
55
80
2
3
34
70
56
66
15
19
38
8
74
51
29
95
72
30
6
47
93
61
83
95
13
35
42
30
21
39
8
27
43
5
58
13
6
11
3
43
75
58
78
97
5
43
67
44
3
96
95
7
94
28
74
51
44
15
25
64
71
47
61
68
81
70
10
52
31
74
87
70
13
96
86
23
56
9
12
6
85
26
49
99
51
80
92
64
58
35
79
43
25
15
29
90
73
8
69
89
42
55
80
39
85
31
28
92
7
51
73
96
5
46
61
38
56
21
23
46
17
78
75
99
9
97
31
83
8
99
58
5
79
33
95
97
64
98
84
7
43
52
68
49
24
22
58
66
91
46
31
82
59
0
40
13
52
24
36
31
67
18
70
90
67
80
28
84
9
48
66
43
86
35
42
38
83
99
2
9
61
72
56
12
92
82
42
7
26
10
99
80
67
93
34
49
29
31
94
48
95
23
95
62
81
91
82
41
31
78
53
80
47
8
29
55
83
42
61
72
20
54
43
6
34
83
16
38
77
17
3
44
82
52
18
89
0
59
53
7
93
4
71
26
42
64
55
99
21
82
46
80
27
5
6
77
77
33
65
67
45
31
53
74
9
94
29
24
13
0
90
57
61
8
21
45
99
3
49
1
53
41
64
20
2
77
77
95
59
14
56
13
84
46
36
9
27
82
56
39
16
96
88
32
33
34
29
35
39
69
4
29
8
92
48
68
20
98
66
31
26
26
18
32
85
58
94
10
57
60
52
4
72
52
59
97
0
87
6
71
78
90
72
36
55
19
87
70
51
13
31
54
41
31
51
97
32
13
69
86
52
33
50
60
1
20
83
19
55
64
26
23
44
79
91
53
31
54
78
9
97
90
29
9
48
69
46
18
75
25
6
56
75
37
47
43
87
73
8
80
25
79
97
34
11
57
39
53
73
58
13
1
48
5
31
70
87
37
58
67
78
58
56
53
75
90
76
6
28
98
47
4
52
10
41
71
65
19
80
61
51
50
21
68
65
35
64
4
14
85
9
37
44
79
67
48
62
40
50
18
23
