77
49
64
30
7
6
67
15
39
89
11
78
54
95
34
97
81
29
82
87
26
15
76
99
36
46
59
99
88
10
49
67
33
16
1
42
76
39
16
82
62
73
93
23
82
57
6
92
74
31
27
60
71
64
63
24
81
62
93
5
71
44
30
63
79
45
93
70
4
21
0
0
99
99
0
50
22
36
7
66
83
94
30
65
77
26
69
6
91
49
18
37
36
47
74
89
41
8
0
80
11
49
66
85
33
15
55
71
37
61
99
6
80
30
57
16
79
3
11
58
99
0
51
47
36
79
62
35
79
9
80
19
69
8
30
77
30
81
33
15
59
98
10
84
34
6
71
26
93
48
91
54
97
74
83
75
28
45
47
31
85
12
30
49
69
33
3
50
82
8
99
99
99
0
99
89
46
54
5
87
6
76
26
95
51
2
73
58
98
38
11
60
36
86
99
83
22
60
71
49
9
50
53
99
62
47
91
31
57
67
22
93
3
49
73
6
91
65
80
17
31
53
77
94
9
9
33
99
57
79
24
71
11
16
34
3
71
53
36
21
36
90
1
13
25
91
20
3
67
36
76
54
95
6
30
10
84
56
99
32
46
10
65
31
83
76
42
3
27
14
78
61
90
23
42
26
30
5
6
45
99
0
0
0
99
90
10
71
30
50
10
71
30
47
91
98
29
81
64
47
33
80
94
58
9
52
44
82
21
35
24
14
77
98
52
13
4
75
87
53
52
77
7
95
28
34
87
65
81
8
1
9
32
70
24
97
77
60
81
68
0
0
99
99
5
99
8
66
46
31
11
75
68
82
47
50
16
60
84
96
9
49
90
67
30
53
46
44
25
2
59
84
45
17
34
43
90
58
26
76
67
89
0
8
57
4
99
20
81
48
96
46
5
67
23
51
91
14
7
82
5
69
35
26
14
84
71
60
77
91
19
83
49
3
35
96
94
78
39
17
56
70
88
31
14
67
21
29
47
77
90
62
76
4
17
80
94
58
70
48
23
79
11
97
89
53
27
7
77
96
14
38
55
51
0
90
25
46
6
67
70
6
22
47
92
11
74
34
95
59
85
25
94
43
77
24
12
67
47
37
19
67
41
90
5
52
76
89
65
96
92
8
38
26
65
18
2
81
36
59
74
30
86
44
52
10
45
85
48
31
9
58
83
19
88
93
62
5
84
75
43
4
13
69
30
67
91
52
69
0
16
40
63
1
91
77
57
92
11
35
10
88
52
31
71
61
96
83
40
14
14
73
61
49
19
96
82
12
37
59
35
21
59
99
28
18
75
94
64
87
33
75
53
94
12
59
83
29
99
6
49
28
90
10
70
89
58
63
2
52
84
45
4
55
19
32
35
84
42
5
8
66
3
87
98
48
90
68
28
8
58
92
38
76
15
51
72
64
7
4
6
29
12
15
18
9
26
40
77
90
9
60
83
31
94
76
54
4
29
95
35
52
63
46
24
25
42
76
8
59
16
50
11
34
98
45
10
26
13
16
36
99
49
62
45
32
19
62
89
92
19
94
0
21
62
10
75
56
31
91
76
18
33
91
62
49
19
20
40
93
18
61
38
99
4
42
63
6
54
97
99
99
0
0
99
47
82
32
95
65
91
30
54
11
94
86
15
48
25
65
67
26
7
89
46
68
82
55
95
42
55
28
16
46
98
48
97
24
73
5
14
54
35
32
71
90
77
25
6
15
99
99
0
99
99
1
30
95
6
18
0
0
0
99
0
26
34
54
94
43
2
23
90
77
30
73
11
93
54
32
77
36
92
11
57
57
92
2
47
81
12
92
73
32
48
72
54
23
91
38
30
91
64
6
32
36
15
61
86
2
96
75
8
29
51
38
27
64
16
75
99
4
53
23
81
92
7
49
71
27
91
45
10
66
29
63
52
4
92
96
57
81
2
71
26
21
37
97
65
77
12
94
38
60
80
16
24
39
91
7
22
56
68
82
96
17
6
30
24
49
54
45
84
63
20
62
31
79
49
14
55
40
16
26
56
99
27
82
9
49
5
50
89
79
59
55
32
93
76
10
92
71
23
5
46
59
88
32
0
0
26
97
90
41
51
40
7
94
20
77
14
89
37
74
61
46
25
8
89
72
27
52
96
77
0
39
69
79
18
92
42
91
10
26
69
18
56
44
6
26
31
13
46
56
74
61
93
85
42
23
31
91
71
10
51
17
10
92
67
40
67
13
0
96
23
86
71
16
95
30
56
82
29
9
89
62
25
74
95
87
97
10
86
45
65
84
62
24
5
43
14
9
93
33
69
99
99
99
99
0
9
32
99
57
80
96
55
34
83
71
37
72
92
19
55
3
49
77
97
22
64
58
59
66
74
11
0
99
99
0
58
20
1
78
40
43
21
92
65
84
36
21
52
74
92
14
17
31
36
62
50
80
38
61
69
0
47
96
20
74
19
44
69
91
41
60
16
69
88
78
28
57
4
74
97
39
92
26
63
4
20
37
56
2
81
27
47
88
7
66
49
13
18
24
83
99
60
3
55
19
49
2
46
42
31
97
9
48
17
33
88
39
4
76
13
20
59
96
1
77
86
7
32
63
83
41
5
20
69
91
72
33
89
6
61
6
70
24
91
46
16
74
4
83
30
10
81
57
34
96
72
92
9
52
32
29
70
87
95
81
22
2
35
42
75
37
66
19
47
27
0
0
99
99
0
64
24
35
83
49
40
62
6
19
8
78
9
96
54
31
62
29
12
42
89
7
94
22
53
35
13
28
22
31
17
14
54
35
92
74
90
28
71
47
7
8
57
99
82
30
67
57
40
19
48
17
54
88
71
38
87
60
42
44
16
11
99
65
31
85
98
22
87
47
73
39
41
52
92
51
28
50
9
91
72
54
29
92
5
75
37
61
60
42
33
23
46
92
4
70
92
6
9
23
81
58
15
3
6
79
8
48
27
90
70
53
95
74
6
27
93
48
5
71
24
15
26
9
24
13
47
77
76
3
99
28
10
71
54
95
0
99
11
99
0
96
31
82
8
56
48
10
29
66
89
20
88
34
57
47
71
91
84
37
98
61
50
4
39
24
77
16
22
59
17
18
33
76
45
11
79
14
56
68
26
30
45
9
74
61
51
94
86
18
70
54
10
94
22
19
99
0
0
79
0
0
99
0
99
0
9
58
27
42
77
49
71
91
28
8
42
21
64
87
2
71
19
58
82
44
25
6
42
65
89
42
53
0
84
13
55
75
32
95
9
88
0
63
18
43
85
9
32
50
63
10
51
73
29
68
3
87
63
40
18
73
93
79
36
54
44
55
61
2
69
26
45
0
65
76
45
83
61
16
26
48
59
78
27
36
88
46
10
28
72
99
9
76
47
30
18
32
80
68
69
10
88
47
20
60
14
92
80
58
35
37
83
50
22
27
67
85
52
27
34
98
14
38
63
86
89
10
70
50
30
57
2
68
91
80
95
19
3
63
52
6
95
48
74
26
42
77
27
69
93
71
27
85
58
45
99
99
0
0
99
53
25
78
94
10
56
96
81
46
42
23
87
58
40
7
35
56
92
75
10
52
11
87
31
66
7
67
45
25
87
53
62
87
74
41
67
43
53
83
12
93
69
47
22
83
40
2
20
8
80
5
12
17
12
80
87
63
34
72
28
27
8
66
45
90
7
87
63
25
45
36
62
25
46
77
34
70
99
83
50
93
80
32
79
86
10
21
1
37
31
1
87
10
73
4
65
72
79
7
11
18
91
61
41
75
48
64
23
94
82
47
73
92
4
15
46
15
89
3
36
99
99
99
99
99
68
31
80
5
59
30
13
5
96
21
30
10
93
79
57
7
45
89
63
25
87
32
78
39
55
75
96
5
27
52
46
81
44
67
78
3
86
99
42
14
58
79
97
13
37
97
71
62
43
53
47
25
8
89
69
92
21
3
44
70
22
40
33
94
30
54
80
66
96
93
14
39
95
65
78
34
9
94
58
76
46
68
74
44
97
13
41
95
8
62
31
6
99
60
65
61
41
19
93
81
25
7
10
88
49
5
44
63
85
24
0
99
0
99
99
6
49
15
93
66
90
55
39
48
26
91
72
12
55
35
99
50
21
7
15
30
53
93
75
9
94
8
20
57
28
99
13
99
99
94
90
20
5
44
68
16
2
32
43
67
33
4
89
16
98
86
7
39
23
62
98
37
11
68
45
80
94
30
59
9
0
0
0
0
99
29
53
8
75
96
91
39
41
60
54
11
78
22
54
88
43
75
59
87
21
86
74
52
25
38
27
42
77
97
60
65
80
32
92
46
22
39
74
6
92
38
30
53
12
96
63
0
36
17
90
34
77
56
11
92
79
44
27
9
63
1
19
72
41
59
34
27
38
51
89
79
20
6
37
56
45
65
26
8
87
94
89
95
0
20
66
95
14
40
83
3
51
75
89
13
99
99
99
0
99
91
49
28
71
8
55
50
87
45
42
49
21
59
6
83
78
8
54
30
97
88
58
34
12
45
72
9
30
36
95
70
93
1
21
43
90
7
26
47
68
74
6
88
97
58
27
64
94
55
34
43
72
7
23
57
92
50
72
5
27
58
72
86
21
8
29
99
5
85
59
86
40
54
10
22
89
55
97
12
75
10
33
81
94
57
82
3
4
39
77
63
95
1
14
33
9
81
57
33
96
93
54
0
0
99
47
67
84
8
27
49
35
21
47
9
27
41
1
54
14
6
12
3
44
71
59
84
93
8
32
62
49
10
94
92
4
90
23
68
45
42
16
31
63
72
8
29
54
91
71
24
54
40
98
68
61
2
99
73
33
69
21
45
3
91
20
52
95
62
76
77
66
60
35
77
38
25
12
50
83
74
4
69
88
41
56
78
41
85
31
59
95
8
79
31
97
2
47
54
39
63
21
46
79
6
5
76
93
27
53
40
67
20
90
52
0
84
32
90
97
98
90
83
0
24
68
90
48
27
8
59
64
95
38
35
99
72
7
38
21
42
9
29
63
85
8
51
85
29
69
34
72
15
53
89
43
90
25
42
33
86
99
14
35
66
60
50
7
88
74
50
6
34
21
72
74
51
92
30
8
13
22
77
65
96
3
99
24
79
51
82
44
30
70
57
99
42
9
30
61
83
39
57
65
28
56
45
7
33
78
15
32
72
16
3
27
66
47
10
90
62
44
25
7
86
1
69
25
33
61
99
84
23
68
51
91
49
7
27
69
75
33
65
66
45
26
49
71
7
89
9
91
52
30
72
47
63
1
18
33
92
28
50
8
71
42
70
18
3
90
76
96
50
6
26
46
90
78
25
8
27
75
58
37
18
87
66
8
25
44
27
44
66
88
9
25
9
85
43
56
23
95
79
44
15
26
12
39
91
53
90
25
63
78
40
0
73
52
63
92
1
82
6
69
78
67
84
30
49
11
94
84
73
11
58
57
41
29
50
83
15
6
94
68
30
39
51
73
7
25
84
22
44
58
35
23
37
72
89
50
34
60
76
23
92
90
28
8
50
72
45
19
66
28
11
69
88
7
48
27
93
55
8
76
32
83
92
87
0
32
99
0
0
24
0
1
48
6
31
89
91
33
50
70
82
77
34
11
55
95
72
5
24
89
51
3
49
9
27
73
65
21
74
62
47
52
13
87
69
34
61
5
28
99
14
9
30
92
76
57
78
37
58
1
17
