64
22
55
22
16
6
53
34
39
89
99
0
0
99
99
94
78
29
85
89
30
3
79
99
27
57
71
92
78
24
39
91
62
1
18
41
75
40
17
87
52
71
98
23
80
53
5
95
87
32
27
58
69
64
62
22
79
60
92
4
65
36
30
63
70
49
92
69
12
30
83
91
50
26
3
48
22
35
7
66
71
93
9
35
61
57
99
22
99
9
19
37
36
52
75
86
50
27
8
69
34
72
83
95
56
13
55
70
37
60
82
17
77
69
71
7
30
1
23
40
94
2
75
52
27
94
66
34
73
6
97
13
94
8
30
80
33
78
38
19
63
81
47
90
49
2
68
6
70
19
87
54
96
74
83
71
27
38
59
31
81
11
27
50
69
32
12
49
81
14
35
2
34
67
24
95
50
53
4
89
8
75
24
98
61
3
65
48
99
37
8
48
28
71
90
72
37
60
86
49
46
2
62
90
69
80
93
46
87
90
3
90
21
97
52
6
91
63
80
18
29
58
71
92
46
0
16
99
54
65
37
75
4
17
55
7
91
68
47
27
37
75
1
25
13
92
43
20
75
63
47
46
85
41
44
5
69
45
91
24
69
6
81
29
95
79
41
3
28
16
29
62
71
31
61
24
30
5
7
46
11
49
99
74
18
93
11
73
33
55
9
94
65
57
85
93
46
82
70
52
40
93
87
52
4
51
48
93
22
37
21
16
48
58
42
12
4
78
92
53
37
56
2
99
5
44
89
63
68
25
0
14
23
61
20
97
76
60
80
67
68
65
36
98
82
93
9
83
44
25
11
74
68
83
46
49
26
55
84
94
7
25
98
79
18
60
47
45
25
0
60
79
49
8
36
40
95
74
23
81
99
99
99
0
99
3
46
5
99
38
84
70
22
82
28
44
88
23
4
66
0
74
38
25
22
83
72
68
80
92
16
76
24
10
22
55
85
82
36
13
58
70
86
50
42
23
0
99
99
0
99
35
63
2
24
82
68
32
28
5
25
78
9
95
92
53
20
1
99
83
13
40
57
54
3
88
35
46
16
64
53
29
46
58
76
7
50
17
88
42
89
24
97
64
75
26
8
76
45
32
18
67
39
91
8
45
81
85
75
87
91
8
38
26
65
37
9
93
58
79
95
29
97
45
51
11
51
88
56
28
11
64
93
16
95
92
57
4
84
75
51
1
18
68
32
64
90
49
71
7
7
47
72
0
94
69
51
84
15
46
29
89
61
48
73
57
91
80
39
16
4
71
62
49
11
71
79
5
5
28
43
23
59
99
27
21
66
96
62
83
25
84
39
93
11
53
18
18
23
15
49
26
90
11
69
97
59
66
4
54
94
45
13
68
30
33
57
95
77
10
60
39
99
99
80
61
89
72
27
11
51
90
29
70
9
54
62
54
6
4
5
17
12
13
14
11
34
55
78
91
99
99
99
99
0
85
40
8
40
91
46
64
71
56
27
14
43
70
1
62
11
57
9
34
97
37
85
51
65
45
46
8
84
70
96
16
95
4
20
69
47
86
68
27
97
82
18
32
92
61
54
12
25
46
86
99
99
0
0
99
42
59
8
53
91
8
4
12
66
88
42
76
19
94
59
90
29
49
9
68
98
0
52
43
65
77
33
10
96
55
76
81
34
89
9
51
22
20
42
84
48
96
24
73
4
15
43
38
36
75
95
77
54
8
30
59
3
39
72
65
0
32
99
5
17
86
56
61
25
6
11
58
78
95
36
7
28
98
78
31
79
66
91
57
48
58
23
78
7
40
49
89
17
31
81
38
75
71
52
69
69
46
5
91
23
41
79
54
22
66
33
18
70
90
1
75
51
12
14
34
30
26
73
17
72
89
2
33
23
61
88
35
61
82
40
86
70
10
80
62
65
57
3
96
99
74
92
5
82
63
33
44
87
65
78
14
92
34
53
76
21
23
37
97
7
19
60
65
83
99
11
7
42
15
35
52
45
76
59
14
72
36
94
38
4
52
34
39
29
99
91
28
77
1
42
7
24
99
71
41
48
29
97
67
17
85
68
29
9
50
91
70
49
10
29
32
90
83
28
73
46
6
92
24
70
13
99
28
74
56
44
24
6
91
73
24
53
98
76
0
57
72
87
18
94
43
87
9
26
66
7
42
45
4
12
29
9
41
52
72
80
81
84
57
23
38
90
57
9
49
26
7
89
66
46
73
14
6
80
31
93
69
13
96
35
53
78
30
9
93
30
10
49
69
93
97
10
86
64
73
96
75
18
4
42
29
6
92
47
78
24
40
19
10
57
27
46
82
65
75
98
33
10
82
57
33
72
88
20
58
18
52
64
82
32
59
36
46
71
83
93
0
99
99
0
56
48
26
84
35
37
21
85
69
68
39
19
57
73
91
11
16
27
30
60
99
99
0
99
99
31
58
84
45
74
20
51
68
89
35
60
17
68
86
79
7
48
0
68
89
49
92
23
72
2
21
33
54
1
88
23
50
98
8
68
49
12
19
29
83
71
51
5
29
5
47
2
42
33
27
66
11
44
19
28
89
44
19
70
25
22
58
95
1
78
97
33
45
58
94
39
6
20
68
89
63
25
86
6
43
25
83
44
93
57
15
75
6
80
18
8
65
64
55
70
79
97
8
55
32
16
69
91
95
70
14
2
40
46
73
30
67
7
45
18
0
80
0
0
28
99
36
7
86
55
35
60
3
17
8
76
11
94
56
35
56
29
12
42
76
10
85
21
53
32
14
26
21
28
19
16
36
53
89
70
85
22
60
32
21
4
47
95
72
22
68
57
46
15
47
16
56
95
76
36
11
99
68
66
81
98
23
93
48
76
53
50
47
15
60
31
65
20
92
76
52
27
91
5
71
37
56
69
43
32
28
38
90
24
49
85
10
18
32
81
59
20
1
5
70
6
60
9
79
73
67
99
95
1
49
84
54
35
73
17
16
29
7
24
11
51
58
80
0
81
32
1
52
10
69
0
58
10
78
24
89
42
56
9
54
45
7
26
65
89
3
92
25
71
42
71
89
84
36
96
62
57
3
40
25
98
14
42
52
26
21
33
69
45
11
79
14
72
76
29
43
54
10
83
65
30
94
81
10
49
67
16
93
32
23
94
14
35
85
7
39
57
31
3
13
7
60
25
38
78
40
52
78
19
13
50
43
58
66
3
69
18
59
95
48
25
6
43
64
90
42
55
2
92
25
47
63
32
59
26
94
23
76
1
47
82
21
31
46
66
9
53
91
31
70
16
86
60
41
27
50
94
73
8
28
44
47
58
6
72
15
56
0
66
75
58
81
70
25
17
42
81
86
10
40
89
79
6
21
85
50
17
41
40
31
18
31
82
69
69
13
78
47
19
67
60
80
79
67
63
38
81
53
21
27
69
84
51
27
34
98
14
38
63
86
93
9
53
49
47
54
4
82
97
83
92
21
2
57
51
0
92
44
52
14
42
81
27
75
92
79
24
96
64
49
73
67
52
12
19
66
60
77
71
48
54
96
84
46
43
9
78
70
29
6
32
54
77
93
9
49
6
91
26
73
16
47
35
34
97
54
67
92
80
40
65
43
52
76
11
92
22
3
46
64
52
3
19
6
99
4
11
12
9
71
84
63
33
72
28
27
8
92
47
69
6
99
82
29
58
35
64
29
45
81
42
70
93
79
55
85
79
35
77
83
9
18
0
42
30
0
78
11
71
6
66
76
80
7
11
9
72
49
29
92
52
29
8
92
73
19
78
85
17
5
43
14
95
3
36
56
46
34
25
2
73
50
80
7
65
30
11
9
88
14
25
16
98
77
43
22
63
95
80
39
85
31
73
47
60
74
95
4
25
51
0
99
99
99
0
3
93
97
38
13
72
79
83
12
34
99
85
72
29
10
43
27
10
92
64
91
27
5
37
84
21
50
35
98
31
42
75
63
98
88
8
30
96
55
77
36
29
61
41
56
42
58
76
38
96
21
42
90
4
66
29
1
91
63
65
49
27
7
91
69
46
7
11
83
50
8
30
34
87
15
25
67
14
73
28
0
51
14
90
44
94
59
33
76
8
90
74
11
56
34
97
77
52
8
28
49
67
88
75
12
90
7
14
63
34
58
29
75
63
58
78
41
13
57
72
22
0
32
47
71
36
5
86
17
99
41
5
20
21
31
89
34
0
56
52
90
82
55
76
13
80
63
48
19
24
23
53
22
83
85
88
46
44
58
47
6
61
22
41
82
45
77
61
89
20
78
45
40
27
32
6
43
88
98
71
64
93
31
93
45
31
43
72
20
88
71
21
32
28
73
5
68
54
39
90
84
41
29
27
75
1
18
99
27
44
34
24
38
48
98
96
11
9
50
89
42
82
25
7
95
92
85
95
1
20
31
93
4
72
74
8
49
59
90
13
99
99
8
0
0
82
47
70
78
6
99
99
0
0
0
24
17
94
7
99
81
11
57
33
98
82
59
34
3
46
43
13
28
30
93
57
97
21
25
32
60
19
31
42
46
84
32
93
97
70
16
70
86
52
35
22
0
99
99
99
70
38
49
26
33
56
73
90
34
11
28
99
5
56
82
79
44
46
10
35
92
61
98
54
83
7
27
70
91
48
80
2
3
36
66
73
97
14
56
36
6
84
61
31
90
52
50
10
37
55
43
55
81
2
27
99
93
0
6
0
26
44
0
51
15
6
12
4
48
66
52
86
99
0
46
51
43
3
96
96
5
97
28
82
55
43
16
26
64
71
45
64
76
94
86
11
23
18
86
78
71
12
89
84
24
71
22
46
3
92
25
47
95
75
84
84
66
57
38
75
39
18
9
26
87
79
1
67
86
45
59
80
41
99
28
55
80
8
94
29
97
2
50
62
38
54
19
22
46
13
3
59
82
37
45
39
66
34
92
52
1
87
31
92
99
54
94
90
1
39
59
73
47
23
11
58
66
96
42
33
80
56
0
39
13
99
0
99
99
99
10
48
93
28
71
34
90
15
52
71
44
76
26
42
38
83
94
0
9
70
63
49
8
86
77
41
4
21
5
97
69
49
86
26
6
24
29
90
53
95
25
92
63
89
87
89
26
6
72
49
82
43
9
32
66
80
50
54
65
18
51
45
6
35
91
15
33
76
17
0
42
79
52
19
84
99
99
49
0
99
1
64
27
35
45
49
90
19
80
46
78
28
5
6
78
82
34
64
68
44
26
46
69
6
89
34
16
12
0
89
80
98
10
34
58
95
31
44
12
58
43
68
17
1
91
81
89
58
17
55
31
97
75
53
8
26
77
56
35
16
91
90
31
34
37
28
36
40
68
11
35
11
83
99
58
19
97
64
32
24
26
11
33
86
51
97
29
52
84
68
1
84
55
70
95
13
93
20
58
73
69
90
25
47
7
93
75
58
29
60
69
31
10
48
94
15
4
94
65
31
39
51
72
6
25
83
21
44
57
35
22
46
77
90
50
45
61
80
28
96
88
38
6
50
72
0
0
0
0
0
63
84
36
56
41
91
69
6
78
28
83
91
51
8
60
0
0
0
0
0
0
38
7
31
74
96
8
29
51
76
49
31
11
69
89
70
5
26
91
48
5
53
9
38
74
68
22
75
61
51
48
7
91
65
31
41
6
16
87
11
9
31
90
72
50
61
40
52
15
24
