59
53
0
77
27
77
6
32
93
61
18
41
24
64
46
72
94
18
24
11
95
17
4
99
40
22
77
49
67
87
44
1
54
51
57
75
37
78
93
87
50
0
72
18
81
70
41
62
45
0
37
67
16
32
5
60
39
82
76
94
38
0
72
93
50
17
85
10
7
99
10
28
35
25
95
55
94
15
11
65
71
49
93
5
84
17
81
75
24
0
0
12
33
37
87
82
14
75
40
86
47
42
18
25
0
59
95
33
50
78
28
82
44
13
11
78
10
98
26
73
4
33
0
17
39
40
81
45
49
99
26
6
62
68
85
16
33
61
69
54
66
0
84
90
87
73
16
8
14
93
17
34
83
91
24
18
79
1
3
99
99
21
89
92
86
61
84
92
68
52
31
80
75
0
35
29
80
75
82
0
1
82
40
75
93
83
61
50
28
68
43
70
64
46
78
84
54
4
0
24
39
7
92
86
70
38
77
94
86
83
41
59
54
85
16
16
0
63
82
67
30
48
43
34
37
71
17
63
78
24
44
8
32
83
71
8
99
12
18
47
0
13
93
11
4
76
83
90
78
73
71
64
6
15
77
81
10
44
26
75
12
50
59
42
45
4
59
54
37
97
63
67
82
27
76
82
99
4
17
44
18
24
95
54
99
25
20
99
72
49
49
16
43
28
58
48
83
90
88
33
72
6
14
60
79
99
55
9
82
26
27
93
41
46
77
16
73
79
60
44
99
58
28
77
45
80
76
33
61
97
51
7
70
65
22
10
78
99
33
12
49
18
24
41
5
36
15
6
0
10
0
49
77
11
16
72
89
92
65
50
45
11
38
72
32
14
84
90
7
33
4
62
77
96
38
80
29
36
76
0
45
11
99
88
43
6
13
61
71
30
99
40
46
62
6
50
37
31
71
65
55
38
12
10
0
92
74
88
79
56
97
28
34
37
20
38
60
71
54
28
81
50
59
26
76
22
44
47
99
0
38
62
69
29
11
26
47
43
99
49
99
55
82
22
39
6
65
72
89
0
15
93
85
8
99
78
6
27
12
9
71
99
5
1
28
55
70
27
88
41
37
99
59
53
79
0
99
40
45
56
94
48
41
16
67
70
88
38
99
5
5
27
21
51
99
9
78
28
47
43
60
27
54
72
17
82
5
74
43
94
73
24
21
79
98
82
38
72
77
27
59
28
53
4
20
28
99
59
53
35
16
10
34
63
4
94
33
60
87
72
71
51
28
56
63
28
67
35
65
59
73
30
78
11
34
38
92
0
83
89
92
59
54
86
49
15
81
9
58
96
67
97
54
10
63
73
79
22
6
96
37
32
6
50
16
93
62
69
49
16
49
29
34
11
42
16
58
9
54
50
94
39
63
0
2
29
4
82
35
32
34
99
83
21
3
8
56
52
59
80
35
24
0
2
55
94
4
99
0
88
88
37
19
72
80
76
92
87
97
28
20
61
67
71
0
83
11
90
6
61
40
93
46
11
2
6
39
14
49
30
60
95
99
38
73
14
84
90
38
31
83
90
39
77
66
72
19
81
25
65
61
22
12
15
10
77
0
99
28
5
76
50
32
57
5
15
51
58
9
55
8
13
95
55
70
55
96
6
25
0
81
5
16
39
99
8
49
12
41
73
23
20
0
83
46
88
37
62
0
67
72
55
95
4
21
49
72
16
8
80
39
83
12
99
44
72
43
50
3
0
7
49
42
60
13
50
87
58
55
28
33
92
87
61
44
26
74
21
79
17
99
11
39
64
46
17
51
56
25
85
63
99
67
61
89
28
96
38
99
20
51
58
17
27
0
77
36
16
59
32
8
26
12
22
41
71
94
10
64
99
48
18
4
27
83
82
21
61
27
19
94
4
34
65
0
93
59
77
15
85
62
69
40
54
48
73
88
52
56
7
60
27
88
35
33
61
30
87
36
69
4
87
61
49
39
60
28
35
50
93
60
16
53
38
31
88
5
0
61
50
63
11
67
21
7
59
16
43
99
74
5
22
25
20
37
4
89
63
79
70
99
3
13
78
66
65
78
73
89
27
94
60
99
12
15
10
16
95
99
36
83
99
23
55
91
63
28
35
19
23
75
95
18
78
73
60
43
48
5
41
72
41
47
25
89
63
27
18
66
93
73
7
99
78
75
48
42
59
5
29
5
46
42
40
48
60
38
29
45
54
38
69
30
0
87
27
0
3
60
53
23
16
8
82
76
81
51
18
24
0
73
79
33
66
55
82
6
76
14
51
52
91
87
56
95
18
23
37
31
10
31
76
89
34
87
19
73
78
92
55
30
35
10
93
37
66
55
78
4
33
51
67
95
56
4
64
6
13
3
67
8
12
44
62
26
67
7
13
64
39
38
30
93
47
85
28
73
78
33
81
97
37
30
73
79
59
93
84
53
99
95
44
18
99
4
16
94
8
23
11
28
94
85
88
99
28
36
19
23
16
70
51
56
28
87
67
60
52
55
4
84
90
5
37
76
99
19
82
48
4
4
48
0
26
70
80
65
60
52
77
49
30
43
33
60
40
69
99
65
47
17
33
61
8
24
4
66
27
76
73
61
83
90
92
75
18
94
52
56
72
23
99
68
65
5
28
82
16
44
95
50
0
3
72
33
70
99
33
46
23
22
70
65
53
56
23
81
75
15
9
85
25
0
11
49
66
47
83
99
0
0
29
34
71
55
88
29
35
6
50
97
73
99
23
20
93
27
84
21
99
37
32
19
86
23
0
43
46
23
86
14
98
0
9
6
67
21
50
65
0
28
35
32
0
92
93
43
0
45
22
19
23
34
0
69
81
60
38
76
0
62
93
4
0
85
40
45
1
33
59
70
49
65
40
56
20
98
38
31
72
81
76
27
61
14
8
55
89
38
27
2
44
0
87
90
21
39
2
0
95
39
61
69
54
26
60
27
18
48
43
93
88
11
71
38
1
51
57
3
99
82
24
21
51
10
33
55
10
99
81
79
75
15
38
95
59
53
66
15
82
85
0
89
43
55
49
18
23
4
39
28
85
90
66
6
77
49
42
27
20
3
33
27
49
78
10
23
6
13
0
33
44
18
65
99
16
49
43
61
68
72
99
82
16
43
18
24
0
56
15
18
84
91
25
88
88
27
49
62
67
50
39
82
58
17
81
30
75
12
95
41
89
7
72
80
57
92
45
33
78
21
88
0
55
37
6
44
94
0
55
11
92
87
89
7
70
43
62
46
97
22
50
58
41
99
83
60
90
88
4
1
21
28
84
35
49
3
43
0
27
71
4
63
66
38
92
66
28
10
84
61
38
67
64
69
7
12
39
59
10
71
14
63
38
84
37
55
99
4
15
83
99
39
45
48
15
81
50
76
79
72
82
37
64
76
0
57
43
12
17
49
66
1
58
56
59
17
53
27
90
39
60
45
54
29
50
28
37
88
11
38
61
69
31
54
19
88
57
23
0
87
0
95
12
61
7
94
12
99
83
51
71
56
79
81
29
94
34
48
71
86
33
14
66
62
83
0
3
89
99
84
61
91
49
67
45
32
39
48
66
32
38
49
59
30
38
89
84
92
59
99
26
21
18
7
22
44
84
89
52
38
92
86
96
99
95
0
25
21
12
62
38
30
68
12
5
48
92
86
13
58
44
53
29
94
16
38
32
6
48
52
57
13
49
32
0
91
73
5
33
62
37
67
31
6
93
48
16
9
70
80
58
76
33
52
18
24
99
66
9
50
89
59
55
26
74
78
89
0
16
71
36
53
65
61
82
38
74
77
49
6
39
13
98
0
88
40
58
49
10
37
32
16
93
88
6
39
14
0
49
83
28
99
12
6
16
81
6
48
11
27
45
21
5
36
49
71
64
79
40
61
19
24
83
51
28
11
6
55
93
41
82
45
99
0
29
40
72
0
79
39
15
9
46
42
44
62
67
34
77
70
40
0
64
11
83
17
24
5
30
16
44
66
88
70
19
24
61
70
66
56
51
58
49
68
27
38
58
21
10
39
99
66
82
17
37
94
99
6
83
39
18
23
99
48
45
32
82
4
55
99
70
12
63
66
0
84
99
90
93
22
32
29
35
60
33
60
53
62
11
40
58
12
50
0
1
46
43
41
27
84
17
91
25
82
17
34
66
32
37
27
21
4
55
52
35
82
21
63
67
72
52
56
82
65
42
78
55
65
62
95
28
35
99
72
50
57
71
43
82
47
42
70
64
49
88
49
28
0
67
86
22
68
49
96
70
4
18
62
83
61
93
85
88
48
94
59
84
54
25
5
39
87
89
95
99
83
72
91
6
73
78
81
17
70
40
80
55
76
46
0
2
33
16
83
92
50
87
57
76
38
15
30
33
48
73
54
57
15
0
28
5
88
99
78
98
77
67
70
64
68
99
61
66
12
71
61
36
94
32
5
95
13
0
81
6
61
22
31
51
18
23
99
73
35
80
44
34
16
55
6
93
85
33
89
73
94
99
43
78
29
73
36
99
2
48
42
15
73
0
82
39
47
32
0
82
75
26
19
90
93
40
45
85
26
93
87
27
51
11
72
0
33
95
3
16
26
0
8
11
73
78
0
92
15
5
30
93
87
78
47
28
4
34
40
94
42
16
55
60
82
30
33
43
40
24
10
61
21
68
44
71
64
66
78
45
42
15
9
11
62
26
68
18
48
22
8
32
47
14
50
29
34
59
16
49
17
25
41
7
37
60
77
53
32
59
50
6
94
68
16
50
7
25
61
93
5
84
55
14
28
81
14
60
33
82
44
99
25
12
27
6
20
72
79
56
50
59
44
6
77
34
31
37
97
30
7
34
66
99
50
88
5
0
67
66
17
47
43
93
62
67
6
12
34
31
48
43
71
96
35
69
93
16
10
66
55
6
1
22
94
66
8
13
45
12
59
53
80
9
72
79
29
35
64
98
96
17
23
72
92
75
88
79
44
29
36
62
69
71
87
98
7
66
38
17
80
75
84
26
21
83
99
59
53
52
71
34
28
99
16
72
79
81
33
16
55
95
5
0
94
87
27
19
82
10
23
77
40
16
98
66
30
76
73
36
93
86
99
2
90
12
46
0
70
50
82
57
11
96
66
92
87
50
75
38
55
32
35
65
27
94
18
61
87
54
72
56
79
63
29
59
52
35
16
39
1
28
42
66
6
39
47
13
0
37
99
7
51
73
75
90
87
0
12
7
50
58
12
55
73
16
33
49
45
86
90
27
92
61
49
6
15
11
0
18
96
23
38
5
86
89
6
12
83
14
82
39
99
75
50
17
25
93
42
88
44
3
14
7
22
86
68
55
47
82
63
67
77
39
59
16
79
26
22
26
81
76
67
55
0
66
56
59
53
4
52
57
0
31
49
66
58
55
93
60
44
52
55
15
17
0
23
27
88
61
85
93
88
99
38
81
30
44
55
4
59
52
70
65
72
94
21
87
40
72
38
79
65
31
62
44
18
23
83
17
81
74
25
6
27
49
43
66
20
40
45
71
61
83
61
80
44
27
68
59
53
8
71
38
98
71
61
37
31
72
50
10
25
81
33
18
24
0
44
33
52
56
72
89
72
99
8
79
44
19
39
71
48
23
5
88
60
0
16
22
83
90
76
0
60
15
52
8
77
11
6
26
99
19
24
87
92
6
85
72
94
48
43
46
40
91
0
45
49
85
4
89
60
27
