79
60
65
99
69
93
99
70
30
67
99
96
99
90
89
99
60
98
99
90
95
40
99
37
75
99
96
90
49
67
99
90
25
93
53
8
99
90
87
84
60
77
99
90
91
65
85
60
90
99
67
99
60
79
90
99
83
99
90
91
99
75
90
99
90
86
99
90
91
99
90
83
99
90
93
79
75
82
93
75
69
82
99
75
86
99
90
68
75
39
99
94
90
60
67
83
90
99
86
99
15
83
86
21
81
68
95
75
99
75
83
99
75
95
90
77
51
75
99
64
95
37
69
60
59
76
95
45
79
90
77
75
85
60
81
99
60
97
83
60
58
99
75
83
88
99
78
81
99
98
99
70
93
37
55
74
99
60
30
90
78
77
95
75
99
45
90
83
99
38
56
83
84
99
86
60
80
99
90
88
60
75
90
92
83
47
99
80
75
68
60
83
90
67
60
99
90
83
65
99
90
84
85
99
99
90
94
99
90
97
83
99
90
90
99
92
48
83
60
75
99
78
99
60
83
99
80
45
90
99
83
83
99
90
85
99
96
99
11
75
90
75
83
93
75
99
99
45
60
99
90
83
81
68
92
99
75
83
99
60
75
99
90
91
85
99
90
81
99
96
99
75
98
90
60
75
82
99
97
99
67
75
79
99
96
83
99
90
99
75
76
75
90
64
90
78
15
99
75
83
90
60
83
83
99
96
99
92
80
99
49
84
99
60
90
75
90
39
86
81
99
99
90
75
93
30
56
99
90
60
92
52
79
84
75
90
84
99
94
60
45
90
90
99
72
90
75
99
75
67
76
99
80
67
99
37
96
82
54
51
75
99
90
99
90
83
83
54
87
99
90
83
93
82
99
90
37
83
81
99
96
99
83
69
99
51
75
93
60
87
86
99
90
99
95
80
99
77
95
66
42
86
90
78
99
75
45
99
63
90
47
99
90
88
99
83
67
75
69
67
84
99
90
80
45
69
90
60
85
90
67
83
99
41
90
75
67
91
99
67
77
90
83
75
99
79
67
88
90
75
75
90
60
99
75
95
90
37
75
99
67
98
99
96
78
99
90
83
99
60
90
99
52
75
93
15
67
66
51
75
99
90
83
99
80
67
68
99
90
75
99
97
75
90
83
90
99
83
67
90
99
75
90
76
68
90
78
78
65
99
99
90
53
82
93
75
99
90
93
99
90
51
99
90
94
86
37
8
99
83
93
99
75
67
90
99
94
90
64
99
99
82
75
85
90
75
60
37
57
99
90
86
99
90
91
99
52
90
99
67
75
99
39
90
90
99
75
75
99
97
81
60
69
75
90
60
90
69
86
45
75
84
90
69
62
99
84
45
99
90
37
84
86
99
75
99
76
92
67
79
99
67
83
99
90
50
60
62
58
90
67
85
60
78
67
99
90
92
86
99
90
90
63
99
99
90
92
75
90
60
92
75
45
99
90
97
99
60
98
99
60
83
75
37
99
99
63
77
99
67
60
90
86
52
99
94
77
90
87
99
99
75
97
75
45
53
60
75
78
75
69
67
99
75
30
99
94
81
90
75
67
81
60
99
99
75
97
90
45
86
99
75
83
90
75
83
90
75
83
90
99
91
99
71
90
99
93
96
99
90
89
99
90
60
99
67
75
99
90
45
99
54
90
90
67
50
90
99
37
99
90
89
83
90
75
82
75
81
79
75
80
99
83
67
99
90
92
90
67
86
99
60
77
83
75
99
75
99
97
90
89
99
90
75
83
99
90
89
99
32
8
82
99
90
90
45
99
75
99
60
80
99
96
80
99
75
90
30
99
99
90
86
99
90
67
69
75
90
52
99
96
99
67
54
99
84
95
99
78
60
90
75
91
84
82
99
99
69
90
90
99
75
45
67
99
90
75
85
60
99
98
82
99
97
96
75
99
90
99
67
82
60
90
81
70
75
90
75
99
99
90
88
99
90
8
99
83
39
99
67
83
99
90
89
84
99
81
99
77
37
99
67
97
90
99
67
99
90
62
90
75
99
99
90
95
66
99
94
99
90
98
99
75
96
99
85
98
60
57
99
99
62
90
99
83
40
86
75
99
68
94
78
90
67
83
93
50
85
66
90
82
75
99
96
90
67
83
79
99
75
81
63
60
90
67
85
99
90
88
99
90
67
90
75
83
99
90
69
82
75
54
75
67
90
85
86
99
90
99
75
99
56
81
45
99
97
99
67
83
99
82
98
75
67
30
99
80
70
82
99
90
90
99
77
99
90
69
75
71
60
99
91
97
93
84
99
81
99
93
99
25
80
99
67
8
99
84
96
99
94
75
75
52
37
75
90
73
79
99
93
90
62
81
82
55
99
99
90
96
99
90
75
94
78
66
94
65
99
79
99
56
99
90
58
99
93
80
87
99
75
37
11
90
99
75
15
99
90
88
80
60
53
85
99
90
99
82
67
60
99
90
99
75
96
99
75
96
99
93
90
99
90
67
93
49
99
99
90
91
95
45
99
75
99
60
75
99
96
90
81
75
82
99
95
84
99
90
99
84
62
99
63
78
99
75
83
99
75
49
81
60
70
99
95
78
99
15
96
90
75
60
99
67
37
99
75
60
84
51
75
99
60
81
81
99
75
99
67
97
75
99
96
90
60
83
99
90
97
99
62
30
82
15
99
99
90
67
99
90
91
99
82
98
66
99
82
99
94
75
75
86
79
99
90
67
65
56
99
60
99
96
99
75
48
84
99
96
99
77
15
99
62
45
75
90
67
90
99
77
90
99
98
90
67
85
83
72
87
99
90
94
99
95
75
81
99
93
99
90
92
92
70
99
90
15
85
99
90
89
95
45
78
99
90
97
60
67
83
99
77
95
99
60
8
99
81
67
99
32
84
75
99
90
81
75
80
99
90
67
99
82
68
99
62
75
99
90
62
90
68
99
99
90
86
75
80
90
90
99
70
99
84
96
90
67
45
99
56
75
99
78
45
99
81
97
99
82
52
99
90
55
99
75
83
94
60
81
70
75
90
99
90
64
82
99
24
99
90
75
99
90
94
90
99
87
99
90
92
90
84
75
99
39
67
99
69
67
99
98
90
75
67
83
99
75
83
99
90
93
83
52
90
99
90
69
90
79
78
81
99
93
99
90
52
90
30
83
99
90
88
60
90
57
99
82
67
99
77
96
99
67
90
90
67
83
99
75
97
90
48
99
75
67
90
75
99
90
90
99
83
30
99
97
99
90
67
99
90
75
82
70
85
99
90
83
54
99
90
90
75
30
82
90
60
99
75
69
83
67
90
99
50
67
90
75
83
99
90
98
90
75
99
90
60
49
69
99
94
90
78
60
65
99
96
95
75
57
86
83
99
99
90
98
99
90
75
90
99
81
99
90
70
45
30
60
99
64
75
90
75
99
99
90
93
90
67
83
99
90
93
