5
81
75
16
84
27
88
66
5
99
60
29
4
0
82
82
99
76
70
62
4
84
0
44
54
94
18
24
59
44
49
69
99
39
0
77
41
45
49
99
72
80
26
64
67
59
82
51
0
94
15
78
72
80
70
25
82
61
0
3
38
77
0
30
45
94
84
12
63
45
62
80
67
0
28
68
39
47
93
64
81
66
74
44
7
70
64
40
48
61
87
27
20
57
51
84
40
91
45
54
34
84
0
3
52
84
1
90
3
55
99
28
17
56
53
50
76
58
79
88
81
74
3
51
0
99
61
67
71
35
81
76
45
43
39
17
83
92
88
55
0
83
72
90
77
95
60
0
68
23
91
59
53
72
22
50
99
32
42
44
83
12
61
67
59
0
99
3
30
6
22
80
11
43
32
54
70
66
5
23
40
93
84
88
25
3
38
99
73
58
85
89
99
41
22
83
18
24
89
99
94
39
62
5
99
35
32
61
18
86
73
4
45
87
90
79
62
69
42
45
40
83
47
90
72
60
99
53
8
51
73
93
16
58
83
71
19
99
23
81
88
26
0
21
15
40
91
66
86
0
73
23
80
0
60
84
29
35
99
61
30
49
5
43
83
0
76
3
92
87
60
81
76
22
51
61
77
44
93
85
53
88
67
56
70
72
13
79
53
8
71
43
93
47
88
49
98
96
43
28
82
60
51
92
88
33
50
57
55
4
95
17
23
57
99
73
29
35
51
57
72
1
26
99
44
88
49
27
19
35
93
70
29
0
34
80
99
65
68
39
49
12
0
75
94
60
99
17
25
10
71
64
99
62
49
40
99
59
53
15
73
48
80
38
77
73
79
76
11
81
39
99
59
86
32
92
87
73
59
26
84
53
56
23
89
84
49
91
87
27
71
28
64
77
99
84
63
90
0
38
88
68
5
29
99
5
33
30
61
28
32
99
83
35
3
0
88
62
78
20
58
26
17
82
23
99
85
61
68
64
88
17
23
20
35
48
43
72
5
80
60
81
76
22
12
82
40
74
46
0
95
99
85
0
2
72
48
41
88
99
6
88
72
3
99
97
63
67
75
99
74
78
41
45
81
16
93
49
73
78
39
8
13
49
95
92
86
66
89
18
63
77
68
88
27
4
37
84
32
0
83
7
13
16
67
28
99
71
64
76
34
83
22
11
59
80
76
61
94
68
71
93
0
33
87
66
17
23
38
88
38
17
23
61
27
82
11
76
60
48
51
85
93
7
13
39
72
82
60
77
11
49
99
72
4
81
73
17
99
25
16
99
10
61
68
92
39
77
48
44
95
72
79
11
39
98
59
96
4
83
69
94
85
24
88
64
81
77
3
68
3
84
56
33
22
98
43
56
16
50
22
77
87
6
92
61
93
86
44
7
82
60
53
76
72
55
65
62
6
22
92
39
46
85
32
92
87
73
77
84
51
84
91
71
17
95
50
72
57
78
95
68
64
28
34
99
73
80
39
77
51
67
34
60
85
71
92
87
42
60
77
94
99
88
29
50
76
79
84
92
6
44
25
19
23
60
51
28
55
44
61
17
23
78
27
48
88
22
5
78
99
84
90
93
19
76
95
73
79
71
92
19
78
1
76
30
48
34
99
79
98
96
55
81
22
63
84
92
68
88
92
43
59
87
46
44
15
54
69
98
80
64
67
77
48
61
99
69
7
67
62
27
99
20
23
92
87
23
20
84
94
49
42
99
5
67
96
51
4
28
88
99
38
78
72
27
56
53
95
44
91
74
21
50
1
94
68
49
33
8
37
55
77
32
12
51
94
56
30
67
50
76
15
90
40
52
72
27
20
65
71
39
93
0
25
0
34
62
88
69
97
61
50
81
76
17
64
93
87
81
28
82
74
77
0
37
93
86
96
99
94
28
63
84
34
42
60
99
53
62
5
69
62
84
90
18
79
99
23
76
78
18
99
38
25
89
83
61
19
24
55
70
63
45
39
32
49
43
28
98
55
19
67
63
93
62
16
9
96
24
17
99
43
58
89
39
81
75
96
55
75
78
92
88
5
98
72
80
69
96
92
40
46
84
59
77
7
99
36
56
58
40
54
52
99
78
65
75
50
22
60
38
91
87
30
89
71
79
65
41
73
79
0
26
71
0
3
69
18
5
93
86
41
45
67
77
27
44
19
5
0
69
65
40
60
22
40
61
45
42
93
85
61
88
38
72
5
16
0
99
76
87
96
23
4
88
70
40
46
16
84
54
29
67
64
34
99
62
84
91
11
87
66
94
47
58
84
91
5
54
6
73
13
0
16
84
0
99
91
88
96
51
57
99
54
99
73
54
34
82
94
71
21
97
99
95
0
39
62
99
73
89
87
77
43
71
27
0
21
39
0
40
72
80
99
63
85
67
92
23
51
58
32
6
12
17
0
31
86
99
66
18
23
99
83
85
0
3
99
90
93
71
4
0
19
60
77
36
0
32
55
82
74
85
45
62
4
93
0
69
37
60
53
32
70
67
17
85
24
14
67
37
15
32
99
45
3
26
94
40
65
87
30
89
99
7
83
51
56
66
90
76
86
0
3
59
80
99
0
76
87
63
97
6
67
38
17
5
71
94
18
72
81
25
3
91
49
88
16
66
28
83
35
32
0
48
82
42
45
73
95
72
12
46
5
68
48
41
64
70
30
50
56
72
99
90
87
70
63
33
70
49
40
99
44
0
19
24
99
12
40
65
83
71
22
28
82
71
0
36
41
87
90
61
99
94
52
57
34
31
23
55
6
93
21
38
72
31
49
83
44
73
98
0
54
99
4
27
18
36
20
86
53
56
68
93
39
85
46
99
85
50
91
88
59
83
90
76
71
97
4
92
86
99
0
61
67
71
28
52
28
71
64
78
74
82
49
75
77
58
84
60
53
99
91
0
93
68
51
88
55
5
65
62
82
15
99
36
61
67
71
28
91
87
93
48
94
99
88
17
17
62
68
25
99
75
88
44
16
28
77
94
99
66
88
28
51
57
78
75
33
44
97
99
22
81
41
76
51
56
91
70
63
87
76
51
56
88
33
99
84
56
38
0
95
95
48
22
66
0
99
89
56
77
22
75
91
14
87
9
65
78
95
70
27
72
7
79
13
82
49
16
8
91
87
8
12
93
26
86
66
82
74
99
55
76
88
99
34
28
54
82
75
58
90
69
65
27
50
55
3
71
61
81
77
84
40
47
18
22
6
27
21
56
38
66
85
51
27
0
99
59
53
0
56
88
0
78
66
26
6
70
64
14
72
93
50
76
86
56
40
83
0
48
99
94
87
83
52
99
68
62
40
45
4
93
87
90
73
28
85
61
10
23
19
12
9
88
72
53
91
87
48
96
44
6
71
36
32
55
67
99
56
53
59
35
88
3
12
17
49
82
42
44
99
96
66
37
32
56
14
61
68
73
54
28
83
90
75
93
66
92
26
82
42
92
28
38
33
60
61
0
72
79
66
94
29
86
51
56
50
29
67
60
87
27
71
62
66
88
88
99
62
78
73
73
79
20
51
99
99
34
18
32
60
85
89
56
99
82
59
28
37
85
33
89
71
64
78
85
67
89
17
24
49
60
54
57
39
45
96
43
56
99
29
69
93
86
63
99
63
82
99
67
37
59
52
7
95
99
88
62
73
99
28
62
94
41
71
45
88
70
62
37
30
81
49
17
24
61
99
33
50
83
59
27
95
19
34
51
82
17
75
8
91
6
12
99
30
89
55
45
12
65
62
74
81
51
18
57
77
20
24
51
56
44
94
10
99
83
87
41
45
89
61
22
84
56
13
4
82
31
62
67
44
95
33
61
71
99
50
81
75
59
77
95
59
54
22
5
76
89
78
86
5
95
16
28
9
99
62
67
16
80
99
50
99
56
68
88
38
95
31
99
28
0
99
44
26
5
71
25
90
62
81
28
70
5
84
61
54
72
51
57
24
69
65
0
53
61
38
70
64
80
28
28
70
63
84
92
99
12
22
35
5
48
97
43
99
51
69
0
64
66
30
60
27
19
51
30
74
88
25
99
79
4
85
89
44
54
56
51
59
49
77
92
85
5
69
39
72
90
51
56
4
72
82
76
90
54
28
99
34
23
49
82
49
75
92
60
76
26
79
21
44
88
32
78
73
82
82
50
75
39
60
92
86
94
60
24
99
39
46
21
27
38
69
32
49
17
15
99
9
89
34
61
81
68
53
99
83
66
91
28
37
16
96
9
6
66
98
55
27
96
65
17
88
36
23
78
59
83
2
74
0
82
38
75
86
99
19
46
42
24
66
81
29
76
65
47
39
73
5
49
96
54
98
16
10
77
5
60
88
28
18
51
82
97
99
5
62
67
83
99
91
54
57
72
51
95
73
78
88
39
48
39
80
6
13
99
71
40
47
32
64
89
87
72
92
50
62
90
70
87
37
74
93
87
99
81
26
62
69
66
49
81
49
62
67
77
56
84
90
43
26
97
60
22
6
45
60
99
28
11
77
43
56
52
58
50
16
95
9
13
0
95
19
99
24
56
65
67
62
79
45
86
33
4
22
60
87
95
60
53
55
71
26
20
65
62
50
4
0
66
15
73
90
86
15
8
33
88
3
99
78
55
83
39
65
89
82
75
51
57
99
82
49
26
95
71
92
76
83
17
26
98
37
30
70
0
5
83
90
93
73
93
87
96
22
73
48
83
90
99
79
44
17
82
26
9
94
0
59
53
86
73
54
57
79
34
18
99
50
74
57
65
81
43
46
48
17
71
5
26
62
33
71
64
68
52
62
67
17
28
50
99
49
40
18
24
29
60
99
3
33
27
93
85
99
0
79
63
74
22
0
70
96
65
99
11
15
83
90
10
12
0
41
65
45
48
58
41
45
54
94
93
28
35
10
69
99
2
13
89
92
99
84
91
88
50
51
57
82
48
20
69
65
58
54
61
17
86
23
33
42
2
93
66
87
56
26
70
59
0
3
83
99
91
88
62
99
62
16
28
9
93
84
37
99
62
84
90
28
50
58
72
53
34
88
80
88
71
27
80
44
84
89
28
76
99
94
7
99
76
85
18
71
65
50
58
6
37
72
94
30
50
7
14
99
11
99
51
57
4
89
43
82
54
57
28
99
66
41
18
3
99
82
67
55
18
48
77
99
43
31
93
70
33
64
43
93
84
61
68
99
40
61
68
54
66
37
90
0
77
61
16
62
68
53
99
94
61
16
48
65
76
89
0
92
73
91
72
38
54
58
49
41
44
81
74
62
99
67
33
77
49
83
92
42
73
92
61
70
87
54
47
95
33
17
87
88
49
42
78
99
95
17
33
47
76
48
83
91
42
10
84
90
48
43
8
85
43
49
99
21
73
44
99
79
22
92
88
78
81
66
71
39
92
64
48
92
12
0
33
8
69
22
13
39
4
84
11
62
89
66
72
88
16
33
99
4
81
75
94
18
94
67
33
13
0
5
51
57
77
0
58
18
23
44
84
71
50
88
80
65
3
88
99
57
52
38
84
92
27
20
71
90
87
54
56
6
28
35
85
89
28
91
86
60
37
66
85
90
17
24
90
44
77
60
52
5
83
0
11
99
11
91
62
68
28
72
7
14
80
99
50
71
17
24
5
29
94
34
0
98
73
95
78
0
99
29
92
86
34
70
83
99
61
91
88
55
84
91
88
71
16
82
74
89
99
