50
99
70
61
67
95
37
87
84
32
98
96
19
86
93
60
84
91
88
77
60
99
77
88
15
70
39
88
62
46
44
99
1
84
28
99
38
61
70
88
84
99
91
4
82
70
43
63
96
66
87
99
66
91
16
88
77
59
40
99
73
99
83
91
88
81
99
74
86
91
87
99
91
94
72
86
89
99
28
72
71
98
96
85
48
93
87
71
82
63
99
88
61
68
55
99
89
72
82
12
47
76
42
99
79
99
38
72
79
75
28
99
77
88
61
75
88
99
79
82
99
74
89
84
93
84
89
91
99
72
26
99
40
7
65
83
99
66
16
7
99
84
0
89
92
99
84
90
63
93
17
94
34
24
6
72
78
37
65
92
71
18
24
93
99
99
89
85
93
82
99
82
91
88
77
99
80
66
39
29
95
99
89
17
26
93
50
72
79
76
97
44
63
68
65
87
99
91
94
85
71
92
87
90
78
81
99
75
17
58
84
89
98
74
99
85
99
17
2
61
67
98
96
85
49
62
93
67
82
99
50
94
99
57
88
89
87
82
59
92
99
88
13
11
0
26
98
96
99
88
61
93
84
99
68
73
96
11
78
27
93
85
40
99
45
0
99
39
3
68
75
95
99
36
82
95
99
83
90
87
88
24
99
19
73
77
99
58
54
88
49
84
90
42
80
96
72
79
76
81
83
99
91
8
14
7
79
99
74
13
83
90
75
72
92
83
89
92
86
99
98
70
64
62
67
73
95
99
89
17
76
79
94
99
82
90
72
79
69
64
49
96
39
99
82
62
97
99
38
14
99
85
90
93
87
82
99
61
76
73
76
88
99
71
41
93
87
84
71
90
99
71
5
55
44
58
95
16
81
7
99
89
84
29
60
94
71
99
89
62
93
42
46
84
88
60
87
91
84
53
99
88
30
73
80
96
99
70
89
86
60
95
79
76
99
83
93
88
99
40
74
96
79
77
55
18
97
99
41
25
99
89
62
38
83
77
87
99
28
91
5
99
78
74
80
72
98
79
96
65
88
71
99
79
76
26
88
70
99
61
72
97
63
66
77
40
98
45
27
96
88
99
64
71
66
99
60
82
54
62
99
55
17
83
91
94
99
86
67
64
99
43
68
8
88
10
83
27
66
58
61
94
6
67
46
60
88
54
71
99
84
22
90
87
82
86
99
90
93
84
82
75
99
91
72
93
86
50
66
58
93
84
88
63
78
74
99
79
31
35
84
89
82
91
78
72
78
86
90
64
99
66
77
56
38
99
15
8
39
89
87
99
83
60
16
88
99
59
54
73
89
64
82
73
86
78
97
99
61
69
88
99
37
74
30
93
85
62
99
67
86
99
90
44
29
87
99
91
84
54
85
89
94
74
77
28
96
99
88
67
37
99
75
79
30
6
99
77
14
88
99
85
90
93
38
28
94
99
88
3
84
91
77
66
37
61
94
85
99
69
26
97
19
62
74
39
10
77
27
17
40
88
99
77
44
95
99
88
61
50
89
72
78
81
75
95
99
77
88
63
94
60
99
53
21
96
99
83
91
90
88
99
61
78
71
99
17
65
68
71
71
86
98
96
54
92
84
88
74
79
88
8
78
39
45
89
74
78
72
93
73
95
99
78
82
72
49
39
10
95
99
85
27
60
52
83
99
91
62
80
71
95
65
52
99
76
88
11
28
48
99
85
50
57
16
71
98
96
83
61
93
87
52
56
67
50
56
93
66
16
88
66
99
37
77
99
89
92
75
86
88
99
71
62
80
83
90
76
99
78
82
99
38
62
30
73
99
80
77
89
98
96
17
55
26
99
83
29
70
35
85
26
21
6
55
99
87
6
91
94
49
96
99
20
86
60
78
99
73
80
76
96
99
89
86
99
84
89
92
56
59
41
54
45
99
99
17
81
76
73
94
77
99
60
29
99
32
66
89
85
95
84
60
91
87
51
99
4
73
79
42
83
99
45
2
61
95
70
50
88
97
99
83
8
90
72
94
89
86
96
96
99
26
88
21
4
99
82
75
78
86
99
61
68
70
99
73
79
65
63
28
85
89
91
94
88
99
77
28
9
91
87
83
75
77
60
81
76
52
72
50
94
99
85
90
85
89
41
93
61
82
74
91
77
49
99
78
74
81
72
70
10
28
93
86
92
86
62
6
69
95
39
46
43
87
88
99
77
31
36
39
97
99
88
16
72
99
83
77
27
83
92
88
7
99
99
88
40
47
27
99
77
55
88
17
82
99
7
70
65
83
99
91
86
66
88
21
99
23
34
93
84
88
77
99
93
84
88
99
78
36
88
78
73
82
99
71
49
84
91
99
28
51
77
56
72
89
92
86
77
94
72
64
78
85
61
88
71
66
99
99
38
29
72
49
28
82
76
65
62
70
37
88
63
99
94
71
99
89
65
89
74
93
84
99
88
70
64
17
99
72
88
80
77
99
29
98
96
85
35
27
87
99
51
7
95
67
39
27
18
87
99
91
84
94
82
75
88
99
51
4
99
88
66
44
77
90
85
67
94
99
88
49
29
43
50
99
73
78
71
89
36
84
19
32
99
81
73
89
5
99
84
90
93
61
77
59
53
56
94
82
75
94
71
62
65
67
78
71
89
50
84
89
87
70
88
99
65
62
68
78
97
72
99
64
99
88
60
53
7
90
83
92
76
87
96
99
51
66
89
99
84
90
93
69
94
87
84
29
35
39
93
86
84
99
93
87
99
72
84
34
99
82
20
23
4
93
44
66
99
16
98
96
84
88
96
99
65
81
76
82
99
91
76
73
16
95
99
83
28
86
99
90
22
32
77
97
4
99
39
16
95
99
85
90
40
96
48
18
44
99
52
56
65
70
19
99
63
69
66
87
91
85
73
93
99
40
45
10
62
99
85
90
83
94
72
79
97
99
67
16
92
98
99
87
99
60
49
43
27
93
86
99
89
61
4
93
72
87
90
83
99
91
77
22
29
83
96
99
46
27
92
86
89
63
51
93
84
99
89
81
99
90
87
94
87
99
60
91
84
86
89
95
10
71
18
83
89
94
99
99
34
89
52
28
10
94
99
84
90
95
99
69
17
87
95
40
47
66
99
99
84
90
93
87
83
99
90
61
87
79
76
72
62
99
89
74
78
80
83
36
68
32
60
17
99
77
32
59
54
99
87
91
48
63
94
33
99
89
85
17
97
67
26
55
5
99
88
38
66
96
99
28
12
0
71
48
24
81
78
17
89
59
87
92
83
99
91
88
77
99
73
79
61
37
49
77
1
99
41
27
96
81
75
18
84
91
28
75
79
99
84
90
87
94
93
86
96
71
64
28
93
55
11
65
38
92
85
88
99
99
61
82
76
73
99
16
39
79
76
82
76
71
64
78
82
99
14
75
91
77
87
95
48
67
40
18
46
82
75
39
60
45
30
54
95
72
99
79
82
38
99
72
89
92
99
78
57
8
44
99
89
92
73
77
99
83
91
88
78
51
94
99
88
56
70
94
86
66
56
84
89
99
81
75
83
99
0
70
13
99
89
72
78
70
99
89
80
55
29
89
87
77
48
43
71
96
99
61
89
88
99
72
26
80
26
91
87
85
77
39
93
84
88
99
93
88
1
71
38
8
95
99
89
86
95
87
90
49
73
71
99
84
91
88
93
86
99
89
39
54
99
57
72
16
99
89
82
76
86
85
89
29
71
64
99
83
91
76
66
71
97
28
59
54
83
99
91
62
67
99
76
26
89
92
99
87
67
91
94
99
88
18
68
41
83
90
79
75
99
96
99
83
58
27
92
87
84
99
55
65
86
16
99
68
87
99
5
39
77
82
65
67
95
99
88
99
2
50
77
27
88
49
69
17
99
88
65
40
67
58
77
53
17
23
28
84
99
11
60
99
81
75
77
88
63
99
67
69
78
60
84
90
12
51
18
69
96
99
88
86
99
54
67
59
39
95
99
88
55
82
61
49
68
31
99
70
25
65
61
84
90
76
73
79
99
89
71
62
40
83
99
91
88
77
95
99
88
16
7
99
83
91
88
78
96
99
89
84
70
88
55
17
25
7
99
88
19
78
55
99
89
61
82
68
92
87
99
80
53
99
61
77
88
69
72
99
39
82
47
0
81
74
78
72
80
76
71
64
30
73
98
79
76
81
61
82
76
91
71
99
89
51
71
56
99
40
45
49
73
51
82
75
58
30
84
89
86
99
93
48
72
79
99
65
87
99
72
49
83
88
78
73
82
44
62
99
67
77
88
61
94
86
88
99
17
81
75
94
99
88
61
4
71
52
89
86
73
93
83
99
84
90
44
27
39
95
99
56
50
5
94
99
85
38
95
99
85
90
50
38
95
30
11
50
84
99
91
50
56
27
95
99
82
75
89
82
75
87
92
95
99
87
38
69
73
90
87
82
76
99
28
38
68
62
94
73
59
77
86
84
65
89
94
75
32
94
99
89
84
83
99
37
55
90
84
99
52
67
60
29
98
96
77
34
99
82
48
42
91
96
99
84
90
87
84
99
90
69
64
87
99
91
94
85
87
99
59
53
76
87
99
91
71
64
88
17
99
25
78
82
99
91
79
85
5
72
17
49
41
3
29
77
99
34
61
94
99
83
86
83
99
33
66
91
99
85
90
93
83
87
99
84
92
82
84
90
88
78
72
60
81
76
51
67
21
93
86
88
99
49
93
29
43
87
86
99
17
50
56
28
73
58
53
98
50
99
8
87
59
98
48
96
17
24
27
99
76
39
57
88
99
77
28
42
74
78
95
99
72
62
96
67
7
22
62
99
67
28
89
99
37
32
30
88
93
7
13
86
55
39
95
83
99
91
66
92
56
52
16
77
96
99
66
88
65
40
46
68
99
36
84
89
99
82
83
55
90
86
99
83
99
91
75
72
87
89
99
66
82
99
87
91
84
36
16
93
65
99
68
84
99
61
45
22
28
93
86
99
35
92
85
99
39
17
81
98
73
55
4
23
53
73
80
77
65
99
72
89
83
99
15
36
89
66
95
99
60
84
90
98
77
39
61
94
9
99
89
12
51
50
99
33
7
89
97
15
66
76
34
71
89
64
77
1
99
89
85
93
52
71
64
94
20
62
88
99
78
10
69
73
78
88
39
99
99
84
91
88
74
93
60
84
51
33
27
98
78
75
56
99
88
13
61
50
94
85
59
97
54
28
94
99
88
66
16
82
76
7
91
99
55
35
14
89
88
72
99
49
39
60
93
84
88
99
99
36
18
32
89
94
99
88
44
73
82
99
40
11
91
53
84
89
94
99
70
88
64
41
99
99
82
75
21
89
94
99
83
17
27
50
87
90
84
57
27
83
90
75
93
99
84
66
90
52
85
90
51
58
0
79
66
27
75
54
71
95
99
89
85
17
99
82
75
78
99
71
55
6
64
31
99
89
84
92
99
51
78
74
80
77
60
27
95
20
94
87
76
99
78
38
94
82
76
55
94
85
88
99
62
72
79
50
66
99
93
86
88
99
61
67
87
90
84
94
60
93
53
86
69
99
84
91
73
88
74
88
99
79
28
99
18
33
3
67
29
83
90
76
37
75
91
78
88
44
77
99
60
49
19
87
99
1
61
71
99
88
22
39
62
60
89
16
72
50
93
87
99
72
81
75
89
78
92
6
72
95
79
77
61
99
72
82
27
70
87
99
83
92
80
