25
29
28
99
19
62
62
36
14
86
6
38
96
37
81
72
8
75
57
29
61
53
40
32
71
11
82
95
75
8
54
61
49
22
79
50
86
67
0
79
38
96
27
9
69
97
43
38
25
44
3
94
65
30
68
35
46
75
60
88
93
90
78
96
18
16
48
73
81
78
92
35
67
7
75
72
84
2
77
61
43
23
46
45
30
40
95
63
40
15
10
73
43
19
18
73
1
22
56
94
60
99
98
43
64
27
26
82
75
22
99
67
73
64
87
10
24
54
22
97
32
56
12
55
19
99
98
84
20
15
64
19
87
92
98
0
31
15
42
10
74
13
51
87
8
55
98
40
38
80
60
19
94
76
95
11
73
61
56
4
64
14
46
17
64
21
56
53
70
56
95
76
18
69
13
83
48
75
19
94
5
80
37
12
38
99
86
48
13
82
0
52
35
19
28
99
24
66
59
18
29
35
25
10
19
32
49
98
31
61
34
41
17
93
59
33
51
60
31
0
27
32
96
15
58
16
62
99
12
38
67
40
10
13
63
18
99
16
38
91
9
90
25
72
48
75
38
41
56
25
15
23
94
80
31
75
82
61
89
34
98
34
35
74
65
32
97
21
48
71
72
25
89
66
35
31
24
75
97
95
34
43
89
25
64
38
39
78
96
98
0
31
83
11
98
83
3
0
57
75
17
61
98
88
15
81
47
45
71
53
75
86
84
3
90
99
23
77
17
64
56
22
68
41
54
71
57
90
58
71
38
32
80
3
25
10
39
42
6
46
14
80
11
4
90
14
69
17
10
33
57
58
95
16
37
43
29
73
65
63
86
5
31
19
0
43
11
86
14
6
65
83
42
88
97
96
15
59
11
46
79
62
5
39
53
70
7
14
27
19
63
26
73
21
99
69
88
99
13
29
1
50
22
94
56
9
8
67
90
26
43
19
70
38
60
39
52
46
57
12
10
85
7
78
71
31
26
70
17
10
83
45
63
30
48
98
19
39
16
69
35
7
41
40
33
57
72
9
18
8
18
91
57
15
80
8
38
47
97
38
51
94
38
81
14
21
54
83
68
11
44
3
55
74
35
21
13
8
39
96
86
94
56
39
61
20
51
58
5
57
17
93
64
52
62
43
39
60
85
39
78
77
42
57
10
93
80
95
66
41
99
19
65
83
37
40
17
30
8
98
68
26
8
39
28
63
99
17
49
11
83
16
70
27
87
95
66
71
48
69
45
35
29
3
81
68
37
95
10
43
77
62
73
12
80
26
82
87
54
50
44
60
81
61
24
58
82
28
65
59
28
18
7
63
99
85
36
67
98
65
2
73
12
46
85
77
42
18
37
32
70
71
29
12
11
37
65
46
90
12
93
16
57
81
58
19
59
4
37
96
82
39
71
38
56
20
70
22
73
93
35
39
51
36
99
89
14
17
28
43
90
64
77
92
20
60
91
14
54
44
30
37
38
93
3
9
2
80
80
99
41
95
34
46
7
14
57
44
74
89
44
13
95
33
50
20
48
54
21
98
30
78
31
41
70
10
9
70
1
18
58
12
86
48
86
54
15
43
38
70
17
23
71
16
34
46
79
81
14
53
14
64
73
46
64
32
39
45
93
2
45
70
73
35
93
79
43
75
68
88
32
25
7
1
10
68
51
37
66
33
32
23
77
88
80
83
39
32
38
62
98
24
80
64
24
30
77
24
96
65
37
74
6
28
56
16
26
86
4
6
31
65
90
80
18
24
31
94
23
31
81
75
31
61
85
88
51
54
4
19
34
87
92
83
12
30
49
13
85
56
15
86
39
21
51
70
66
58
85
18
51
41
39
80
98
62
94
46
20
52
55
15
91
56
93
16
59
71
70
4
70
24
46
91
34
90
76
53
45
71
56
19
91
5
88
75
4
30
77
57
65
0
82
96
38
33
58
16
94
4
24
71
21
89
39
67
6
59
29
60
41
99
70
81
17
63
99
35
12
71
2
15
75
20
15
28
92
68
27
15
52
88
97
42
78
78
0
63
46
72
52
86
59
81
79
18
88
40
82
3
4
38
17
99
33
77
35
96
11
12
56
94
12
28
20
50
65
28
0
17
75
25
92
40
10
34
26
45
74
63
11
45
10
77
91
46
48
2
18
74
41
9
80
74
38
52
45
61
16
91
54
54
12
62
95
53
65
70
61
67
59
66
50
93
23
70
9
96
1
63
3
66
80
91
58
75
61
38
67
64
93
29
47
48
85
52
63
32
64
85
28
11
20
87
22
55
18
99
63
48
91
67
65
56
40
49
40
87
14
80
37
83
61
18
45
92
21
52
82
77
50
27
2
59
22
85
67
21
15
69
10
97
14
91
40
72
43
18
76
1
38
10
97
42
45
33
94
61
45
79
28
66
92
65
86
45
88
63
76
96
16
59
16
73
83
99
19
70
82
50
17
59
98
19
64
90
25
47
5
87
67
20
97
46
73
54
58
15
78
30
77
89
79
97
44
24
23
72
64
80
17
17
84
95
41
66
75
2
89
88
11
34
45
2
34
3
25
62
33
15
55
93
52
72
95
81
25
56
33
43
61
6
59
96
78
60
3
83
63
49
22
28
47
59
51
28
14
97
41
99
59
47
3
25
49
53
33
35
90
82
61
15
54
34
56
30
70
52
48
65
45
82
10
90
76
64
42
73
56
6
58
25
72
95
83
84
27
97
18
69
9
59
10
55
96
39
4
5
54
75
37
36
50
22
58
53
27
86
42
43
13
82
54
36
94
54
56
96
21
98
26
54
11
77
50
26
68
12
91
35
80
46
22
18
61
97
23
66
72
29
98
6
58
67
62
39
1
74
64
71
76
94
18
56
74
16
24
44
79
83
7
20
85
17
70
87
75
54
84
13
47
98
57
11
50
50
28
44
14
0
79
57
25
3
90
20
74
16
89
55
78
48
16
86
58
36
68
10
90
94
67
51
97
86
55
42
19
23
54
90
15
3
51
80
41
22
78
64
82
31
3
23
13
20
94
59
19
87
56
53
88
22
40
97
71
38
2
62
75
89
64
79
7
21
98
21
36
90
53
53
91
85
54
56
96
5
34
7
5
45
13
38
57
71
48
93
16
57
74
20
80
11
59
85
32
17
80
87
32
41
35
76
80
52
33
29
78
54
52
97
80
11
37
27
66
92
85
31
65
21
61
36
15
73
34
69
89
16
62
82
55
25
11
55
18
88
73
56
58
53
81
44
18
48
27
73
19
91
77
45
17
32
97
49
16
8
82
55
94
77
40
73
83
93
17
59
57
75
88
92
17
56
43
85
70
58
93
18
46
69
24
91
17
50
25
2
29
15
83
48
91
26
45
91
60
25
31
11
49
54
11
45
20
19
91
54
14
18
37
78
90
41
94
61
37
3
39
57
10
68
