94
55
20
0
99
72
33
0
99
67
83
10
33
58
17
85
11
0
66
41
97
63
43
14
90
86
58
44
92
16
68
45
86
25
74
0
54
99
72
37
20
52
0
47
72
72
36
27
67
99
20
45
68
99
0
28
70
38
19
60
7
42
68
0
22
17
50
0
40
99
91
27
69
11
48
76
4
36
99
70
9
44
99
48
73
82
29
0
60
19
0
28
50
70
40
18
73
0
23
47
68
13
0
99
37
55
90
13
47
75
17
83
60
40
67
28
67
15
72
0
81
24
48
99
19
55
87
62
43
77
76
8
0
30
72
90
41
20
0
27
0
24
62
96
16
38
0
60
33
20
43
6
91
35
54
2
95
54
31
67
19
54
99
47
24
18
83
65
40
76
0
46
99
80
51
22
78
42
61
33
56
24
0
50
15
85
52
32
7
93
71
22
53
0
77
24
92
63
86
48
44
8
39
0
99
30
63
24
56
99
39
76
5
35
71
25
0
91
53
16
70
25
44
99
75
99
60
70
0
38
46
19
53
29
59
64
82
52
24
95
99
70
2
36
64
19
70
99
34
0
62
17
40
93
56
12
50
39
80
99
18
77
41
59
29
29
65
0
88
9
66
94
43
19
88
99
62
40
16
0
20
59
86
50
0
27
69
99
0
22
58
25
0
63
30
23
59
54
33
71
12
47
67
38
1
52
8
99
85
0
75
49
99
25
0
99
50
18
96
82
99
17
41
84
11
51
77
99
56
14
12
62
85
29
17
29
63
75
41
99
52
27
0
98
23
40
87
0
60
36
92
44
0
65
27
62
94
36
5
99
82
42
26
36
10
4
41
33
0
73
41
8
80
56
99
63
27
0
51
21
1
64
99
91
46
9
85
42
0
59
42
4
99
73
91
32
99
74
55
92
13
51
99
72
0
21
67
99
0
76
81
24
99
0
59
23
70
1
57
76
9
52
40
99
0
18
52
0
56
82
76
40
46
80
0
97
66
0
93
61
99
3
37
82
65
92
30
0
20
68
73
39
10
99
0
73
53
89
13
33
69
99
0
75
25
84
7
62
36
79
34
71
99
3
66
0
99
80
58
93
67
35
38
61
26
33
66
0
99
94
92
23
51
72
40
79
40
19
46
0
87
20
99
26
44
17
50
42
3
83
14
50
46
8
79
77
28
99
0
67
2
44
84
30
51
18
74
47
99
68
12
62
99
80
58
5
45
97
33
0
78
40
19
0
26
95
52
28
46
10
9
96
64
38
82
31
88
99
0
37
7
53
85
30
59
44
99
12
71
56
81
24
99
53
76
84
42
0
67
91
71
25
43
21
60
12
83
59
33
67
89
51
0
24
42
46
86
21
0
13
99
54
10
71
95
99
2
28
49
7
87
3
45
99
73
48
79
30
92
1
48
14
63
0
99
9
65
99
81
0
52
13
94
99
68
92
61
38
99
65
59
90
18
43
98
3
42
70
99
0
43
88
99
56
34
0
37
62
88
5
3
35
69
52
83
10
50
99
93
38
49
82
3
75
43
81
36
0
99
22
30
86
66
48
73
98
27
66
88
56
5
48
82
30
0
6
53
99
29
40
7
50
99
76
57
46
99
18
38
9
28
64
99
1
56
91
48
64
18
99
3
88
80
56
33
21
83
59
30
0
61
99
11
76
47
16
61
0
80
54
61
3
88
28
0
49
85
0
57
34
39
74
49
70
58
54
17
51
34
63
76
27
99
0
41
41
2
27
6
20
99
8
73
0
41
19
59
98
73
93
0
39
65
86
58
93
1
51
71
99
55
13
96
38
99
77
34
0
52
94
82
30
0
34
53
1
58
84
27
53
44
8
57
88
99
40
99
19
78
52
99
70
0
24
63
86
15
25
99
0
99
72
35
10
67
6
99
52
76
57
51
86
55
99
0
36
79
89
72
99
0
40
74
99
29
45
0
87
99
80
57
84
17
42
71
36
0
67
95
49
14
55
41
19
47
53
13
81
99
0
81
24
0
62
32
6
95
53
73
99
44
14
99
54
25
62
16
83
67
37
19
89
45
62
32
72
19
51
31
59
51
99
79
89
10
91
48
16
0
29
92
63
42
99
21
9
39
99
57
2
44
91
65
4
33
9
46
98
68
93
17
91
72
46
99
14
38
0
25
54
0
22
53
35
61
42
11
99
49
24
76
3
99
35
60
77
26
52
0
99
1
67
19
7
38
0
17
58
41
69
3
99
76
54
94
76
32
11
99
51
15
54
85
41
0
56
89
12
40
0
0
21
45
72
6
22
69
99
74
94
4
32
75
50
17
0
36
66
30
81
41
83
99
75
52
69
7
98
35
57
68
30
3
95
0
51
84
25
0
99
33
87
99
70
45
34
4
54
83
9
33
81
99
89
28
88
44
0
57
33
58
99
29
4
47
88
24
0
62
99
33
99
7
64
38
56
94
17
0
31
54
7
90
21
99
21
67
0
86
61
34
0
99
82
61
0
82
48
25
53
76
22
50
33
66
33
69
76
47
40
0
28
67
46
79
44
93
27
76
49
9
43
99
35
0
75
20
99
71
92
49
17
75
99
0
13
95
42
72
99
9
82
0
38
89
35
77
50
31
70
57
8
77
99
64
64
86
29
49
0
83
42
0
99
77
64
8
25
0
43
80
43
39
24
85
27
55
0
89
4
90
7
74
99
58
36
71
99
76
43
27
77
0
99
61
96
22
68
47
87
77
0
51
30
66
69
16
9
0
95
38
0
99
44
5
0
49
92
23
40
78
45
0
71
27
18
55
76
26
5
86
8
32
60
0
28
0
58
74
22
31
0
66
16
98
4
45
32
89
54
45
68
22
88
39
93
61
99
53
0
19
59
44
0
50
0
91
67
25
99
41
99
72
12
79
99
44
18
40
30
88
15
68
99
94
70
22
99
77
50
63
26
91
32
59
69
34
74
29
99
88
52
47
74
28
27
68
0
97
62
77
21
99
46
82
89
40
13
99
34
68
41
22
0
61
20
65
99
10
33
89
29
45
81
24
81
51
44
85
21
0
72
21
45
99
99
4
25
0
16
26
80
44
61
36
0
37
92
28
55
85
11
64
39
99
45
98
0
5
78
63
14
99
37
21
84
61
0
99
26
4
35
89
0
51
76
28
22
47
99
47
21
75
0
6
81
53
94
58
99
51
78
0
47
84
56
11
0
90
61
0
99
62
28
48
34
13
40
0
77
87
46
9
99
0
76
22
99
0
82
17
85
42
23
60
51
77
30
0
73
88
60
0
11
82
92
59
63
85
0
65
33
81
39
8
88
37
69
10
44
63
19
0
29
9
32
90
68
51
26
0
80
41
13
36
49
4
99
95
71
12
74
0
99
94
69
41
22
0
29
46
5
65
83
54
48
79
0
23
43
70
23
78
38
62
21
69
0
28
51
83
7
58
37
0
13
70
99
44
76
90
63
11
36
0
38
8
99
70
0
80
3
26
51
9
96
55
29
67
92
85
0
48
68
99
33
0
99
57
82
91
54
64
26
97
64
99
59
95
30
96
6
60
36
14
78
11
99
0
73
82
30
6
99
71
49
17
58
7
99
70
40
99
44
95
9
49
99
78
63
76
35
7
99
39
23
82
2
99
35
24
80
99
41
60
88
49
54
0
17
17
64
13
2
99
0
56
98
73
94
6
89
63
39
78
88
53
33
60
43
45
84
8
40
0
62
31
8
71
19
53
24
0
88
46
41
94
17
0
26
71
22
99
83
60
87
44
23
0
35
7
40
56
88
14
67
35
27
99
61
42
9
95
35
15
16
62
31
4
47
50
85
45
80
15
17
81
66
37
74
65
28
36
60
99
22
72
43
99
65
53
80
0
99
59
49
13
68
0
36
42
91
72
99
57
81
60
0
37
99
57
93
13
67
99
76
23
61
81
44
11
50
98
43
63
88
48
38
5
53
88
53
49
79
27
78
28
49
39
68
99
31
60
77
51
84
13
36
59
28
61
99
42
12
0
74
36
0
99
6
88
46
17
99
37
82
18
0
49
25
68
99
0
82
57
46
99
74
64
95
96
34
56
71
40
83
47
54
78
2
0
34
39
6
47
27
0
56
81
33
39
1
48
90
5
22
61
69
13
57
40
75
22
0
32
74
26
94
64
99
57
14
99
96
82
48
87
57
0
29
32
92
99
69
47
89
43
65
11
38
42
81
71
7
33
22
62
0
13
85
78
99
57
91
36
8
99
50
32
61
92
10
48
66
38
4
62
99
78
17
77
42
20
0
89
63
2
93
70
99
72
99
55
83
20
53
82
39
90
16
76
14
0
87
64
13
49
67
92
58
23
89
99
51
28
43
0
59
22
6
78
3
54
99
85
86
44
61
5
35
25
77
55
72
41
60
16
99
79
54
34
63
99
84
46
91
8
31
99
0
56
5
99
76
51
55
90
28
0
50
50
0
99
71
20
19
72
7
0
25
19
47
70
0
99
81
23
74
16
0
88
46
60
17
39
62
17
0
87
30
2
81
29
58
99
94
56
4
64
99
77
99
64
41
86
27
0
91
32
69
63
96
13
42
67
11
39
98
17
50
33
0
48
78
4
38
78
0
46
66
19
62
57
99
0
85
23
65
39
0
99
70
9
37
63
14
46
0
60
35
25
76
39
60
19
7
34
50
12
42
70
29
25
56
78
91
37
16
0
24
47
87
28
72
99
15
89
99
51
0
45
5
63
99
31
82
18
99
0
70
57
0
99
78
41
11
48
99
93
0
53
90
41
16
0
52
8
99
82
35
78
30
20
43
0
52
96
2
36
6
19
74
99
69
0
61
86
44
74
37
54
30
61
26
0
92
59
18
36
4
67
26
0
31
5
63
38
85
12
33
13
92
35
62
99
60
38
78
20
0
96
66
21
46
90
30
0
82
25
6
22
70
97
48
66
40
16
58
78
49
30
86
66
91
56
59
93
35
0
99
73
23
99
44
67
97
67
45
92
61
29
72
1
99
94
11
47
99
70
17
37
75
0
67
98
67
27
97
0
4
64
95
36
6
99
7
91
52
38
61
8
54
0
87
17
8
81
0
75
31
20
60
49
68
39
24
62
0
29
7
16
49
99
74
6
11
77
57
72
42
55
30
76
99
24
57
12
0
93
19
13
47
75
41
19
99
56
72
22
62
35
1
72
54
89
31
72
59
36
51
39
99
10
76
57
84
33
8
28
55
28
57
0
83
99
13
94
42
0
23
2
53
26
83
39
66
23
0
29
51
49
89
0
30
54
43
14
67
90
99
85
51
45
81
22
73
20
0
56
81
41
77
82
50
0
61
22
99
81
70
24
65
0
53
73
21
72
56
0
90
70
35
99
25
44
82
15
34
21
42
63
36
18
0
10
91
60
99
0
56
69
23
0
77
99
2
70
36
12
51
73
44
99
20
95
61
4
99
30
43
62
7
48
57
84
71
30
99
0
89
1
40
81
62
86
36
66
99
19
61
26
85
99
52
77
19
73
0
33
65
22
61
56
32
99
96
61
56
92
34
61
19
99
51
24
74
38
0
49
86
30
61
99
84
38
73
42
99
18
92
99
44
11
72
60
48
13
39
0
83
88
11
59
99
0
23
74
99
0
69
99
40
80
12
63
68
41
18
92
99
77
26
55
0
17
59
94
10
31
0
