81
75
62
75
94
8
75
30
48
75
15
83
99
60
32
67
37
8
99
69
23
40
50
90
99
78
67
49
3
50
24
37
90
24
25
60
99
0
1
60
90
15
94
0
1
60
90
67
99
15
45
60
75
20
99
93
76
90
0
1
75
67
76
90
62
0
0
67
83
90
45
0
82
0
99
67
99
37
75
30
8
90
75
83
90
51
15
92
45
67
67
90
69
99
69
45
75
69
67
64
0
84
49
84
30
65
99
8
90
60
15
79
37
0
90
45
89
90
75
99
40
64
30
65
17
45
81
47
23
82
45
63
40
83
15
60
99
23
65
18
0
90
99
95
60
11
67
75
51
99
60
67
83
83
90
39
8
45
24
99
3
0
90
67
23
45
60
50
69
99
90
75
45
12
60
80
59
85
30
84
75
57
90
99
51
75
80
30
69
75
76
30
68
82
63
90
0
83
90
15
39
86
99
75
60
37
0
90
30
60
50
99
37
99
57
15
45
90
99
90
77
70
18
75
37
67
99
75
25
15
30
99
37
15
81
60
8
75
55
76
8
75
60
99
67
45
90
67
85
99
75
97
30
79
50
75
90
99
22
79
46
47
11
0
26
60
0
23
37
12
60
61
90
60
81
37
99
90
60
99
47
17
82
45
99
90
15
60
22
84
45
75
23
82
60
90
37
82
99
30
60
37
67
80
30
9
90
67
37
48
8
67
68
0
92
40
75
81
75
8
76
53
79
15
60
8
30
90
19
45
23
45
82
83
37
66
10
37
81
48
79
39
32
55
15
82
8
66
68
24
75
60
0
51
0
37
75
54
63
15
90
75
24
25
0
77
53
90
0
10
33
47
90
42
75
40
75
73
21
90
8
75
37
0
47
48
37
60
85
50
80
51
20
90
99
86
66
19
45
80
45
70
75
8
90
51
8
82
32
48
37
45
0
1
82
20
47
90
20
37
90
15
48
78
45
75
75
99
37
90
15
83
99
23
0
17
68
56
66
99
90
8
39
30
75
37
99
90
99
25
24
99
60
90
37
67
90
37
99
75
0
26
90
53
75
67
83
37
83
67
0
53
83
37
51
11
30
49
22
50
90
67
75
21
0
99
60
67
45
85
22
40
30
75
15
75
90
83
64
90
45
55
75
45
75
90
67
99
90
37
60
39
15
75
30
78
68
23
81
90
42
75
55
20
37
60
56
15
21
90
99
79
0
45
60
90
61
95
60
99
81
99
42
75
11
26
48
99
33
99
64
23
37
79
0
79
47
0
30
99
67
20
66
99
90
45
12
79
45
8
80
40
45
45
8
99
90
72
60
39
90
52
86
27
69
45
92
30
35
99
0
99
90
67
90
30
99
75
79
45
90
30
45
45
84
0
60
99
61
90
37
83
90
75
83
90
0
83
18
49
90
66
85
37
42
0
1
68
99
83
60
50
75
82
17
37
99
37
67
64
0
86
68
93
65
48
37
60
85
37
18
90
45
86
38
90
99
8
69
39
82
37
53
39
51
37
75
41
99
81
52
17
80
30
0
81
0
55
69
8
90
39
64
0
75
94
69
92
20
83
24
99
2
80
99
75
60
61
56
99
53
12
37
90
55
99
0
45
99
37
54
64
0
15
60
0
23
45
65
39
96
45
67
86
52
87
90
37
87
60
99
15
52
60
53
99
0
83
75
99
56
33
99
90
85
0
52
99
75
15
60
3
55
39
60
57
75
69
30
45
75
8
86
60
82
54
0
60
65
37
60
99
15
50
45
90
37
85
23
48
47
45
0
45
75
30
83
99
66
30
0
99
99
45
0
90
37
91
45
54
33
83
32
0
30
15
71
69
99
24
30
85
53
45
90
15
90
62
30
15
45
86
48
15
47
75
90
67
60
78
61
75
15
71
60
80
37
81
99
30
75
99
83
39
99
0
8
57
0
99
0
75
63
11
47
37
0
30
64
52
0
80
30
99
79
39
17
90
78
45
82
0
54
81
11
30
75
67
15
93
8
0
75
99
97
83
12
47
93
75
74
99
24
0
20
0
90
60
57
75
60
59
84
81
93
75
67
60
83
69
99
30
84
90
75
52
84
32
66
30
99
75
67
92
90
30
15
75
70
37
93
37
4
81
72
90
45
48
37
99
84
67
60
84
78
64
38
60
99
75
97
90
64
21
60
56
99
60
30
12
90
78
45
99
41
75
67
99
94
47
0
99
79
30
8
80
30
53
81
15
75
75
77
15
47
15
92
64
8
45
99
67
0
45
11
71
99
37
75
53
2
60
45
63
5
99
62
0
90
45
15
96
60
25
75
67
76
30
67
15
60
37
83
90
25
8
30
60
49
45
99
15
90
60
30
83
20
47
90
60
83
92
26
20
80
99
57
99
32
60
75
37
15
63
60
85
0
25
30
93
66
51
69
12
37
49
99
0
66
54
75
66
99
82
75
0
45
90
67
8
70
75
99
99
45
60
75
5
37
47
8
63
75
60
99
80
99
45
3
68
32
60
67
30
99
15
0
0
67
90
45
60
15
66
90
75
47
99
45
19
99
90
82
99
45
47
0
63
79
45
8
99
67
33
99
0
45
52
48
67
99
18
8
75
37
3
60
90
59
75
67
99
66
99
30
37
0
79
99
4
78
60
37
0
84
30
60
99
60
75
81
0
75
69
32
45
99
37
12
22
45
67
75
26
99
64
55
75
15
90
60
52
22
62
30
90
0
37
53
75
99
54
8
66
23
15
8
82
19
90
75
12
8
33
99
26
8
90
75
15
45
15
32
99
84
99
18
99
70
37
8
30
99
99
83
69
30
0
99
45
37
69
99
82
0
60
15
99
65
99
21
99
25
47
67
82
49
30
52
99
75
86
0
40
23
99
63
0
48
80
68
90
84
60
90
60
93
55
80
15
50
48
93
0
82
66
85
54
79
60
15
37
75
68
80
60
41
99
90
69
45
75
75
45
20
53
0
63
75
79
60
90
45
75
90
84
58
70
8
90
15
90
54
45
72
19
75
70
76
90
45
83
8
75
0
37
15
69
99
47
20
60
30
90
99
0
75
84
45
8
99
67
41
99
0
45
52
82
60
84
90
77
99
30
98
65
37
60
90
62
23
53
67
22
99
51
67
71
0
1
99
70
19
90
0
22
79
37
75
85
48
0
60
30
64
90
21
49
95
48
45
90
60
37
90
11
67
84
11
53
24
68
75
46
0
37
84
85
99
45
30
79
60
90
0
22
39
17
8
50
75
68
81
60
75
99
90
85
17
86
51
0
82
94
60
37
8
28
15
90
30
85
84
37
67
65
94
8
8
38
90
90
37
15
92
0
37
99
30
93
52
0
99
90
38
0
75
8
24
75
45
0
45
30
85
67
90
0
75
40
90
85
0
60
81
30
53
90
0
85
