25
29
28
94
34
14
55
30
8
82
10
46
95
40
75
71
2
81
57
38
59
76
15
38
66
16
87
94
88
8
53
61
50
29
78
53
92
68
2
71
47
80
20
8
71
96
75
39
24
50
6
96
65
41
99
0
99
73
59
84
96
86
74
95
19
16
43
41
88
59
90
15
67
7
69
66
76
3
65
60
37
23
46
39
31
36
95
85
55
16
8
68
46
21
17
61
0
14
53
77
60
92
98
42
66
31
28
83
85
17
93
67
72
65
84
10
21
52
24
98
28
55
4
9
41
0
85
79
18
10
71
21
73
87
94
7
35
28
40
8
76
12
49
87
10
56
99
49
41
76
65
10
87
77
93
26
70
62
57
7
56
16
51
13
67
8
58
52
80
63
93
90
16
55
18
77
59
64
17
90
3
91
33
13
41
96
89
54
14
94
20
64
33
14
39
91
15
74
59
18
29
35
19
5
21
29
55
99
32
58
34
38
17
89
56
25
53
59
29
8
27
31
99
3
36
20
48
83
8
36
64
91
4
36
33
31
91
9
32
89
9
98
25
69
51
73
39
44
55
26
14
21
81
80
26
72
83
63
83
33
96
35
37
78
66
31
96
33
49
72
27
11
86
62
39
27
32
71
91
97
34
38
87
26
58
35
43
74
92
98
5
0
0
99
95
81
0
0
63
76
15
51
86
84
0
37
54
44
66
50
73
74
85
1
91
85
24
81
18
63
62
14
87
50
54
70
56
98
49
75
40
34
80
13
84
48
62
99
0
80
15
98
10
4
87
4
64
24
5
13
68
82
48
12
38
40
30
72
67
64
77
28
28
14
4
40
8
92
12
0
69
87
42
76
93
75
57
74
13
47
79
66
4
37
53
76
8
16
25
19
63
26
74
20
90
33
93
99
15
91
5
48
37
89
57
8
5
65
87
32
43
19
71
38
65
39
46
36
64
11
13
99
6
84
71
28
18
77
13
18
85
46
70
25
48
97
20
31
18
70
38
9
38
37
33
57
70
9
13
6
31
86
77
15
75
10
41
60
89
42
46
92
42
63
25
17
51
82
71
9
42
3
55
75
87
56
21
5
36
96
77
94
46
41
63
20
50
85
13
41
6
79
62
53
61
53
19
84
78
43
75
71
45
54
25
84
59
99
59
26
83
11
46
85
16
54
17
30
7
95
73
47
6
39
28
64
77
27
33
4
85
17
58
29
81
90
66
70
49
65
42
33
29
0
78
69
29
99
12
47
76
64
70
12
78
23
80
92
54
51
45
62
90
68
27
60
80
16
91
58
26
13
7
64
99
75
22
72
87
68
2
77
0
99
0
79
42
17
38
28
69
68
28
0
10
40
67
50
82
8
82
23
42
78
58
19
41
4
34
90
89
29
67
35
66
81
99
99
41
92
6
36
40
32
96
99
14
16
33
41
90
52
89
86
53
68
99
0
0
42
31
36
30
97
12
0
11
82
81
96
45
99
31
49
9
15
59
49
65
79
40
9
78
32
48
32
48
54
22
0
0
99
29
40
62
6
3
64
3
20
47
15
92
55
70
44
24
44
12
84
15
24
69
21
29
43
80
80
18
55
12
68
71
41
63
33
37
47
76
0
46
67
77
29
94
76
49
76
66
83
31
25
3
0
8
67
52
38
62
34
30
22
75
87
81
85
50
14
23
53
91
15
84
58
15
57
92
27
94
65
40
82
6
27
49
14
21
72
4
99
46
99
90
80
17
0
0
99
27
37
83
81
40
57
87
93
52
70
5
26
35
93
97
78
10
35
57
23
83
57
14
81
43
18
46
70
66
61
77
9
48
41
37
74
96
56
94
47
18
53
90
24
92
64
88
37
67
82
98
3
73
21
13
87
50
92
70
67
44
76
52
17
95
7
89
79
5
29
78
52
57
11
84
87
38
32
66
21
83
4
37
72
1
84
40
77
9
38
28
58
39
99
70
85
61
72
88
46
76
79
3
16
76
21
15
28
79
59
29
11
60
92
97
44
79
83
15
50
45
61
52
85
58
78
75
22
84
36
78
2
5
36
18
95
38
47
35
99
13
25
78
96
13
28
20
49
63
28
2
12
78
26
69
37
9
30
26
41
83
62
13
46
9
80
99
36
57
5
21
76
36
5
88
67
36
50
14
85
37
94
65
53
8
59
81
54
73
70
52
67
59
76
59
98
45
66
14
94
3
62
0
82
78
88
61
71
61
32
50
11
78
30
48
49
84
52
64
20
70
96
29
15
14
87
19
49
9
75
56
59
90
80
61
54
37
54
17
86
19
95
38
84
66
19
99
62
0
33
77
55
46
39
2
53
34
90
69
24
16
71
9
93
12
95
40
88
55
16
80
13
44
0
82
36
9
42
81
52
44
75
25
61
98
79
93
38
90
65
82
84
35
67
19
70
95
93
10
72
99
41
47
54
94
31
58
91
25
61
7
94
64
15
99
50
51
58
60
19
76
29
73
89
75
98
25
25
19
87
65
75
13
17
83
88
12
50
88
10
91
88
12
30
49
1
35
4
24
75
37
27
50
70
47
75
79
94
16
55
34
43
56
5
64
99
73
64
0
78
58
51
95
22
70
57
48
30
15
92
33
91
58
46
4
20
49
51
27
31
90
84
61
9
55
31
57
29
67
50
49
73
64
84
27
91
72
63
45
68
62
7
50
23
74
97
82
90
24
98
15
70
6
60
13
53
82
47
26
0
55
73
37
32
59
22
61
54
23
85
48
45
35
60
46
30
97
48
58
87
24
97
27
63
15
92
50
30
66
5
99
31
81
26
20
65
86
95
22
70
72
29
99
10
43
91
61
57
26
84
60
78
95
99
12
62
81
13
27
47
69
81
8
20
88
25
66
88
70
54
78
13
43
91
59
6
52
46
28
42
13
0
73
51
33
8
91
22
63
42
72
47
86
47
32
71
46
39
60
3
90
81
56
55
83
79
55
38
11
24
69
89
19
10
58
81
49
21
78
70
85
35
2
23
12
13
93
60
18
58
93
86
91
61
24
93
66
35
1
65
66
95
62
76
9
16
97
24
34
86
52
63
97
82
53
57
97
4
34
15
1
44
12
40
53
75
46
83
30
72
68
18
79
47
52
76
35
18
67
88
31
40
35
75
79
47
35
29
79
53
51
0
99
99
45
14
63
95
83
36
70
24
61
43
8
68
33
69
99
15
55
92
48
25
23
61
39
91
71
56
63
57
81
44
16
47
29
75
6
87
75
43
15
31
99
49
16
8
81
52
95
63
45
73
83
71
22
66
46
61
92
98
18
55
50
95
72
29
91
19
53
68
31
82
25
49
27
1
32
16
76
67
98
12
43
94
60
22
28
17
50
89
17
57
12
12
90
77
8
25
32
88
86
41
97
64
40
2
42
57
2
88
