8
7
12
1
36
8
63
56
98
63
61
39
70
13
12
90
96
88
77
63
61
28
88
29
57
34
29
74
10
9
38
64
42
55
58
53
28
5
6
80
16
17
81
67
85
28
39
41
10
5
6
30
23
24
74
66
53
86
81
80
92
89
88
10
46
86
5
7
6
1
62
79
73
59
76
23
25
92
39
34
37
59
64
61
6
27
50
76
63
55
9
0
2
73
81
77
22
41
39
70
21
74
76
92
2
23
8
15
96
22
94
36
38
77
99
76
71
52
94
51
34
30
15
68
24
72
70
3
71
94
43
68
74
50
79
80
79
24
42
23
37
27
19
37
54
56
72
39
7
63
61
79
83
14
62
18
81
91
52
57
75
49
83
78
84
22
53
49
24
11
83
56
48
53
16
72
14
81
82
85
35
36
34
59
69
9
97
27
30
26
23
28
5
93
95
64
0
2
86
61
1
8
68
59
18
21
54
23
55
38
78
41
94
70
69
37
67
23
39
71
53
70
24
47
46
65
10
5
80
69
67
21
23
9
39
60
45
87
90
1
46
49
56
63
64
62
56
45
50
99
64
66
8
49
96
34
18
20
5
18
10
30
68
71
99
79
70
23
27
3
0
30
37
65
50
63
58
60
93
95
75
62
66
74
69
27
26
23
12
67
70
17
75
23
6
75
33
14
11
53
6
7
69
83
59
49
48
42
45
30
34
86
57
41
98
0
3
41
41
96
70
75
72
76
61
65
34
20
12
16
88
7
49
61
39
57
64
31
99
58
60
3
14
67
74
57
37
30
26
22
62
70
68
37
63
0
2
92
88
89
85
90
87
67
25
27
36
41
18
4
24
0
53
44
40
57
63
35
37
39
41
9
7
32
34
27
29
71
28
47
68
5
71
31
33
19
10
5
53
93
81
2
56
54
83
89
91
95
64
59
40
28
72
27
12
7
11
49
71
51
53
36
65
96
6
10
5
12
9
7
46
44
67
68
49
56
84
58
36
32
30
60
59
77
60
66
62
87
32
33
93
15
2
73
16
82
97
37
68
94
91
96
52
13
51
40
5
77
68
13
32
33
25
28
19
42
14
55
54
59
42
13
56
67
54
53
82
43
31
4
7
54
68
1
5
81
48
8
1
51
57
11
23
12
66
3
18
39
47
34
95
27
25
63
61
35
84
83
40
6
66
62
83
52
50
35
13
39
78
76
23
10
1
2
33
48
34
53
20
55
98
10
5
98
85
95
59
28
18
5
88
8
50
52
7
10
58
40
46
1
39
49
56
41
55
94
43
88
21
9
61
65
0
70
65
88
64
61
24
20
16
76
36
48
52
44
38
36
51
50
69
39
13
32
5
8
9
13
12
40
47
44
65
95
26
50
2
98
99
82
94
83
14
12
78
50
77
51
69
48
66
43
36
12
56
34
59
26
61
79
80
1
57
90
56
77
81
17
67
58
80
82
39
92
91
54
67
53
34
33
95
24
8
21
12
26
39
32
92
8
5
6
1
82
89
94
42
7
5
43
41
27
88
91
23
65
63
61
10
7
55
3
7
37
99
77
96
34
40
86
60
80
58
78
94
6
69
22
21
64
56
68
39
60
56
12
90
8
59
92
58
9
13
10
51
85
82
1
34
39
45
39
44
27
24
44
56
42
74
66
17
90
69
83
4
98
95
21
84
67
85
42
40
10
93
99
74
22
35
19
5
7
1
7
66
64
95
8
25
11
16
20
50
30
32
42
15
16
94
18
91
92
67
63
15
3
51
52
20
47
5
84
43
53
52
62
46
49
85
62
65
96
59
86
88
13
95
15
30
25
61
42
91
93
19
17
4
25
19
44
79
84
75
20
18
15
40
46
18
0
24
28
4
56
62
95
99
82
89
39
84
87
85
63
67
18
68
49
46
45
38
40
44
62
19
20
31
33
87
66
22
65
3
4
0
79
84
87
55
36
58
66
71
67
41
20
38
64
70
7
94
8
7
2
26
25
88
7
35
7
8
13
52
49
51
18
74
11
4
57
48
66
68
21
43
27
45
45
40
6
24
30
59
66
52
68
46
47
40
76
81
49
75
44
37
36
84
22
7
10
12
72
66
92
64
65
93
21
23
17
5
12
6
98
53
5
86
11
87
0
13
65
70
95
92
66
6
2
44
41
42
66
51
63
80
45
41
87
89
27
50
58
60
2
3
80
81
84
44
3
19
20
69
70
1
69
15
17
63
76
78
48
25
49
97
96
76
83
81
84
71
73
74
90
63
65
25
24
28
99
96
2
13
16
10
64
86
41
39
40
36
76
35
75
49
45
39
0
62
1
90
79
16
79
72
76
50
41
66
25
51
19
7
17
24
67
68
69
85
12
78
58
28
55
78
62
75
24
94
38
65
88
86
3
4
73
78
38
63
15
12
93
36
61
12
7
72
95
8
9
53
91
27
90
25
82
52
94
7
89
32
77
78
31
40
78
26
30
51
56
92
58
48
46
21
65
0
2
22
69
21
46
27
45
33
37
12
87
48
85
77
54
20
14
57
2
93
13
87
51
19
50
76
54
78
78
66
77
64
62
95
46
16
61
71
89
67
47
39
42
72
94
89
17
18
19
99
51
4
69
19
32
84
59
63
2
59
36
59
57
52
47
44
98
67
66
91
31
78
85
57
63
66
57
45
88
93
28
89
61
83
66
87
61
89
4
9
51
10
2
12
77
79
73
57
55
52
66
63
94
91
93
89
61
4
66
52
50
47
20
25
75
50
51
92
63
81
72
53
73
77
18
47
48
90
87
89
50
12
17
99
1
0
13
26
7
58
55
68
36
28
29
81
58
77
65
58
54
4
24
26
8
7
67
26
27
31
74
13
16
26
89
30
50
23
47
40
92
8
48
3
8
62
9
11
68
23
67
59
64
65
67
65
42
93
92
84
88
62
22
91
21
25
39
50
45
69
48
41
44
15
47
49
43
42
43
99
32
59
54
50
47
36
45
44
70
38
77
75
64
28
27
26
37
1
83
19
17
71
82
87
41
65
64
87
93
13
10
38
70
36
86
85
16
1
44
45
69
77
78
61
26
59
82
21
59
47
77
75
0
58
1
24
26
71
40
53
54
31
28
75
29
19
16
34
8
78
59
17
14
4
63
69
28
94
26
75
48
73
40
45
6
37
16
38
34
53
54
23
20
25
98
99
21
71
26
29
48
32
29
13
11
80
46
65
67
86
93
69
5
10
8
8
75
72
39
47
51
14
63
22
95
64
65
42
98
44
67
42
43
15
6
4
14
2
48
35
9
32
30
33
28
63
17
18
51
52
57
30
12
24
38
69
67
71
4
78
25
47
26
94
96
80
26
29
30
91
92
90
28
72
44
13
3
33
98
21
94
73
71
95
54
99
35
52
39
33
37
11
36
