25
29
28
40
19
95
12
56
77
35
64
39
16
94
4
87
10
38
96
14
94
38
75
75
10
69
8
68
99
99
57
36
60
2
17
53
39
35
48
69
68
17
80
35
91
97
84
8
4
44
54
61
48
18
87
22
77
49
31
58
88
67
0
24
70
81
37
96
57
14
20
9
76
85
92
99
44
38
72
49
30
41
2
50
34
93
73
51
9
30
73
32
47
41
96
76
58
84
54
42
97
90
73
19
41
96
18
16
4
69
40
70
83
96
50
76
89
35
59
26
67
7
74
66
38
72
84
1
40
6
73
61
41
14
35
23
47
45
5
36
30
40
96
2
12
64
40
14
51
5
8
75
30
94
52
19
18
67
48
13
1
20
56
37
43
93
60
99
80
95
98
43
64
62
32
27
26
82
53
39
84
18
91
77
87
67
73
64
31
26
83
10
24
87
63
54
18
96
1
27
50
71
9
89
30
7
38
2
71
90
90
84
20
5
44
16
66
19
22
99
87
92
98
25
6
7
56
30
75
90
38
10
73
65
68
13
51
88
11
7
10
55
98
39
24
41
38
80
48
7
48
7
90
26
69
74
96
9
29
50
74
61
56
46
22
5
65
14
2
76
36
13
56
95
73
21
57
53
75
36
76
18
68
7
55
8
89
32
92
60
72
20
92
59
8
13
81
37
70
53
11
38
98
79
14
95
79
30
55
7
85
0
52
26
93
35
19
27
7
59
95
7
74
51
28
59
18
29
22
51
35
24
10
53
19
18
31
48
28
70
98
31
59
18
12
34
39
17
44
35
93
60
33
99
46
52
61
30
35
16
10
53
74
90
32
96
7
51
44
19
7
28
75
51
95
11
38
66
47
61
35
12
14
20
19
28
8
92
71
50
27
43
91
11
99
10
89
26
32
99
67
50
71
30
22
41
43
54
1
51
25
15
23
36
77
84
81
32
36
63
75
78
61
25
83
89
34
99
71
43
34
37
76
10
2
64
31
93
30
3
25
53
75
6
61
71
25
98
81
91
62
35
30
33
56
28
67
96
79
60
99
34
43
98
27
87
25
63
36
38
38
39
73
43
72
96
98
0
7
92
30
76
11
89
41
98
84
22
12
64
0
57
73
80
84
25
73
93
48
6
85
19
81
99
25
46
45
71
51
50
51
70
74
6
98
83
2
84
34
17
94
27
74
50
7
17
70
54
30
48
8
70
32
98
81
52
69
55
23
90
95
59
65
52
56
38
32
80
69
40
16
71
28
99
45
39
42
7
33
80
88
13
91
26
47
11
4
90
8
24
14
70
17
93
22
11
33
58
38
16
50
94
6
74
27
37
43
32
77
75
77
64
63
65
41
79
3
27
56
86
18
0
44
59
83
11
85
14
49
4
1
68
74
42
8
42
84
88
7
27
78
4
51
23
97
13
46
79
71
56
65
4
39
95
74
53
72
7
28
17
17
49
36
85
23
63
26
71
25
42
7
78
53
28
97
92
99
13
14
89
29
1
50
80
35
24
94
56
5
67
24
0
74
63
94
90
27
42
12
6
19
70
38
98
11
56
36
52
10
24
44
56
12
58
55
10
85
7
99
34
82
71
31
57
63
31
76
16
51
22
9
75
43
24
43
67
33
47
31
43
98
19
40
89
94
10
77
54
96
31
7
40
39
13
49
31
59
71
21
12
9
18
8
32
36
6
90
68
25
46
18
91
7
64
13
38
46
98
30
3
38
51
97
12
54
38
86
13
81
79
27
46
84
65
9
68
12
44
35
59
3
52
80
95
1
35
23
8
17
57
9
38
96
31
1
77
98
50
13
47
39
62
20
99
7
53
58
5
49
46
26
15
63
92
6
65
52
61
41
5
42
39
61
40
8
79
40
76
64
52
77
43
55
56
60
11
93
79
57
68
99
47
31
67
84
94
35
53
14
10
79
37
40
84
38
16
29
8
41
69
83
66
57
68
8
6
39
28
57
30
67
77
24
60
1
44
11
82
41
6
27
75
42
7
97
98
95
66
2
24
71
48
69
24
9
44
35
29
66
56
3
82
67
37
64
36
93
10
47
27
43
76
63
83
45
74
12
78
4
18
26
82
87
21
61
54
51
42
13
67
60
81
61
79
16
24
59
82
60
52
32
61
58
37
30
28
18
7
76
0
62
99
85
51
6
47
72
98
84
24
59
9
83
33
99
14
22
63
75
94
77
39
17
27
2
36
32
70
17
30
66
29
8
35
48
11
38
65
58
44
47
80
7
31
72
82
23
39
69
22
79
63
16
44
7
58
3
39
89
17
89
82
39
47
58
71
38
60
49
28
21
68
22
87
15
54
93
12
33
74
39
51
36
29
2
90
65
14
36
55
16
28
43
72
97
92
50
85
53
74
96
60
63
29
55
65
7
18
10
95
43
30
37
24
44
39
94
3
47
84
10
1
88
80
94
99
99
39
0
23
98
34
44
84
92
9
13
55
90
52
44
76
82
74
16
41
3
87
54
46
33
51
20
90
49
48
52
21
8
62
92
29
69
45
97
19
42
75
7
90
10
8
61
50
19
1
18
60
22
70
12
82
37
84
62
77
57
31
89
8
43
38
69
89
1
17
23
72
4
87
16
34
47
20
8
79
80
13
28
81
64
10
73
97
23
74
46
65
30
72
8
31
54
97
78
78
3
45
25
56
56
78
9
32
95
95
76
51
79
82
75
67
86
30
16
31
26
7
85
35
2
10
74
51
56
51
31
69
98
22
33
32
23
41
66
77
92
80
17
9
60
39
35
6
43
41
61
99
49
46
24
81
65
94
57
25
30
73
22
99
26
96
65
44
4
37
68
6
10
25
28
53
20
2
69
21
78
4
57
11
2
31
66
79
60
91
82
18
99
52
12
54
95
33
76
17
31
82
92
6
78
32
64
75
6
89
94
49
33
6
59
4
19
16
71
37
91
99
94
13
83
11
31
8
9
11
9
87
61
43
55
15
81
34
93
39
21
50
46
59
71
68
59
22
9
79
1
52
61
36
42
40
73
23
46
98
62
92
29
35
46
20
52
99
94
75
35
98
5
19
57
98
7
30
82
61
70
69
42
77
4
75
24
70
23
46
91
34
76
27
89
71
56
80
6
46
79
54
0
32
18
91
5
46
21
88
75
4
34
38
29
74
56
8
15
30
7
57
83
99
91
41
38
97
12
68
20
81
99
15
4
33
72
96
1
6
90
22
69
45
64
6
59
89
16
29
60
41
42
30
93
66
81
2
73
29
83
99
56
7
46
76
79
72
45
2
15
80
21
55
29
9
50
91
70
93
69
23
83
31
7
48
91
70
27
99
42
78
32
6
77
0
63
50
27
47
64
52
29
33
86
60
81
57
63
77
18
86
25
40
39
85
4
14
22
4
36
17
72
33
99
37
60
12
50
33
95
16
7
87
30
80
98
59
19
12
28
20
86
74
50
65
27
86
19
2
17
80
42
44
8
93
30
74
52
10
34
26
54
88
45
75
62
93
44
11
44
10
3
25
78
90
47
99
2
48
2
19
9
41
76
54
32
97
10
77
73
38
43
12
58
43
61
85
26
34
95
57
77
11
42
20
67
3
90
91
55
65
37
42
73
30
51
93
9
56
63
49
87
88
98
44
64
70
87
11
98
1
16
90
63
3
66
57
12
80
93
54
20
34
74
59
33
29
3
64
62
94
87
42
32
47
48
59
53
89
53
77
34
95
32
65
87
91
81
28
11
20
67
82
80
19
36
57
38
8
80
56
32
98
58
88
78
15
83
61
58
40
88
26
50
33
85
73
43
15
90
37
83
74
80
66
4
30
58
44
83
23
93
3
53
74
72
32
19
50
41
2
35
92
62
26
83
3
13
66
21
15
64
7
68
15
97
51
28
13
92
40
63
96
71
43
19
93
38
75
1
38
60
57
0
83
33
14
4
50
32
90
11
67
66
49
78
34
73
28
64
96
59
4
75
81
46
82
83
88
63
76
9
57
98
29
81
56
7
20
77
82
79
35
99
32
82
57
8
85
60
34
10
99
46
97
40
21
77
64
90
25
7
43
47
5
92
24
11
65
20
91
15
69
45
75
54
35
52
58
11
80
40
34
29
77
91
25
0
80
97
61
17
41
25
24
90
64
22
65
79
17
69
51
19
86
92
81
97
40
65
78
21
95
10
87
67
50
30
11
33
49
58
35
2
34
3
60
22
25
62
33
71
4
33
49
64
72
69
53
72
80
49
32
77
9
38
70
82
33
43
58
12
98
6
59
59
28
1
75
62
3
36
88
83
58
49
96
31
23
28
47
42
10
60
49
29
1
91
15
90
41
81
34
99
54
46
69
91
3
22
49
39
8
51
35
36
12
22
92
96
61
68
10
15
50
32
13
76
56
32
67
40
75
52
48
65
41
3
63
83
29
0
33
90
71
63
34
81
43
73
56
5
48
6
59
25
14
26
79
94
83
28
87
97
33
86
68
46
19
72
11
51
22
59
10
54
42
0
97
39
4
38
24
8
51
71
67
59
39
37
51
90
99
22
58
54
88
14
27
82
42
89
29
48
37
57
60
56
55
33
78
30
6
54
56
80
5
51
22
98
29
35
4
54
11
91
33
95
49
26
68
81
3
14
94
31
59
58
77
63
22
56
95
27
50
74
6
94
21
69
72
29
40
29
96
8
55
22
58
67
62
26
22
40
1
73
52
34
65
71
74
27
99
99
71
83
70
83
80
16
24
62
95
47
68
82
30
5
11
21
85
92
63
17
74
83
37
96
73
53
77
40
84
12
47
95
56
14
57
11
52
83
78
51
28
44
55
95
14
0
77
81
31
47
24
2
99
59
91
20
71
52
73
42
75
44
99
58
85
51
15
62
68
67
50
12
32
86
64
10
93
50
37
80
57
54
52
51
89
83
46
21
97
52
7
29
72
92
71
94
23
63
1
7
39
85
92
15
41
22
78
59
55
63
82
31
17
55
3
23
13
72
80
58
78
71
24
41
7
83
93
56
30
75
87
68
85
79
62
86
68
64
9
40
1
64
51
2
75
89
64
33
51
80
7
21
50
92
97
21
35
82
90
90
57
58
17
48
96
85
54
78
30
57
98
5
88
73
34
7
6
28
65
44
14
38
70
87
54
75
51
42
19
93
7
51
28
73
68
20
80
74
0
20
75
81
90
18
33
15
81
96
27
88
32
41
86
7
35
75
81
17
20
53
35
28
49
56
80
53
52
34
27
99
53
8
30
79
37
27
65
47
74
93
85
31
15
21
65
21
61
45
0
29
15
75
37
11
34
69
96
19
37
6
63
73
45
99
55
25
11
78
34
66
23
87
4
44
71
51
60
72
67
53
80
42
91
18
8
62
33
89
99
85
5
93
53
24
84
46
17
33
77
16
8
82
35
54
9
76
30
95
53
40
74
77
0
24
92
7
50
70
28
52
63
76
59
9
99
19
55
73
71
43
89
71
36
7
33
91
11
53
71
46
69
9
27
60
91
27
50
61
31
25
2
29
74
39
24
84
68
25
52
90
26
48
27
10
91
57
26
81
93
30
10
49
73
85
53
10
45
57
82
14
12
90
85
46
54
17
19
80
56
23
77
88
7
95
39
94
58
62
71
38
3
40
60
71
54
7
78
99
56
