25
29
28
97
29
67
99
0
99
86
8
39
0
0
0
73
8
75
56
29
60
55
40
28
70
8
83
88
60
17
0
0
0
20
76
46
98
75
17
81
58
96
28
10
64
89
61
16
29
43
8
93
69
43
68
35
46
75
60
86
94
91
77
93
18
16
53
77
94
78
91
36
68
14
74
71
84
2
99
59
11
24
49
47
30
40
96
62
40
12
15
90
53
84
50
99
15
39
84
93
60
99
98
43
64
54
16
92
48
13
90
69
78
65
98
15
41
52
21
76
32
64
12
15
80
8
90
82
20
0
99
24
88
91
98
0
31
15
57
18
93
14
51
87
6
50
97
39
36
75
58
17
93
49
88
12
85
49
15
4
65
14
51
17
67
23
56
53
69
56
96
87
15
48
19
84
54
78
20
94
0
0
99
9
38
95
84
49
13
83
0
53
35
19
28
96
27
73
58
17
29
35
25
10
19
32
46
96
33
61
34
41
17
91
59
32
56
68
31
2
26
32
96
19
60
15
58
95
13
37
66
45
11
14
47
23
94
20
38
91
9
99
33
63
18
99
37
39
53
25
15
23
94
79
34
75
81
54
90
34
97
34
35
76
55
14
92
0
0
0
72
26
90
60
35
31
19
67
99
95
34
44
87
22
65
38
39
79
95
98
0
43
84
8
83
81
6
7
58
72
16
61
98
87
23
80
46
45
68
19
52
88
82
3
82
99
20
75
17
64
56
15
54
34
54
72
56
92
58
68
38
31
71
4
24
11
44
50
6
86
13
91
12
4
89
15
78
20
11
32
69
60
90
7
37
43
29
80
63
62
85
7
38
19
0
44
15
86
19
7
65
82
43
88
95
95
21
62
6
26
91
59
9
39
57
94
16
14
27
19
75
41
86
21
99
68
88
99
12
27
3
56
24
87
55
9
8
71
90
26
42
19
71
38
62
19
52
46
56
12
11
85
6
76
61
31
26
64
20
10
81
42
64
31
48
99
20
39
17
69
34
29
76
55
33
61
77
9
18
8
16
91
56
18
78
7
43
50
98
37
50
95
58
96
16
22
54
84
67
2
44
4
54
69
42
29
7
8
37
93
86
94
56
39
64
18
54
58
6
56
15
92
62
52
61
43
39
53
81
41
76
75
42
57
23
93
80
98
61
18
99
18
65
99
16
63
19
36
9
99
65
21
11
39
26
63
99
16
45
10
97
19
97
62
87
95
66
71
48
69
50
36
29
3
91
72
60
95
18
43
83
62
79
13
85
27
79
90
52
49
45
60
78
61
15
77
91
28
61
58
28
18
7
74
99
92
36
68
98
65
2
74
14
50
84
77
40
20
83
38
85
95
59
17
12
36
74
40
90
28
92
15
55
89
52
14
58
4
38
90
79
32
68
39
61
20
68
22
53
94
25
39
50
36
97
98
16
17
30
43
96
52
85
95
59
61
99
7
71
44
29
37
38
95
3
58
18
95
46
84
10
95
11
40
13
63
99
44
81
86
59
13
96
33
49
20
48
52
21
92
30
76
30
41
69
11
9
69
1
18
58
14
85
54
86
54
13
44
37
70
20
54
88
16
34
46
79
81
18
53
14
72
74
43
63
32
39
45
84
4
45
72
97
23
94
77
40
75
68
87
32
25
7
14
63
99
51
31
68
33
32
23
79
97
90
83
37
4
44
61
97
25
81
64
17
57
93
10
99
59
46
74
7
28
69
16
24
85
4
13
46
85
91
78
19
24
32
94
6
43
92
77
23
63
79
88
58
56
5
19
35
90
98
73
13
33
49
13
85
28
17
74
39
21
51
70
66
62
84
16
49
44
10
80
94
62
90
46
20
52
79
34
99
54
92
15
58
70
69
4
81
24
48
93
33
89
80
71
46
72
53
26
89
5
86
60
4
31
77
51
64
17
99
99
40
34
56
15
93
8
42
71
20
90
34
72
8
61
26
60
41
89
53
82
17
62
98
18
74
78
2
15
77
20
15
29
90
64
24
14
52
87
99
43
83
79
16
42
46
70
53
82
59
78
77
18
86
38
74
9
4
37
17
94
25
68
32
96
12
29
74
99
12
28
20
50
62
23
21
63
98
25
92
40
10
34
26
45
86
64
16
39
14
78
91
46
49
3
19
77
43
9
84
78
34
99
0
99
26
90
59
54
11
65
97
16
60
98
18
63
55
72
46
95
24
64
18
98
1
63
3
66
75
89
55
94
48
24
70
63
95
28
47
48
96
54
76
32
65
85
28
11
20
87
20
56
17
99
64
47
91
68
63
56
40
50
31
96
16
77
46
81
52
16
56
89
21
48
81
74
76
35
12
64
29
80
69
21
15
70
10
97
20
88
58
77
35
19
74
3
37
15
94
58
62
34
90
49
21
78
28
65
94
64
99
25
99
67
89
99
21
67
13
73
82
98
5
78
84
49
14
49
98
19
64
90
25
51
5
87
70
24
95
8
64
35
57
19
78
27
73
89
78
98
28
21
19
81
51
83
18
33
84
95
41
63
81
2
92
89
11
33
49
4
35
5
17
47
83
13
50
89
50
63
78
82
16
60
33
43
57
6
59
98
81
99
51
81
70
48
22
28
47
59
49
32
15
94
58
99
75
39
3
27
50
52
35
36
89
81
66
15
57
32
68
21
99
54
49
67
48
81
14
92
50
23
43
74
56
6
59
25
67
96
83
85
45
97
20
80
9
77
18
49
98
47
4
4
54
75
37
36
50
22
57
53
26
75
42
42
12
81
61
23
89
54
56
83
15
95
58
58
11
86
49
26
70
15
92
56
28
22
34
18
62
98
99
99
99
24
97
16
34
74
54
39
14
77
18
62
99
95
17
60
84
13
24
44
81
84
8
20
98
99
0
0
74
53
80
14
45
92
57
10
49
50
28
44
14
0
65
56
88
18
82
33
61
42
73
44
74
45
9
99
72
39
0
99
0
94
67
51
97
85
61
42
19
23
54
90
17
5
54
78
52
22
77
63
80
32
3
24
13
19
93
57
38
78
95
85
92
65
28
98
71
41
10
58
82
88
64
81
7
21
95
20
34
90
51
59
91
85
54
56
96
6
29
7
6
45
13
38
57
75
48
93
18
59
63
22
99
12
58
84
32
17
78
90
32
41
35
76
78
52
33
30
93
53
51
99
65
17
37
26
73
92
84
30
83
21
61
99
0
99
34
66
97
11
47
82
57
27
10
50
14
87
74
55
58
53
99
44
18
51
28
69
45
92
76
40
17
51
97
63
20
8
85
54
94
77
15
52
89
92
15
57
37
76
98
92
18
56
43
86
70
56
92
16
48
57
24
90
27
51
25
2
30
35
99
42
90
37
46
96
61
25
31
11
49
54
11
44
26
10
88
55
16
18
37
78
90
41
98
59
36
3
38
54
12
71
