4
8
67
53
51
88
80
33
75
55
53
79
25
31
77
96
75
51
36
44
93
8
7
1
3
21
34
39
7
89
56
2
51
59
9
53
19
52
97
96
36
21
41
37
26
63
94
19
71
64
32
34
96
35
68
67
62
35
39
7
91
24
83
22
96
91
82
24
1
83
16
9
96
83
76
74
22
95
38
34
7
77
51
75
61
50
7
8
41
6
51
91
92
56
49
73
41
91
62
43
2
57
1
4
92
76
82
78
56
13
74
11
33
85
9
43
45
22
81
66
71
92
55
87
31
11
50
55
46
17
84
16
43
14
88
54
69
81
56
71
34
38
33
67
36
60
44
17
58
19
9
10
3
46
99
35
29
40
28
31
97
96
69
63
59
56
99
22
96
95
6
10
86
71
83
17
19
4
10
39
54
44
9
53
27
42
60
57
43
48
67
14
32
87
9
61
76
72
67
5
96
71
30
40
75
82
12
7
70
81
20
60
63
28
54
47
17
18
43
19
99
81
97
34
6
93
58
85
79
55
59
62
6
98
94
47
62
98
97
57
24
25
34
81
23
25
92
86
84
31
53
72
96
91
39
59
75
64
56
65
22
70
41
90
96
55
59
58
83
42
18
76
24
15
44
64
84
50
19
8
61
91
89
45
40
11
95
24
96
35
35
56
38
73
46
76
66
73
78
92
52
51
40
44
48
43
75
76
41
34
71
44
60
46
96
73
9
72
63
75
53
25
57
45
94
82
45
48
69
38
28
61
60
49
40
31
81
78
70
16
59
65
86
2
58
6
12
72
59
13
17
36
9
23
34
91
57
87
81
75
3
94
29
84
27
62
27
37
65
45
21
67
30
38
25
92
41
45
44
61
3
10
6
40
38
14
22
44
52
32
29
45
63
53
26
40
3
63
33
36
30
34
28
98
24
90
70
31
30
74
0
49
25
27
21
10
20
15
32
28
56
16
13
64
69
12
93
49
4
13
46
98
37
38
97
66
60
55
2
57
93
81
63
68
73
27
29
1
38
19
50
25
48
52
45
5
46
57
65
77
92
21
84
49
26
14
66
30
93
19
26
44
61
32
45
93
95
61
82
48
49
6
2
44
5
25
19
33
41
57
46
86
42
37
48
58
36
38
41
54
50
58
21
52
24
76
3
57
63
59
89
26
92
14
72
26
4
13
15
1
45
55
39
31
24
15
2
6
7
87
70
4
72
5
0
72
19
14
25
26
36
37
33
69
38
72
34
77
94
89
81
84
99
25
15
80
12
95
7
34
10
11
1
90
81
45
91
36
68
98
22
7
14
42
19
49
20
19
50
15
91
71
88
82
74
71
45
73
68
21
82
19
28
81
79
22
6
38
82
3
68
38
78
77
51
67
43
7
6
5
68
76
61
84
86
47
51
75
46
48
14
54
91
45
61
93
9
65
14
10
91
80
88
61
68
87
12
36
4
89
14
9
1
59
11
37
56
55
10
93
6
40
16
73
12
85
11
51
76
13
9
14
24
33
8
37
94
43
40
99
92
49
21
26
9
34
85
58
89
59
37
76
71
54
66
33
78
32
52
23
22
96
92
16
66
88
19
17
79
86
46
61
59
9
53
30
31
28
75
6
61
11
82
73
75
61
92
5
66
94
70
64
59
62
71
8
71
30
53
6
85
95
93
89
63
36
75
77
74
71
38
54
47
32
52
40
43
71
10
90
54
74
56
97
76
97
41
18
4
98
75
71
70
86
22
84
90
58
10
85
45
25
49
42
64
87
91
86
3
41
7
69
2
79
8
43
11
50
64
60
9
48
64
54
20
10
67
4
65
3
11
22
53
38
28
42
2
85
6
50
39
28
45
88
42
48
51
32
61
25
2
9
5
84
96
81
17
33
9
30
31
95
28
50
44
77
47
44
80
56
70
74
38
39
12
68
8
24
44
19
50
27
54
29
55
68
59
40
72
65
91
4
30
85
15
79
99
78
32
30
95
87
46
91
48
84
34
65
6
69
41
90
68
63
75
53
33
14
58
12
66
37
36
72
92
35
38
34
95
94
17
7
30
14
37
58
10
88
7
83
20
49
13
47
45
92
89
64
43
45
93
92
39
95
87
74
16
18
15
20
5
7
9
45
74
10
6
86
9
0
13
76
77
82
75
13
19
67
71
90
87
88
57
90
5
57
86
84
72
81
3
38
50
8
0
94
85
89
87
8
73
22
82
89
74
39
30
21
24
22
94
88
43
66
35
35
44
0
91
32
75
6
1
80
86
12
99
11
70
96
53
47
28
33
29
57
87
61
50
88
85
91
12
15
88
48
42
18
80
52
26
32
14
27
88
0
75
61
58
82
35
36
37
19
18
2
11
56
80
39
77
35
22
21
31
77
76
87
69
1
47
10
9
7
62
37
34
42
32
2
33
59
20
78
37
35
37
95
54
33
65
50
18
9
13
94
68
81
54
60
16
44
41
28
54
46
56
5
36
57
95
93
11
18
23
19
12
30
21
0
9
67
87
12
24
86
3
58
59
67
78
33
36
35
71
17
55
25
27
47
47
73
28
45
31
81
57
39
54
64
60
99
92
24
55
27
8
68
9
26
3
95
62
84
55
33
29
23
88
31
89
53
32
66
67
51
43
95
29
10
52
23
32
25
27
51
42
35
41
70
21
55
38
39
41
4
85
69
24
8
70
62
81
31
82
35
15
14
53
10
92
67
66
69
25
41
27
58
25
17
9
23
12
65
6
54
58
97
96
70
85
63
81
29
34
92
58
54
19
89
66
84
67
87
79
98
47
90
96
63
89
56
61
71
86
27
92
50
96
98
69
74
91
62
65
26
93
85
18
25
53
86
17
56
13
41
36
69
65
81
30
24
43
39
25
25
45
63
41
42
91
45
48
84
93
26
34
7
1
92
36
28
77
40
87
18
3
73
74
71
22
36
49
45
40
8
64
73
15
22
87
43
83
88
32
48
19
50
66
65
53
71
10
58
52
97
57
58
55
54
86
52
88
90
83
11
2
88
94
89
27
30
71
17
48
88
0
1
87
79
13
15
68
62
72
53
17
85
99
56
11
27
78
26
10
11
47
8
39
46
59
63
28
13
2
61
16
27
25
59
41
24
27
77
72
27
97
73
59
80
85
80
84
18
57
74
0
15
13
82
19
5
81
74
12
41
19
21
57
84
10
7
89
29
82
55
39
43
73
67
72
49
76
78
27
29
64
21
77
68
54
96
89
20
98
15
17
76
71
68
6
68
9
85
11
19
8
63
70
93
90
46
61
51
49
2
21
29
16
33
47
3
41
2
24
80
31
38
49
54
8
97
93
86
4
93
83
12
9
16
96
94
79
63
99
68
84
34
36
92
23
73
42
66
4
84
95
87
74
26
17
39
31
27
46
60
69
57
82
92
21
67
27
26
22
66
28
2
77
1
2
79
90
84
82
90
86
76
53
38
61
84
4
71
89
99
28
86
14
58
88
54
45
48
82
13
1
61
48
59
74
60
41
64
56
98
52
4
3
94
89
49
74
51
46
89
81
30
83
78
13
28
92
23
12
46
78
54
6
13
64
17
48
67
59
15
25
56
9
61
17
18
25
11
90
15
89
6
75
71
30
21
57
60
59
71
40
7
4
95
2
31
68
91
82
38
99
45
49
47
86
68
75
71
39
62
53
90
47
42
34
32
20
76
85
44
86
18
79
75
34
56
84
54
53
87
22
47
72
67
34
5
90
68
26
53
81
72
78
77
59
31
11
20
32
93
99
39
32
82
8
61
2
67
68
41
9
45
66
30
23
26
55
31
60
30
91
55
21
94
56
29
33
57
61
88
5
1
76
47
47
73
22
7
49
23
11
14
9
6
80
30
93
23
6
99
64
94
67
21
45
84
83
90
53
61
26
60
24
15
22
87
69
79
82
99
95
85
93
88
79
61
63
86
76
83
77
32
66
24
91
1
27
23
7
78
87
63
45
51
60
58
61
84
59
44
12
66
89
35
75
83
68
3
65
38
0
35
43
74
44
25
11
26
30
10
1
0
15
5
68
98
90
15
9
54
53
91
35
57
70
65
23
53
66
17
86
25
15
84
31
38
33
26
51
87
31
88
66
42
20
95
49
91
75
21
17
67
26
84
57
55
4
36
45
35
46
43
28
41
66
14
81
65
73
34
53
19
49
84
90
83
81
92
91
8
21
46
18
22
73
85
74
63
94
5
92
4
19
12
64
54
68
63
48
36
97
27
37
39
32
29
87
60
34
45
65
83
49
73
45
40
42
56
51
60
52
72
69
75
89
93
8
13
67
93
7
12
54
97
93
55
94
60
3
16
8
10
72
83
51
87
85
82
9
70
41
77
95
86
74
47
3
10
4
2
34
32
1
3
27
15
11
28
86
33
68
24
69
48
13
63
22
74
58
86
5
96
47
11
28
18
46
74
51
47
92
91
90
60
31
30
75
58
32
12
56
61
64
63
36
50
4
87
84
88
15
53
19
51
94
84
81
22
78
32
43
57
62
44
1
80
75
91
82
89
36
13
16
19
34
29
42
38
90
0
64
74
6
55
83
66
76
69
19
31
67
81
95
2
5
3
16
54
7
8
18
87
25
24
23
11
70
14
20
56
78
46
39
52
86
69
38
29
72
14
69
62
44
64
70
78
51
6
14
78
22
82
21
75
83
48
31
41
20
37
38
3
40
83
27
5
22
23
24
1
49
48
38
5
17
28
22
23
11
29
37
84
72
36
78
1
98
99
95
88
61
34
42
83
12
70
16
8
66
57
44
56
69
2
28
27
66
32
36
28
26
47
45
22
82
48
20
74
83
65
82
43
12
7
74
92
77
87
94
49
96
52
91
97
82
73
61
1
19
33
92
27
50
22
51
41
53
42
66
96
6
25
38
50
10
35
4
7
77
66
63
92
1
61
29
21
88
89
94
92
32
15
61
69
88
81
36
44
34
70
39
86
51
61
26
48
65
66
23
57
89
58
36
68
49
32
36
59
35
33
34
39
29
89
21
96
17
98
95
88
5
93
92
84
11
21
7
26
15
6
42
62
72
51
59
48
89
49
58
72
75
86
78
69
80
46
12
92
30
89
82
76
2
8
63
67
77
59
62
46
48
38
70
32
29
43
19
55
17
56
87
91
61
64
97
85
11
88
58
82
98
91
87
41
9
52
92
87
69
47
84
68
69
49
23
98
0
3
84
50
14
8
7
33
38
65
36
57
32
60
2
4
5
1
30
38
39
70
44
27
61
35
11
16
37
31
2
36
0
85
93
81
94
25
12
21
25
28
23
32
58
17
23
52
40
67
52
18
36
58
71
79
62
63
66
63
51
52
41
93
71
26
57
98
1
96
0
63
27
71
24
49
51
25
44
57
23
84
55
53
84
18
56
14
78
5
68
8
7
36
61
62
11
39
26
78
57
58
67
94
95
30
97
38
71
87
85
75
24
69
6
47
44
39
1
56
59
6
38
46
5
47
50
14
79
13
31
8
4
78
23
60
63
75
20
53
68
29
21
3
2
92
89
90
42
86
18
99
48
90
89
79
69
3
9
34
37
18
11
80
24
95
97
50
74
6
5
22
27
4
46
50
52
36
44
17
40
12
15
14
65
46
22
36
65
95
33
38
68
78
43
37
48
76
13
77
22
15
80
22
52
26
37
23
