4
99
61
95
37
87
99
30
82
60
83
90
60
99
77
73
88
37
62
99
1
99
61
29
84
99
91
77
44
96
87
99
91
89
92
76
82
99
91
81
99
73
87
99
91
86
89
99
27
96
99
93
86
88
99
88
61
99
88
40
95
77
2
94
99
72
49
99
76
99
89
82
99
75
89
92
86
89
61
93
7
84
99
68
99
84
1
99
83
91
37
94
32
72
78
65
22
83
90
99
76
78
99
84
11
99
40
82
95
99
88
99
54
88
98
41
76
50
99
18
61
92
86
40
99
16
85
89
97
85
99
16
67
99
52
61
83
92
52
94
99
89
87
82
99
87
5
79
99
18
61
93
84
72
96
11
93
86
99
69
64
99
76
96
30
99
76
79
83
99
26
76
99
55
16
84
90
94
72
78
82
99
4
88
77
99
84
90
88
83
89
92
99
70
65
72
95
99
77
96
99
92
71
64
38
96
99
62
98
37
99
84
91
88
71
99
76
88
99
92
87
70
96
64
99
16
95
8
99
89
84
94
99
88
93
84
88
62
89
68
99
88
72
99
89
81
61
95
78
84
95
99
73
95
79
17
99
40
99
88
31
77
99
88
60
99
54
72
99
80
89
70
92
61
88
70
72
97
79
48
95
43
88
66
5
99
83
60
99
52
56
93
85
99
99
15
62
77
93
85
17
94
6
50
88
1
17
99
83
84
99
90
26
99
82
94
40
65
93
85
88
73
99
79
85
89
99
71
64
89
95
99
88
98
16
27
59
99
89
83
89
95
89
64
82
39
70
50
88
99
75
94
85
99
87
99
83
87
99
91
85
89
94
17
97
99
28
99
77
63
99
67
99
84
90
28
94
99
83
91
79
16
96
99
71
97
29
60
81
99
42
88
99
95
99
88
92
87
70
95
99
62
99
60
51
97
99
83
88
99
78
99
81
65
87
94
40
93
86
89
93
86
98
90
74
78
71
95
99
48
7
15
99
86
28
74
99
70
71
99
64
76
88
53
99
89
73
72
99
59
92
51
86
50
66
93
88
66
77
99
76
89
87
99
71
83
90
78
38
0
95
73
99
79
99
60
50
99
73
80
84
89
92
99
85
90
49
96
99
60
96
81
77
96
99
99
85
40
88
55
72
96
99
50
93
77
60
96
99
63
95
83
60
50
99
66
39
83
71
50
94
86
96
99
84
17
94
87
98
50
96
85
99
90
86
99
61
99
73
79
28
84
90
88
99
74
92
87
82
59
81
76
50
82
75
43
87
99
82
75
90
99
81
28
69
28
11
93
86
63
95
67
64
88
99
74
62
97
99
72
99
83
83
93
89
99
84
90
99
89
66
49
98
7
84
89
99
88
99
32
93
84
88
80
18
99
99
89
81
99
55
72
99
59
53
73
88
99
94
72
78
61
88
69
99
50
56
65
82
67
62
85
89
93
86
50
40
99
74
87
90
93
72
88
80
16
99
7
7
84
89
96
66
16
14
99
8
82
75
87
15
99
88
73
84
59
99
85
67
60
99
77
92
88
38
99
72
83
99
84
27
78
16
73
82
75
92
85
69
42
99
88
64
88
99
66
77
97
99
99
89
92
91
45
83
95
99
51
99
84
91
94
87
84
76
94
87
92
87
82
80
99
76
71
93
99
16
99
72
96
99
81
82
99
73
38
96
99
86
99
90
77
96
99
5
95
99
1
96
60
59
82
75
39
87
91
50
76
99
95
7
99
99
84
91
72
79
96
71
92
64
99
60
20
94
99
88
71
94
87
83
99
91
28
82
75
27
92
86
40
93
85
81
99
54
87
99
60
86
89
95
15
83
90
99
66
89
39
93
84
94
99
50
95
39
46
99
84
91
83
99
90
82
75
90
89
73
78
51
67
60
99
77
19
99
88
29
94
59
99
39
97
64
84
89
99
95
38
29
72
27
55
73
90
86
59
99
15
99
74
78
50
80
99
39
96
73
67
63
88
99
86
90
93
87
72
39
64
67
38
84
91
99
80
76
99
78
16
81
76
72
82
99
75
77
87
95
3
62
67
40
58
17
97
72
79
87
98
96
99
78
75
99
88
75
99
83
91
75
94
99
69
94
18
85
89
83
87
93
81
99
88
72
76
91
55
89
87
77
61
99
54
88
99
72
77
29
49
28
93
84
93
88
71
71
95
99
94
86
97
62
99
68
94
86
99
52
57
99
99
89
83
85
89
99
99
83
91
61
95
67
87
90
96
99
76
88
99
88
63
99
69
65
84
90
80
96
99
83
92
87
84
62
83
99
87
99
44
95
99
82
87
99
91
59
85
90
99
89
81
30
72
79
99
84
9
99
82
75
66
99
76
50
85
90
52
95
99
87
99
55
5
95
80
70
65
53
99
83
70
84
91
72
99
71
89
83
99
91
95
99
86
99
83
91
95
99
87
87
68
99
99
88
49
99
89
62
92
87
66
74
78
80
72
99
81
18
83
91
79
74
29
75
99
79
61
82
76
75
88
79
99
33
48
88
99
75
83
90
86
48
72
79
87
99
72
88
44
78
49
99
72
72
94
99
59
82
75
88
60
6
3
95
99
99
83
91
76
96
79
61
94
99
99
80
75
16
71
99
87
99
91
28
95
99
89
84
91
95
99
83
51
91
86
98
99
88
93
74
77
83
90
92
17
82
73
83
99
90
89
83
91
29
98
96
99
83
48
96
99
83
84
99
90
16
99
77
87
99
76
87
99
91
88
99
78
86
99
90
40
72
47
11
39
99
14
94
99
84
99
90
99
84
90
87
99
91
84
91
88
27
81
75
7
93
86
16
93
87
86
99
50
99
77
59
84
89
95
99
12
39
60
98
96
88
99
4
74
94
78
62
97
68
62
99
67
99
84
30
66
99
76
17
96
99
67
55
99
77
95
99
62
67
99
99
85
90
83
90
86
82
99
75
85
89
99
99
83
91
16
94
99
59
99
88
61
93
86
93
85
99
77
98
0
53
57
99
66
99
89
99
88
66
95
99
84
52
83
56
27
99
73
63
96
68
96
99
63
71
89
64
99
76
78
71
53
94
88
99
77
61
38
99
99
84
90
93
37
84
28
99
78
99
87
91
94
50
99
27
94
99
60
82
75
99
52
57
88
99
76
61
93
84
99
36
32
95
99
88
81
99
10
99
84
91
99
88
62
99
80
75
98
73
40
49
84
90
99
87
91
99
83
32
85
91
50
78
62
22
71
95
99
28
99
44
92
69
88
83
99
91
99
75
79
30
61
35
94
74
78
38
94
83
93
83
88
72
78
50
93
86
88
70
87
90
61
93
85
55
85
90
99
89
82
99
60
53
50
83
90
74
89
79
77
96
99
87
99
72
99
71
51
73
89
24
93
87
99
76
92
88
78
99
52
99
73
80
87
99
84
