4
19
40
77
6
31
29
83
33
94
6
16
94
16
5
44
60
84
65
0
83
1
28
34
16
72
5
73
41
46
18
60
27
41
22
66
71
0
48
18
84
24
10
28
19
55
94
30
25
5
50
72
39
89
0
12
39
53
15
56
81
18
75
56
99
52
49
82
5
81
10
99
3
29
0
38
80
66
62
7
68
89
30
44
0
50
2
37
16
32
36
32
28
27
20
34
21
24
39
93
64
11
71
22
8
38
82
73
41
45
82
28
62
88
39
72
78
52
18
24
39
82
8
39
94
46
16
60
52
16
0
66
99
50
22
63
17
23
45
32
49
9
99
22
0
3
92
77
21
87
70
64
16
72
9
12
43
82
60
37
59
54
94
48
4
73
97
27
73
94
78
26
20
22
77
3
16
47
82
75
72
1
3
94
2
99
61
81
76
16
57
76
99
57
46
81
44
6
93
23
21
80
62
10
38
49
17
34
6
15
39
82
46
99
67
28
71
11
33
11
32
82
71
65
61
80
28
11
39
99
46
96
39
99
0
3
99
38
31
7
0
93
86
71
89
34
97
28
55
38
61
71
77
27
50
20
23
40
30
34
71
22
99
48
59
42
53
65
92
17
11
92
85
74
6
17
72
4
96
55
77
44
33
3
61
0
40
90
93
48
41
38
71
88
6
99
13
22
57
54
82
38
76
48
5
42
73
95
78
82
27
74
22
2
94
28
97
99
97
33
66
94
0
38
11
28
69
28
71
35
85
29
89
40
45
0
61
28
34
76
95
82
67
54
10
61
77
97
9
29
36
64
72
93
11
56
44
16
9
58
93
0
3
26
0
3
68
48
99
67
59
10
60
19
24
94
86
99
22
13
84
82
62
99
69
65
4
57
76
79
41
47
93
5
29
37
12
69
54
38
93
86
82
76
43
72
26
80
11
21
77
79
0
29
78
46
43
15
82
74
9
12
99
55
23
44
60
17
40
48
8
69
26
0
48
63
68
37
92
4
54
52
72
79
76
14
44
74
43
49
83
49
43
49
88
57
61
39
10
28
36
69
12
88
78
17
50
58
62
1
67
27
94
39
16
55
6
94
73
27
86
19
36
3
88
71
47
28
5
76
94
21
94
34
4
40
15
45
94
99
44
77
52
58
60
88
28
93
15
29
84
49
39
77
50
0
58
54
43
50
16
24
94
12
36
25
44
4
48
4
39
87
68
64
37
0
2
65
78
73
93
72
86
11
95
99
87
97
55
48
18
24
50
94
58
11
43
1
44
5
22
99
26
19
72
99
7
60
28
39
68
93
86
33
60
43
29
5
0
27
0
2
13
71
63
93
18
24
72
55
92
50
29
12
56
37
53
30
34
71
16
34
76
59
83
53
95
8
11
62
27
67
54
69
99
26
7
12
44
27
55
40
46
66
50
57
44
38
77
21
37
87
90
86
51
90
10
99
26
72
94
11
28
94
83
16
7
24
7
84
92
67
84
90
11
82
99
20
83
48
12
57
5
28
62
38
0
3
51
68
25
0
99
8
61
1
27
55
0
3
75
50
14
58
22
69
64
73
44
78
88
33
61
72
94
99
51
83
66
0
61
68
82
44
62
4
48
22
0
29
34
58
27
20
94
6
15
45
28
10
45
33
20
66
8
33
12
99
0
0
3
18
16
37
50
84
18
44
38
31
71
81
76
21
93
17
83
0
75
27
60
53
38
71
94
99
50
26
9
82
14
55
0
99
72
27
3
47
87
6
61
61
18
23
6
82
14
0
2
12
69
0
50
37
77
55
73
97
14
48
42
72
27
0
18
50
22
57
92
85
88
9
48
43
3
33
44
99
17
0
28
47
88
5
48
42
72
16
9
16
55
93
22
93
38
89
77
49
0
27
49
81
18
41
40
70
64
29
51
58
44
54
85
29
5
13
5
15
0
61
97
99
73
39
8
16
83
72
61
4
39
49
27
19
99
4
27
65
83
28
36
66
6
50
81
75
83
90
30
37
15
9
92
86
97
81
76
60
72
37
81
23
57
11
51
66
95
0
38
3
40
58
45
17
84
23
99
33
5
6
84
90
88
12
1
30
82
72
27
59
6
25
44
20
88
69
33
15
77
87
27
66
21
70
99
65
76
35
32
61
93
0
95
27
20
27
49
42
33
95
66
97
28
11
61
68
55
84
41
90
58
78
54
7
12
83
59
18
44
0
6
44
5
81
55
83
41
92
61
82
67
28
72
35
99
83
3
78
17
0
2
60
99
82
49
41
25
43
95
54
62
8
37
83
92
88
48
42
65
34
31
50
93
85
57
25
21
81
36
32
36
31
83
70
12
49
3
83
66
33
70
51
40
62
68
50
57
44
61
43
21
4
44
88
31
85
89
17
85
90
61
17
24
39
16
56
17
95
99
70
95
65
71
16
64
86
56
0
12
93
44
44
83
0
56
39
48
35
59
53
70
31
85
43
46
82
77
39
98
71
35
32
27
20
1
70
16
8
81
75
53
32
66
49
85
89
99
16
84
90
46
43
48
14
4
0
69
48
43
50
70
0
72
94
49
53
17
25
6
13
83
6
87
28
72
51
99
59
42
77
71
61
16
67
61
50
88
65
13
95
61
70
76
5
34
95
99
33
28
99
60
60
52
94
4
71
17
11
71
99
62
6
29
89
36
81
16
93
84
56
82
44
30
99
89
48
42
99
52
11
7
82
75
73
60
44
82
93
0
2
76
29
34
28
73
35
12
0
78
48
93
42
11
40
80
11
99
71
84
0
44
93
16
10
99
67
0
17
24
26
62
82
40
43
23
21
73
31
99
49
5
42
77
21
23
16
61
9
7
13
94
60
6
16
5
80
43
26
44
96
32
44
54
56
50
58
38
95
99
30
98
34
56
3
39
71
94
45
62
34
69
39
47
71
61
30
53
52
66
57
17
39
46
15
67
10
49
29
34
17
24
11
55
73
78
38
8
13
66
17
50
55
84
90
59
53
55
33
55
69
49
84
90
16
5
50
52
94
56
39
61
17
71
88
64
61
93
86
29
35
6
51
57
0
66
55
76
10
17
50
39
97
60
54
73
78
5
36
32
39
55
2
4
39
46
63
82
67
71
31
89
10
22
55
73
48
42
62
69
28
39
16
8
95
38
70
5
0
27
80
6
74
93
15
47
93
8
13
3
72
81
39
71
47
60
53
56
94
15
9
96
0
33
5
51
59
21
24
93
60
54
50
61
0
27
88
99
29
37
31
56
3
71
94
72
93
87
5
23
21
61
44
17
84
60
51
28
34
50
7
12
16
27
45
78
38
8
14
37
70
31
22
50
82
60
54
38
52
66
89
23
43
62
18
39
23
11
89
73
3
54
0
85
24
95
10
27
95
28
6
37
77
47
43
43
0
81
39
55
88
