99
71
23
47
63
90
4
67
99
86
63
99
28
80
66
83
99
66
69
15
99
77
89
82
94
96
59
72
65
85
99
72
89
78
85
41
99
86
91
36
99
73
57
87
92
99
66
6
53
33
58
99
71
66
90
74
99
65
33
7
81
99
88
50
24
99
87
57
77
44
19
99
64
87
84
68
75
64
83
14
37
89
82
93
44
99
63
78
48
23
99
54
84
90
71
41
63
99
83
90
78
33
99
89
85
43
96
99
85
80
99
77
89
67
48
78
99
89
84
94
99
59
81
89
85
81
92
99
86
64
35
99
67
76
92
92
99
85
82
72
98
95
72
80
16
95
99
87
83
71
97
99
24
81
87
68
99
41
73
61
66
86
79
99
92
99
87
47
65
83
99
85
91
28
82
78
99
66
47
90
68
71
88
64
85
99
59
89
78
62
94
99
52
68
75
52
92
99
81
86
37
92
99
69
72
32
89
81
99
69
80
99
68
76
87
99
48
81
89
85
72
99
47
77
90
60
99
84
89
69
77
55
89
74
99
64
95
48
99
72
99
70
59
66
56
15
69
35
1
42
50
91
99
81
14
37
69
92
11
0
32
99
59
86
91
99
79
90
65
86
74
99
46
21
71
13
82
85
78
99
87
61
79
58
40
16
89
99
46
85
99
41
81
60
32
99
72
54
38
15
78
99
88
84
53
99
50
65
47
76
51
31
99
69
83
54
87
70
33
92
47
90
99
84
78
97
99
57
80
10
15
99
72
47
62
90
75
99
12
55
99
87
83
63
78
70
96
99
84
66
94
99
75
54
78
66
91
53
84
99
92
68
99
74
78
82
99
78
90
94
57
81
88
78
99
99
80
56
75
86
91
99
85
51
70
51
87
41
99
58
35
75
99
90
86
97
99
57
80
44
97
94
73
89
26
96
71
57
80
99
94
47
99
66
87
99
67
58
71
63
15
90
67
45
75
75
57
62
15
82
99
86
48
63
76
95
70
38
99
58
92
99
78
59
37
25
78
84
75
99
46
93
99
78
88
95
99
43
63
85
73
99
8
38
64
99
59
84
90
76
72
92
65
57
85
83
99
47
62
77
68
87
99
71
93
60
83
86
90
99
91
66
85
99
77
93
99
84
57
24
58
91
41
99
82
92
99
9
29
68
62
82
86
99
66
93
99
36
14
75
99
86
42
64
91
99
85
39
59
62
22
88
99
84
80
98
71
94
47
74
90
51
70
61
35
36
85
57
99
91
84
79
99
91
54
60
86
10
82
79
83
99
89
80
74
92
59
41
99
56
67
92
99
75
63
99
88
68
84
79
25
99
54
74
13
99
87
68
92
58
99
87
83
75
93
15
86
78
0
53
73
99
65
35
85
93
99
47
78
55
53
99
88
82
47
99
88
84
72
54
45
68
99
87
59
53
73
15
2
25
88
77
54
34
74
56
95
99
72
12
99
68
34
49
8
37
65
99
58
69
83
87
61
76
99
73
99
46
68
89
99
87
92
72
82
43
90
64
81
86
99
78
90
84
56
53
79
87
73
99
43
79
62
83
74
45
92
60
15
52
99
84
90
62
58
75
94
99
81
59
99
19
64
87
0
75
54
90
14
2
58
76
87
80
95
99
85
90
81
64
33
87
65
15
57
13
82
99
88
93
99
57
66
84
90
34
93
60
78
50
99
68
72
64
90
56
93
71
87
67
76
58
51
66
79
77
51
99
89
85
99
87
83
76
58
75
36
99
53
66
55
92
99
84
81
91
99
85
27
49
90
74
86
79
99
99
70
53
85
80
65
90
54
69
86
78
27
10
61
37
66
91
99
85
63
99
84
49
89
81
83
79
99
58
91
90
74
99
37
15
78
99
89
64
14
58
80
61
76
67
99
7
45
29
58
56
69
83
87
65
99
80
59
38
76
87
82
65
96
42
16
74
41
65
83
55
93
99
73
67
99
74
56
90
78
47
75
62
93
99
83
86
79
65
47
88
22
99
39
71
88
79
36
11
65
91
63
99
52
86
93
51
99
13
42
99
62
40
6
23
99
15
27
2
45
55
91
80
46
60
36
56
99
60
47
54
90
76
99
85
56
92
99
75
12
55
92
99
86
79
37
95
99
76
86
99
83
89
41
78
75
60
90
99
70
99
74
38
62
58
95
99
87
83
66
76
99
60
40
89
99
68
38
88
84
79
99
90
72
48
69
92
99
87
74
46
84
99
79
92
55
76
92
99
87
61
89
75
56
36
54
73
85
81
99
99
78
60
83
40
93
66
54
70
81
99
79
90
75
61
99
75
62
54
70
60
98
13
76
85
75
94
99
78
39
93
99
83
58
88
37
84
87
77
99
82
85
99
75
12
99
55
84
90
16
74
90
68
99
83
45
99
87
84
66
81
99
89
49
9
94
99
44
87
2
25
98
61
83
80
99
87
92
68
83
91
99
85
44
74
99
88
68
85
73
15
99
61
87
83
57
92
99
86
65
98
94
71
24
78
86
37
82
60
17
45
99
87
70
53
99
61
87
35
83
32
85
82
72
99
76
99
29
87
63
77
99
89
73
59
43
89
96
99
82
61
89
81
99
55
99
87
59
76
55
50
15
27
2
99
77
99
89
85
58
47
90
75
99
51
49
99
70
85
78
99
70
50
63
58
71
54
99
78
36
90
68
83
99
76
83
99
46
78
8
99
87
76
92
66
36
95
67
99
75
99
74
14
90
67
99
58
75
90
88
89
41
67
27
44
38
93
47
34
58
53
81
99
90
86
15
99
41
71
56
80
99
41
75
68
44
87
20
58
71
84
90
68
71
95
84
78
99
48
62
89
99
29
84
80
99
65
73
62
7
88
64
40
93
99
82
59
99
17
88
91
99
56
66
83
97
99
69
88
72
97
99
59
83
88
30
99
88
85
65
84
99
80
60
74
93
43
99
77
28
75
99
89
79
43
82
99
60
42
78
79
85
99
75
57
55
74
46
59
13
74
44
90
99
86
35
99
67
53
86
95
99
59
84
63
92
34
76
88
66
15
99
61
81
89
99
61
79
89
56
14
96
99
71
68
86
71
52
99
36
86
67
44
99
91
55
99
88
69
85
68
92
65
37
19
51
65
84
16
80
94
71
67
89
99
99
46
88
84
79
14
82
99
40
89
59
90
78
84
64
99
59
73
65
85
99
64
88
14
37
88
79
27
99
10
99
72
75
91
83
25
92
99
84
59
50
83
80
99
72
99
86
58
79
35
94
57
71
99
36
77
88
74
60
99
61
86
99
81
27
76
58
63
73
68
68
94
99
87
65
99
71
46
16
66
84
99
69
73
27
80
99
44
61
16
45
90
59
99
82
90
67
85
70
28
65
46
96
99
88
34
93
99
78
87
80
54
15
1
43
85
65
92
99
82
78
99
90
86
75
99
71
75
91
16
15
88
75
67
79
99
76
60
28
10
78
99
88
84
63
82
99
69
24
91
43
72
93
99
87
12
94
99
70
0
69
88
66
49
99
60
80
50
71
66
64
88
82
99
71
55
89
82
79
99
99
74
25
89
83
77
85
99
73
92
91
99
78
46
13
45
81
60
99
90
39
91
59
43
13
83
99
61
89
94
87
57
99
63
53
71
93
99
68
53
99
81
89
64
72
99
42
65
88
92
67
99
27
88
50
88
56
72
66
83
64
43
84
27
95
79
99
88
84
62
99
79
89
84
33
99
70
54
86
81
99
66
88
82
48
85
40
90
74
99
56
93
99
74
65
92
43
71
62
99
81
99
88
93
78
99
45
88
25
79
50
30
69
84
99
78
99
44
58
68
54
93
99
75
63
15
90
28
99
77
83
99
70
60
89
99
73
89
68
84
63
91
82
99
73
55
76
99
90
71
99
34
52
74
46
99
71
64
89
83
26
61
76
65
83
99
82
89
78
50
88
57
81
94
99
86
72
99
91
81
86
82
99
78
24
67
97
99
58
71
99
88
78
83
73
99
79
39
4
12
45
95
99
78
88
65
99
88
85
13
99
71
67
89
83
94
99
58
87
73
99
55
86
10
30
34
94
99
62
8
99
76
60
87
92
81
43
99
63
90
96
52
99
71
54
76
48
99
90
72
35
60
81
89
77
99
67
22
3
49
92
99
14
76
59
88
35
84
55
80
83
90
76
99
94
53
36
71
99
9
85
77
99
92
65
83
99
78
91
23
16
99
64
85
91
48
99
70
82
88
99
53
43
61
77
89
82
63
94
99
91
99
85
58
80
73
99
36
64
53
74
99
14
65
26
51
73
99
83
91
99
77
15
89
85
71
56
84
80
99
99
86
91
61
36
99
65
35
5
18
99
70
86
65
61
70
99
55
83
89
90
67
71
63
86
99
23
7
65
76
90
61
79
86
74
99
80
59
36
13
60
99
39
63
19
82
99
61
89
49
77
90
83
99
74
46
84
80
98
93
91
99
77
15
58
66
74
62
93
99
36
69
99
89
72
66
85
76
99
92
80
99
53
7
68
99
79
65
39
89
54
75
99
49
66
63
97
52
36
48
99
75
89
85
68
49
77
99
68
15
45
92
99
83
24
99
70
47
25
11
67
99
41
58
89
56
99
38
75
66
99
88
55
74
80
53
78
99
84
90
47
77
91
32
65
84
78
99
91
69
94
99
64
87
80
90
49
17
66
53
69
98
67
87
29
43
88
81
25
91
99
75
59
29
56
99
53
70
87
74
87
81
99
26
8
74
5
28
99
85
92
99
85
81
66
63
84
81
77
99
72
99
58
87
54
77
90
80
97
54
61
99
88
83
93
99
70
85
79
91
80
99
63
58
25
99
77
90
65
85
86
72
99
91
78
92
99
85
58
70
45
96
99
62
49
94
99
86
89
79
99
86
81
61
50
53
78
87
82
95
99
58
35
16
71
62
94
99
87
83
81
97
99
89
83
99
54
88
69
85
77
58
85
81
99
99
69
89
71
85
58
90
81
96
99
75
35
99
59
12
88
70
93
99
82
86
69
26
99
81
99
54
70
48
85
84
99
76
38
91
65
92
99
77
87
42
82
85
99
92
99
77
53
37
12
46
91
78
84
99
99
72
58
26
62
99
78
89
85
73
61
90
99
85
81
99
81
89
85
71
9
87
60
54
68
15
90
99
82
68
15
90
70
99
83
24
96
99
86
91
99
76
90
80
47
81
99
89
51
71
63
93
99
53
87
76
99
89
69
84
76
89
14
34
0
93
99
74
25
49
92
65
99
87
73
16
72
67
85
81
99
85
91
71
60
76
99
88
84
40
91
77
54
14
99
99
83
61
89
57
89
76
99
71
50
68
94
99
42
73
91
62
99
86
75
71
99
90
69
54
65
89
45
93
71
93
54
99
74
13
24
96
99
59
88
23
75
99
90
86
91
68
99
23
76
68
87
73
99
92
91
99
86
15
59
86
65
96
99
83
93
99
49
84
80
64
99
87
83
22
26
77
53
86
82
99
84
57
90
19
62
91
99
50
68
89
80
99
64
76
99
74
6
52
69
92
99
41
86
82
48
98
93
64
54
40
92
63
10
58
98
95
40
91
86
86
81
99
37
77
64
57
68
88
75
45
92
99
74
25
99
38
66
88
49
99
82
61
90
86
69
99
84
90
14
83
60
99
64
79
74
60
45
70
26
70
99
85
78
91
