26
86
2
80
84
33
83
30
56
93
67
6
20
10
96
66
32
46
17
34
0
37
26
78
17
23
1
75
42
46
19
14
43
46
49
22
17
41
92
37
62
83
24
39
35
84
36
57
7
25
71
71
28
9
53
47
43
85
72
16
70
74
2
23
81
85
2
49
82
26
80
82
26
31
37
41
29
33
8
69
84
89
68
43
67
14
0
73
8
10
20
91
34
17
33
76
22
39
85
56
90
95
14
74
15
40
71
98
59
42
2
61
49
86
40
73
49
22
53
84
79
75
63
42
94
37
83
53
70
20
2
15
42
54
27
0
1
62
71
33
37
17
90
94
93
5
71
76
25
28
80
79
25
71
43
11
82
8
44
19
78
64
36
70
48
28
92
98
92
79
23
52
17
41
43
58
8
38
46
24
88
4
79
83
1
55
76
48
62
64
59
63
17
22
60
37
81
39
8
93
4
17
24
64
29
30
16
72
31
13
81
43
88
41
84
98
76
82
43
49
14
34
85
64
63
36
7
6
38
37
32
5
93
41
9
46
7
68
18
86
37
65
95
73
89
41
72
33
58
6
65
95
94
55
80
81
25
40
69
74
34
16
81
85
95
53
43
65
21
87
25
85
96
75
25
3
25
99
73
75
82
56
13
73
5
88
9
1
41
28
52
31
43
64
11
48
97
14
34
30
37
62
26
16
1
43
98
46
97
79
92
25
23
2
22
52
26
40
28
4
98
35
46
1
59
12
21
70
61
90
14
88
71
15
53
44
0
64
55
76
53
98
83
65
93
78
96
25
38
69
7
64
91
65
4
32
41
53
20
7
80
38
5
82
38
23
49
96
3
8
70
82
35
34
27
65
2
49
13
18
88
17
10
86
65
67
33
65
68
59
43
93
41
58
91
28
65
2
27
96
46
15
39
45
78
24
32
82
16
55
28
88
73
90
74
23
41
52
82
14
64
9
98
46
1
51
25
61
42
48
9
67
79
90
28
39
24
70
91
54
23
9
28
51
77
90
30
50
72
62
85
57
52
18
12
88
61
37
89
32
27
80
93
62
98
78
45
76
0
79
98
93
73
99
27
15
55
50
75
45
9
57
22
91
7
93
31
40
67
54
92
21
32
92
71
62
14
59
53
75
92
61
35
96
33
60
31
13
31
85
83
75
84
72
76
52
17
56
35
70
1
20
13
96
94
17
80
47
7
49
74
89
97
65
1
32
94
93
94
18
67
71
64
67
37
22
76
81
58
58
34
18
87
50
18
6
9
42
42
79
89
92
29
94
96
12
73
27
49
43
62
72
26
46
33
7
70
11
84
45
79
29
10
62
25
50
90
24
80
87
37
82
16
28
11
38
53
51
87
30
34
2
72
91
57
19
34
8
94
99
23
38
64
97
56
76
17
69
40
49
32
27
75
47
31
44
56
28
78
74
90
35
9
88
51
28
46
26
99
93
12
92
48
96
85
47
7
25
31
9
51
37
11
67
81
21
9
6
18
40
46
57
13
68
77
61
40
2
76
92
68
75
38
99
19
52
57
5
96
87
4
15
57
39
6
98
90
79
42
78
92
7
51
77
85
82
62
52
23
73
69
40
13
46
89
80
19
71
89
0
92
22
87
59
80
33
44
46
50
19
61
30
27
7
3
67
23
96
15
51
32
63
30
51
38
1
31
19
33
45
14
3
31
38
0
72
18
0
25
87
66
54
49
92
70
19
52
78
26
27
83
10
5
76
15
2
33
1
88
5
44
20
97
75
60
84
97
97
38
4
60
18
65
12
32
79
65
73
53
81
43
69
69
45
20
54
56
22
93
15
29
11
20
78
95
62
31
98
13
35
22
19
84
36
39
46
42
62
99
28
92
85
99
13
88
50
74
77
24
61
0
46
19
30
64
35
89
57
33
72
43
21
54
55
6
99
1
26
15
28
20
42
21
75
59
12
87
74
19
5
59
48
1
61
85
46
90
81
28
66
73
78
37
6
79
48
42
67
51
69
98
6
18
11
85
80
15
51
98
75
67
5
10
55
38
69
74
22
3
9
39
58
46
22
87
28
84
11
34
55
8
85
50
96
23
51
12
27
37
58
73
94
38
27
89
87
88
86
74
73
25
89
98
99
76
90
14
89
29
60
99
97
83
24
92
56
43
37
43
48
39
59
1
96
59
56
65
42
51
11
56
76
1
86
25
45
16
17
60
73
68
28
5
33
66
48
40
76
72
65
59
72
30
64
24
92
85
54
19
88
18
67
37
7
36
19
26
8
84
52
61
89
77
16
60
87
38
37
65
75
85
1
49
20
47
55
21
31
33
79
57
27
32
70
27
11
46
95
83
73
37
68
84
13
65
59
45
35
17
78
65
23
4
42
34
64
90
25
87
22
82
63
84
25
18
92
93
80
73
37
69
95
20
48
18
42
84
1
67
89
93
42
45
95
94
76
44
56
53
78
71
27
99
46
0
63
38
62
18
29
67
39
45
29
62
8
68
80
15
69
76
44
33
30
96
98
88
41
55
86
65
94
43
20
48
21
86
46
88
97
71
69
70
69
62
58
18
60
5
73
8
72
44
6
99
53
79
41
61
67
52
69
83
22
51
26
91
16
13
96
57
71
33
58
98
20
27
78
73
72
28
36
54
67
26
13
91
15
60
69
69
8
21
76
36
59
93
88
36
80
95
43
30
27
19
44
48
99
5
12
49
78
92
76
43
47
83
50
0
89
11
59
13
53
13
12
16
75
14
44
27
14
4
8
41
90
11
58
82
86
62
39
17
18
38
90
80
90
42
28
26
93
61
11
23
19
30
91
50
7
74
20
60
33
74
40
61
49
13
94
12
65
55
9
78
3
41
47
39
30
12
48
41
66
58
3
23
38
35
76
99
29
39
95
0
70
93
16
52
71
13
19
51
47
35
1
60
65
73
43
0
60
49
74
53
7
32
30
66
96
9
23
52
43
54
31
62
54
91
23
66
1
52
80
56
92
85
46
89
96
36
88
92
39
87
54
50
51
93
63
22
87
91
37
68
34
51
13
39
1
62
80
76
59
42
99
52
8
53
23
73
71
18
5
67
66
30
33
2
26
72
55
52
8
95
68
82
39
65
71
36
11
56
68
36
75
98
43
64
90
53
6
31
20
28
96
30
33
17
11
83
77
68
92
13
95
93
4
51
79
21
37
74
46
77
74
17
13
81
62
0
94
35
54
1
33
51
62
24
7
91
48
27
49
59
87
69
65
30
79
38
62
71
73
33
97
23
3
55
18
27
97
88
81
62
92
37
54
53
46
27
21
16
78
70
39
55
10
6
67
66
25
78
21
3
53
30
67
53
65
59
44
76
45
20
87
26
86
90
21
54
22
82
23
13
78
8
6
37
7
88
95
64
98
42
26
74
58
9
87
