99
90
75
23
92
99
30
97
83
98
60
99
95
96
30
90
54
99
98
94
99
60
97
83
75
39
84
8
47
45
0
99
32
75
83
99
37
83
96
75
83
99
95
18
94
67
39
99
18
45
99
90
67
30
83
66
99
98
97
82
99
90
98
45
69
99
79
38
15
80
86
82
99
93
94
84
49
86
99
75
99
72
24
49
90
90
0
45
91
65
99
90
86
67
94
87
52
84
99
90
99
37
67
76
60
90
67
86
75
99
24
99
90
83
53
75
85
99
90
53
37
86
99
90
22
45
81
75
90
67
41
99
67
23
83
99
90
92
88
87
99
90
22
45
83
99
90
8
67
22
15
99
84
75
37
37
60
90
54
30
53
99
82
96
90
86
85
99
93
92
99
90
8
67
47
99
90
60
75
52
99
45
0
60
42
60
61
58
79
75
67
99
33
8
96
93
83
99
90
62
90
75
15
39
67
84
37
90
99
79
99
90
92
75
95
84
99
75
0
52
30
99
97
95
98
82
92
75
99
90
96
49
30
48
99
90
79
99
75
52
99
90
75
0
37
99
90
48
8
68
90
64
32
79
75
99
11
60
45
75
83
99
53
23
0
0
87
60
88
99
99
75
83
94
67
99
25
62
50
8
86
21
75
99
15
75
99
2
41
83
82
30
60
90
99
99
47
30
97
83
10
99
90
69
92
8
77
71
84
75
80
71
90
75
99
79
75
99
53
45
99
67
26
12
92
99
60
45
79
24
99
15
97
90
52
90
75
83
99
67
99
41
30
61
75
99
12
62
75
98
45
85
26
83
99
99
90
91
92
75
41
99
93
77
97
90
51
15
75
83
99
8
67
24
96
99
75
32
56
0
90
99
91
30
75
99
11
90
89
39
94
45
60
0
99
90
71
60
99
37
99
90
86
87
54
99
80
69
60
96
99
32
82
98
90
82
60
45
75
67
99
75
56
79
97
99
41
90
97
77
84
99
97
96
95
75
90
67
99
83
99
0
98
83
97
75
2
39
51
8
90
70
99
78
85
90
99
94
95
83
99
90
86
93
97
99
72
60
45
75
90
64
30
86
8
99
90
93
60
75
99
54
30
48
15
83
32
60
58
75
99
90
93
88
89
37
15
83
90
78
92
25
90
79
78
90
38
99
0
60
49
21
37
69
95
66
99
97
93
96
81
0
75
82
76
99
52
77
8
90
90
45
86
99
83
99
30
90
45
67
90
60
83
99
84
69
60
87
30
53
99
15
30
77
54
99
30
83
97
75
99
90
67
95
94
82
40
99
93
90
70
45
2
75
60
75
67
99
72
32
90
75
99
83
80
90
67
99
89
83
99
90
83
45
75
99
90
86
0
77
84
99
90
37
8
99
52
39
53
30
99
90
67
75
86
75
60
30
90
99
99
90
37
22
60
99
52
60
85
98
10
66
99
82
95
95
99
90
75
40
99
60
98
85
75
8
81
37
67
90
99
95
37
75
90
99
60
15
79
97
90
67
37
15
8
51
99
15
97
96
90
30
45
83
99
99
77
15
30
75
87
82
99
75
60
99
90
95
83
96
75
70
53
99
90
90
68
3
75
30
90
54
8
84
83
75
99
30
0
97
99
75
40
76
98
49
75
30
60
91
99
90
53
78
96
99
90
97
89
91
99
83
96
81
67
49
85
60
75
67
85
99
90
15
39
60
99
67
83
98
90
67
25
77
60
60
99
50
98
92
37
99
90
76
67
99
90
75
30
91
99
93
90
3
37
81
60
69
90
99
0
30
67
91
83
99
75
83
72
60
99
75
20
90
45
75
99
83
52
67
84
52
60
55
77
99
90
8
47
86
99
21
39
30
95
75
99
98
83
93
99
80
2
63
75
86
99
75
60
90
40
75
79
62
30
99
45
62
75
97
90
84
37
75
99
99
67
98
90
30
99
80
21
75
45
99
3
75
98
83
80
3
45
15
99
93
66
0
82
47
99
77
94
95
84
95
15
75
8
99
99
54
90
60
32
99
60
98
83
97
99
90
23
75
92
99
75
60
15
37
90
60
99
91
56
90
99
97
94
86
90
77
60
99
75
79
99
75
22
37
15
55
83
8
30
60
85
8
86
99
49
75
54
74
68
99
83
32
69
93
90
99
50
83
68
90
0
69
42
83
99
90
60
52
39
86
99
90
30
52
99
90
96
83
60
99
80
96
68
95
37
8
45
63
47
99
90
93
37
77
37
99
97
90
68
99
30
67
92
22
84
85
99
90
49
90
40
99
86
94
99
30
45
98
97
60
32
75
76
61
90
60
83
99
75
99
67
2
98
97
99
90
30
15
67
68
87
70
90
65
99
75
32
93
96
99
90
98
88
91
69
83
8
99
96
30
77
45
56
67
65
99
97
90
37
30
99
83
52
96
75
45
30
99
83
65
50
15
92
82
69
99
90
75
86
99
37
98
95
96
50
25
66
99
98
99
67
98
84
75
99
15
95
77
98
99
30
80
50
37
99
45
72
30
8
67
90
87
75
99
99
90
45
37
77
99
75
96
83
54
90
37
60
0
83
99
81
75
90
67
15
99
60
92
98
83
60
99
15
30
81
60
75
99
67
80
37
67
60
78
90
99
12
67
32
99
90
83
56
67
99
75
84
67
78
99
90
15
60
75
90
45
83
67
30
99
67
83
17
71
84
90
99
75
52
99
22
90
89
96
94
19
60
45
90
90
69
20
37
67
99
37
83
67
2
90
2
85
67
99
99
90
88
92
75
99
67
78
96
97
99
90
40
95
75
34
99
90
91
92
83
99
90
12
32
75
99
76
97
83
99
37
97
95
96
99
22
67
84
75
45
69
90
60
80
75
99
83
67
90
60
99
83
75
93
93
11
45
99
30
86
99
93
90
75
75
99
33
98
94
90
45
85
99
83
82
60
69
90
99
93
53
87
99
94
92
3
75
37
73
99
90
98
75
3
66
82
60
67
90
83
60
75
67
80
81
75
60
76
82
99
90
75
52
15
99
90
60
83
45
84
86
99
68
30
83
21
99
90
91
99
90
37
60
8
83
99
96
95
93
99
67
15
60
75
99
37
69
13
90
99
77
97
78
75
99
90
22
83
67
60
99
97
90
75
70
86
75
99
90
19
90
53
0
20
8
99
98
85
75
87
42
99
90
60
60
37
83
67
90
99
52
67
96
55
8
99
96
90
75
99
90
0
83
52
37
69
15
92
90
90
54
99
17
60
99
54
90
88
96
66
99
82
60
18
50
75
45
77
90
99
67
90
20
94
83
60
8
40
90
90
99
91
92
88
90
67
45
30
85
37
90
83
67
14
90
67
8
37
66
99
90
91
88
75
79
99
17
90
0
67
90
83
99
75
45
81
53
15
43
0
99
90
30
62
0
45
75
1
90
65
25
38
90
60
68
99
25
75
62
99
90
94
88
89
99
33
60
83
93
99
90
77
37
69
99
90
12
67
48
99
75
83
96
90
93
67
8
37
52
83
84
99
90
47
99
0
83
98
90
99
90
83
30
88
90
77
99
75
60
90
30
91
83
99
99
67
92
60
63
90
75
83
99
70
45
60
71
2
99
63
94
51
82
99
90
37
83
0
48
99
32
8
97
94
90
45
99
70
93
21
67
85
86
99
92
45
69
30
99
53
99
75
45
90
99
90
92
93
89
32
90
99
86
93
87
45
99
94
90
99
8
81
98
96
84
90
99
85
22
99
22
75
90
30
99
90
89
98
67
99
90
91
32
75
84
90
18
75
99
99
78
30
45
97
90
67
47
45
60
99
37
67
83
45
99
90
30
60
76
90
67
83
99
65
82
99
97
98
83
34
69
75
74
85
37
99
98
83
96
75
56
8
39
99
99
30
83
96
93
99
90
93
83
95
99
90
37
57
91
85
90
75
99
13
30
99
97
98
90
99
90
33
57
45
99
80
49
75
90
45
69
62
82
53
99
23
55
15
51
90
51
2
21
67
99
90
75
60
83
69
99
90
96
75
99
37
83
96
94
83
60
99
97
30
99
32
90
71
30
83
87
99
75
90
99
90
88
37
22
87
81
99
90
75
81
41
53
30
67
60
15
80
70
90
69
99
0
97
93
99
37
98
97
96
60
78
59
58
77
99
79
51
90
60
75
30
67
37
8
82
90
75
99
67
99
45
83
75
95
90
30
75
99
60
90
99
94
89
60
39
88
84
99
90
99
90
75
52
12
75
70
37
90
74
99
90
92
75
48
60
99
54
83
90
75
39
67
0
15
83
60
15
78
70
75
99
80
96
98
99
90
63
49
97
99
67
83
75
90
95
99
90
75
3
48
75
99
90
83
90
67
99
83
60
99
90
89
91
52
99
78
24
8
45
90
18
87
99
92
49
75
15
79
90
64
54
75
82
60
99
60
96
97
98
92
52
30
64
75
81
15
99
95
98
75
23
45
99
30
8
99
90
69
37
90
75
99
83
42
99
37
90
63
8
99
90
45
15
93
37
99
97
93
98
82
60
99
93
69
99
94
90
22
75
99
90
75
37
15
99
90
87
67
86
87
18
99
90
8
99
90
86
92
77
15
0
99
75
14
24
45
30
80
37
38
60
61
58
77
99
30
96
95
97
84
99
90
5
39
99
90
92
83
37
90
99
67
45
8
75
74
12
99
90
90
30
87
70
0
30
93
62
17
15
99
90
51
72
85
75
60
83
99
90
99
8
98
97
90
99
15
45
90
8
99
67
97
93
96
85
37
60
13
78
75
45
70
99
67
99
54
30
83
63
60
62
88
53
77
30
99
90
3
52
99
8
55
75
37
99
75
18
15
83
65
60
78
90
75
99
67
75
60
45
81
68
90
99
60
37
84
86
99
90
90
64
15
85
99
82
60
99
93
90
86
99
90
45
8
87
37
8
85
99
90
23
83
8
71
99
90
75
62
20
90
67
45
15
75
90
50
8
99
96
75
30
76
92
73
99
21
90
92
91
88
82
99
93
90
99
90
67
86
37
99
60
37
98
93
69
99
47
79
71
30
53
85
99
77
84
99
94
37
75
99
60
75
52
78
90
99
83
0
40
99
95
90
67
30
17
30
75
83
60
87
82
99
90
47
66
60
82
90
75
99
51
30
97
85
90
30
99
83
67
99
90
85
97
75
99
90
89
2
75
90
60
99
87
37
99
11
67
45
76
42
84
93
81
99
99
15
78
92
77
68
99
86
75
93
75
5
45
77
79
15
99
90
67
37
99
15
98
96
94
99
90
60
24
0
83
90
75
99
53
99
90
94
75
45
99
83
45
98
79
75
99
90
67
37
60
37
83
92
82
82
11
68
87
99
99
90
67
45
60
90
87
54
20
75
75
99
55
83
93
99
19
0
83
95
99
90
88
91
60
90
60
83
78
75
85
90
99
75
37
99
90
54
89
98
22
75
60
77
61
95
0
75
55
69
99
77
79
94
75
83
99
68
95
98
75
99
98
37
83
90
42
60
17
77
90
67
99
60
15
90
8
62
15
86
60
99
97
90
75
75
82
80
99
90
20
82
71
90
99
90
99
68
60
33
75
86
76
99
80
75
99
67
45
96
90
99
75
52
83
99
90
88
92
98
90
99
60
71
30
92
0
75
17
99
93
75
8
71
90
45
99
21
67
98
99
83
67
90
30
87
99
90
8
56
