81
89
84
75
86
74
89
5
67
52
75
29
82
68
58
82
89
66
80
96
98
81
99
89
88
60
95
59
97
78
96
69
93
35
47
42
92
76
89
99
95
98
81
61
22
22
79
51
52
61
91
27
85
90
79
56
27
77
89
75
53
90
64
81
24
92
62
93
98
99
80
91
95
20
67
94
56
38
71
65
60
80
82
36
71
66
81
57
41
92
86
79
95
56
94
46
91
62
51
69
83
96
93
33
87
36
66
89
28
59
59
78
75
95
55
80
98
91
65
60
98
88
99
60
71
95
83
65
57
74
67
80
91
92
95
75
93
90
95
72
90
82
50
73
92
95
65
42
91
76
86
72
87
54
98
66
98
91
99
59
95
72
82
98
90
63
76
74
64
95
34
92
45
85
24
77
67
61
65
93
90
84
98
52
93
98
77
57
83
85
72
95
98
88
85
81
92
93
49
84
74
38
92
66
76
63
36
87
35
49
72
98
90
84
54
48
84
51
62
69
94
47
90
71
83
99
82
65
42
76
92
86
63
91
68
48
99
90
70
89
26
96
65
67
92
67
62
97
96
88
79
61
63
73
72
87
35
70
86
65
93
30
59
85
46
94
82
77
70
83
75
71
57
80
20
45
99
78
62
81
99
69
87
58
70
44
61
74
67
82
71
76
79
42
83
97
54
95
44
83
67
57
68
87
82
93
56
95
79
98
32
78
94
74
85
82
73
36
80
53
72
82
84
76
77
60
31
66
55
67
53
51
71
87
58
81
95
88
69
39
63
35
83
48
84
66
93
70
92
82
97
95
83
96
68
57
72
94
58
97
47
88
81
71
74
86
81
80
84
79
58
92
95
69
63
82
40
96
97
87
67
93
69
58
48
97
86
91
52
44
36
88
92
98
74
79
77
53
93
67
80
88
64
87
96
70
97
94
38
61
65
86
85
92
78
63
88
87
91
93
36
71
62
85
99
85
79
66
86
65
58
59
53
91
61
86
98
99
46
62
86
79
80
96
88
79
63
46
82
25
53
54
99
96
57
58
69
66
45
90
96
92
75
78
7
84
87
67
98
81
89
84
88
75
76
61
57
96
89
81
60
96
93
89
47
94
99
76
65
91
90
82
67
92
79
87
78
93
31
81
81
65
75
94
17
80
83
30
55
88
84
87
67
90
83
75
56
55
93
83
53
61
93
66
57
44
69
95
47
81
20
98
76
84
94
54
91
82
61
70
61
32
83
50
88
84
79
88
58
91
49
87
72
85
89
84
55
75
91
66
72
86
98
42
91
94
42
96
75
50
53
95
97
78
91
58
88
74
83
90
72
70
97
31
13
76
67
61
96
57
98
83
39
96
86
94
79
59
90
85
87
80
85
78
77
48
59
61
53
94
54
88
64
76
74
88
66
61
82
89
47
90
83
77
72
79
38
85
51
92
47
50
44
48
90
80
34
57
91
82
95
64
51
34
62
83
64
84
44
99
52
67
82
50
79
92
72
93
69
98
74
50
48
52
76
93
76
85
95
87
87
69
58
95
92
53
59
62
72
73
98
44
88
79
77
90
89
68
98
94
78
91
97
98
54
90
47
10
66
12
97
80
35
75
89
96
82
86
94
58
90
69
77
75
82
45
96
78
55
89
65
13
81
43
86
79
85
67
64
69
71
85
31
88
97
83
52
54
39
85
95
99
94
96
91
96
63
95
90
88
91
56
67
92
83
98
90
34
68
73
53
80
79
38
93
79
85
88
99
95
86
97
55
85
47
68
82
64
57
78
92
83
64
63
89
46
53
83
82
90
92
58
53
78
65
94
68
72
67
82
97
70
72
45
61
68
91
95
88
92
88
78
76
66
93
71
67
65
93
78
93
85
96
99
98
66
93
91
30
92
96
55
70
65
98
84
80
62
69
94
87
96
43
78
97
37
61
64
79
84
87
96
83
93
61
53
50
68
87
84
45
89
80
83
84
77
96
57
59
80
92
64
82
85
26
71
59
69
92
95
79
92
76
57
65
80
34
90
95
98
98
66
95
92
72
82
45
88
62
97
80
48
83
74
56
95
40
49
92
99
93
96
77
53
83
41
79
99
58
72
50
80
73
86
66
81
87
80
95
85
75
82
41
89
88
80
92
82
66
93
75
72
94
79
81
90
85
86
89
94
81
63
52
60
68
91
71
75
97
39
73
87
45
94
79
98
89
83
81
87
96
46
70
83
85
88
83
37
56
79
95
92
99
91
90
84
98
67
39
75
86
99
73
94
77
98
61
84
75
91
48
90
84
93
89
60
64
99
82
84
94
57
76
85
98
97
72
87
99
96
98
82
99
93
97
75
78
36
83
96
79
71
76
86
82
48
93
41
98
99
94
69
93
85
70
46
67
92
79
48
92
88
98
32
99
61
96
37
21
68
60
97
98
84
91
36
71
96
74
64
53
78
56
59
60
33
92
88
59
62
47
92
64
84
81
69
53
86
92
96
24
65
56
64
96
71
72
86
61
69
81
98
40
72
49
80
88
94
86
33
93
92
95
89
33
78
76
29
70
88
66
81
61
72
84
96
70
88
89
68
50
83
86
76
49
75
81
88
70
76
46
90
87
62
92
85
95
63
68
97
92
83
75
68
93
69
70
52
86
67
53
96
83
70
51
31
63
97
99
62
97
80
42
72
85
42
93
48
70
95
99
62
24
93
54
40
64
89
98
97
67
50
70
91
83
66
75
92
62
69
85
83
55
11
90
88
38
86
83
69
59
92
84
70
74
66
46
63
73
41
96
48
46
42
98
78
97
88
83
19
71
96
94
44
85
80
92
97
86
88
60
65
71
85
86
86
47
64
43
70
17
75
62
80
90
64
88
80
79
36
80
86
54
78
74
77
60
68
32
92
36
83
59
44
29
97
93
85
90
91
44
87
74
89
27
88
46
64
95
89
46
60
63
92
86
92
78
93
84
41
73
89
82
91
98
83
91
82
80
97
91
67
83
35
85
80
88
49
27
92
43
13
62
75
90
56
85
86
97
99
53
88
99
57
86
63
51
78
93
40
88
93
36
96
51
86
69
44
76
88
62
95
97
67
77
42
40
17
80
97
65
84
54
45
81
76
91
99
97
47
98
99
61
23
93
78
69
38
86
58
58
96
80
90
84
83
79
94
90
65
51
62
79
67
76
76
44
49
66
86
71
73
49
67
97
84
69
86
55
92
94
47
28
95
51
63
38
84
82
83
52
61
74
67
95
52
89
95
91
60
82
89
93
28
94
89
80
56
96
75
65
64
90
29
68
46
87
86
74
91
63
72
84
78
69
93
88
87
71
86
87
51
85
40
88
85
69
90
77
89
67
89
97
50
81
98
37
41
75
99
88
83
89
60
47
67
75
80
98
99
76
60
71
66
62
69
84
87
81
89
86
93
70
90
77
90
65
82
93
85
74
93
97
70
73
53
94
80
75
78
66
98
68
78
95
68
74
95
92
28
92
88
28
83
48
92
93
78
67
86
93
87
99
84
92
77
76
90
57
85
60
74
55
95
85
55
82
95
85
98
97
83
64
92
93
85
65
50
68
99
94
90
88
43
57
67
89
98
83
57
83
69
65
52
74
99
97
52
24
78
89
63
99
73
84
96
42
99
62
91
74
52
65
55
26
99
48
96
95
81
39
80
38
69
98
97
99
75
88
89
80
94
79
33
97
76
89
65
77
87
62
63
44
94
90
83
73
41
95
90
79
57
95
23
90
98
49
88
57
96
97
91
66
58
92
81
90
26
69
71
62
32
50
55
66
91
28
93
86
76
76
96
78
61
98
92
53
82
37
81
49
82
80
77
87
86
55
64
80
99
65
99
81
70
79
64
97
90
93
91
40
93
34
83
97
42
86
75
62
97
68
91
67
26
61
71
87
79
84
62
84
21
57
76
98
64
66
95
91
87
65
72
69
99
76
60
99
78
62
97
75
89
96
65
85
22
65
21
93
72
95
82
61
46
96
75
64
93
88
90
90
81
89
92
80
61
76
98
52
89
78
61
90
79
69
89
64
93
88
85
89
57
77
88
94
95
88
67
75
91
79
98
71
75
92
48
88
95
74
85
25
78
91
43
56
47
89
82
91
76
75
46
57
94
15
98
86
88
83
81
47
75
86
95
96
45
50
35
89
40
74
4
92
96
57
86
70
75
76
92
71
67
95
69
21
87
83
66
93
70
61
53
86
52
27
88
83
91
52
89
51
77
54
90
97
58
43
38
77
59
74
92
98
42
89
49
80
93
45
89
84
37
93
73
33
59
92
95
88
99
83
76
64
81
69
91
69
62
98
92
76
59
69
87
84
92
65
89
91
76
43
58
60
39
78
90
76
94
46
86
84
59
38
80
76
69
79
85
62
88
66
97
65
84
81
96
82
99
76
94
39
50
70
88
78
71
97
40
99
86
58
51
92
87
98
79
81
43
87
95
78
57
98
83
71
67
72
93
66
24
59
50
65
87
89
90
34
75
68
91
72
87
42
47
53
87
61
95
66
53
90
69
81
45
89
37
78
67
96
79
56
83
84
71
67
87
70
96
65
37
88
65
57
49
43
97
81
73
93
55
94
79
60
82
53
79
94
99
78
74
59
96
32
94
57
96
86
98
93
94
94
85
64
63
96
98
95
32
83
56
86
72
43
83
78
30
83
96
89
97
40
93
49
55
50
72
63
67
56
93
27
99
46
81
64
68
59
91
98
99
66
93
32
63
72
68
76
64
48
95
88
92
38
99
58
62
71
56
90
98
69
80
97
98
85
93
77
63
80
90
91
64
93
72
84
95
74
82
75
87
98
80
53
52
94
93
95
74
76
50
71
69
93
90
49
54
88
97
95
64
97
78
99
51
89
96
83
99
94
57
78
43
79
51
83
70
68
74
93
88
97
92
67
55
93
62
90
69
48
73
81
73
93
88
66
55
99
94
58
75
83
94
36
96
90
55
98
94
73
85
99
73
25
89
93
73
58
63
93
92
88
97
40
83
84
94
93
86
87
34
86
40
19
67
88
91
74
93
36
90
68
74
99
49
80
83
93
97
91
53
82
81
93
77
99
92
85
93
91
69
91
87
81
63
75
96
75
95
42
74
96
80
94
55
95
87
90
97
91
66
74
71
69
27
99
63
54
92
93
85
56
68
51
81
90
93
99
51
62
89
72
81
95
88
34
95
90
53
71
51
70
98
47
65
79
77
98
85
86
61
93
94
56
97
76
89
70
84
43
59
95
90
93
36
37
75
85
99
42
95
91
97
56
46
69
47
81
94
54
62
88
44
81
73
47
27
85
78
87
81
83
69
99
84
27
86
93
77
85
45
36
82
72
55
94
68
92
69
91
97
21
94
79
70
75
88
70
30
91
16
59
81
75
77
87
97
94
76
79
61
31
93
98
63
66
93
52
89
73
78
20
91
99
63
81
95
98
90
96
51
86
92
98
87
60
80
90
74
96
95
94
55
82
54
84
82
18
79
85
36
70
63
91
88
80
77
81
56
29
86
99
95
39
44
78
84
53
45
80
88
71
96
37
98
77
76
86
82
88
90
97
98
87
71
88
42
30
88
65
92
66
99
90
80
82
45
76
91
85
93
97
90
61
79
75
59
44
83
87
81
98
86
72
92
85
