5
3
13
70
72
92
53
54
45
89
44
97
1
14
94
8
22
10
63
53
21
30
33
81
41
30
36
78
5
74
66
70
68
35
70
85
30
96
92
86
12
95
92
5
62
70
86
79
80
75
6
12
64
48
68
45
39
60
71
84
56
12
5
39
26
45
83
26
86
52
47
24
70
68
79
80
26
7
67
48
87
67
78
47
53
19
13
70
46
53
2
32
13
17
32
37
71
76
79
45
66
43
84
11
4
32
9
22
10
66
50
55
56
45
27
86
57
2
68
22
36
87
96
4
75
78
61
33
16
27
11
50
84
19
96
72
65
74
67
56
85
98
58
46
14
23
20
57
59
20
77
46
58
17
50
55
58
74
19
58
60
66
41
74
37
21
84
30
60
99
62
19
9
96
51
54
24
63
86
72
29
30
56
83
74
39
68
62
86
44
76
63
50
78
42
72
88
76
63
58
51
67
35
27
65
68
56
76
69
3
12
22
20
83
93
92
17
18
97
45
37
55
5
28
16
25
61
58
10
70
2
27
44
8
59
39
24
13
11
63
34
47
30
77
9
82
17
27
11
21
12
8
53
94
60
58
55
8
85
99
42
36
58
65
45
82
79
20
0
33
68
44
28
12
65
3
33
89
90
46
2
19
23
48
34
81
84
95
69
37
79
11
62
24
46
60
40
57
45
52
50
91
54
61
70
67
28
88
92
87
4
30
37
50
43
14
92
12
99
0
69
71
16
70
21
39
33
26
60
81
89
17
87
40
33
87
4
91
8
52
49
64
22
21
20
5
7
53
77
80
74
66
43
68
28
13
87
36
7
15
59
72
64
45
4
86
74
77
72
41
52
32
55
41
8
47
74
65
75
82
97
4
41
34
0
8
25
55
69
13
60
15
3
9
50
56
14
17
7
40
30
50
45
32
93
62
56
27
62
17
48
35
27
25
63
76
18
27
87
93
51
86
20
31
4
27
72
48
7
36
71
43
43
82
68
41
5
6
58
57
89
75
52
38
56
51
59
46
44
25
84
98
66
10
3
98
69
97
77
59
47
58
34
48
54
74
77
90
0
76
14
37
44
35
17
34
20
57
7
9
48
17
19
11
47
45
53
60
33
48
26
51
15
10
13
26
28
85
52
20
33
40
72
81
25
63
75
10
34
37
39
15
73
84
52
65
62
73
94
49
53
45
38
62
96
5
76
73
67
61
35
10
18
26
75
84
65
96
97
27
3
8
25
94
68
11
43
13
20
43
74
96
83
98
89
17
60
81
11
0
5
9
6
7
30
16
8
87
92
9
58
82
89
80
67
55
12
13
3
14
90
95
82
46
74
21
30
40
67
70
96
51
38
20
81
13
72
1
82
16
39
29
49
64
92
58
12
8
88
69
49
64
7
62
24
40
83
43
22
10
62
22
23
10
30
23
82
89
59
80
50
13
48
18
7
41
48
26
32
74
42
31
54
11
72
75
24
83
51
27
29
1
47
45
99
15
92
12
0
17
70
1
14
82
50
88
67
44
83
37
10
11
85
60
38
60
44
61
94
97
50
83
9
17
90
55
2
87
39
37
70
20
91
52
8
42
27
15
57
47
50
61
41
37
17
79
82
5
86
55
71
30
22
55
80
27
96
78
32
43
23
5
6
80
85
58
15
68
75
82
6
95
81
79
69
54
89
99
72
89
92
53
73
38
94
92
67
36
93
22
22
31
70
38
41
45
54
31
30
25
34
16
94
95
91
3
32
23
88
43
34
13
66
24
17
18
40
75
16
5
94
85
40
19
55
24
25
77
53
65
89
87
97
93
82
2
66
13
31
59
34
86
73
93
12
55
10
51
94
50
11
9
62
38
98
40
37
27
63
87
82
26
37
74
46
41
85
22
31
90
88
22
63
79
40
36
11
32
54
42
87
7
19
68
78
49
79
33
74
87
9
15
99
76
22
7
12
22
5
77
4
91
76
15
83
97
90
10
18
1
16
48
43
54
39
83
73
0
11
10
75
96
99
90
94
78
39
46
27
3
32
92
61
84
22
21
10
87
91
57
55
29
17
33
42
43
8
32
2
69
61
60
69
60
51
64
39
84
42
54
90
9
59
19
60
63
76
4
77
98
58
44
49
89
63
90
61
3
15
2
17
72
48
66
68
20
8
32
17
95
19
86
8
14
43
36
26
51
68
18
84
29
26
84
38
35
61
83
84
45
63
82
25
43
34
82
90
33
50
57
32
64
67
74
82
21
23
50
67
59
21
76
61
81
84
95
7
13
63
33
47
39
38
35
29
53
83
52
57
63
24
2
94
8
48
20
47
10
7
51
18
74
87
18
80
99
74
42
52
41
47
46
83
82
13
95
89
96
76
89
80
68
69
84
87
9
1
78
82
84
66
93
52
59
55
60
68
66
64
43
29
46
17
11
81
87
7
1
4
83
71
26
62
47
11
46
61
78
72
13
68
56
26
20
85
92
89
76
15
57
55
48
37
33
65
12
31
36
60
77
65
33
42
37
89
91
86
72
9
25
93
89
69
84
3
8
52
60
66
99
61
33
84
49
30
78
57
31
31
10
46
75
70
57
13
68
61
55
27
42
57
67
60
66
4
22
16
82
22
93
80
77
93
36
74
6
0
2
2
34
23
38
36
30
6
66
9
98
75
86
56
51
22
59
61
53
63
58
27
32
57
26
60
54
9
48
88
92
79
85
76
50
61
28
9
90
1
52
18
92
46
88
43
5
48
0
87
77
85
26
90
38
6
13
3
7
3
9
73
7
23
53
55
48
30
81
90
70
23
11
44
45
76
88
82
67
74
17
78
94
8
38
8
30
5
40
59
42
18
48
13
56
47
12
85
10
73
49
68
94
7
53
11
54
33
63
34
54
23
24
35
30
80
45
85
39
68
55
85
70
78
49
66
44
68
76
87
86
34
38
37
50
48
54
8
52
57
20
26
92
68
64
92
94
25
13
94
91
43
82
81
80
70
75
44
28
23
77
61
41
45
55
49
36
8
22
80
61
96
21
17
91
5
12
22
13
62
5
52
64
53
81
80
72
40
28
84
64
12
80
76
65
62
23
57
66
16
20
24
87
86
53
89
44
99
95
93
57
49
48
68
84
75
24
7
92
56
17
57
63
31
32
35
26
0
55
29
15
30
27
33
66
12
0
41
91
77
88
31
64
9
26
22
39
62
36
49
70
69
50
64
60
67
73
82
94
99
13
1
61
68
78
18
81
47
32
23
67
16
18
27
26
30
65
84
70
23
72
49
61
84
74
27
31
39
72
1
71
2
65
20
21
30
24
84
79
66
65
0
12
25
93
2
4
72
94
29
91
71
93
36
32
31
94
25
61
1
11
77
0
29
6
44
15
63
40
47
23
76
48
60
58
75
82
6
23
18
34
37
31
