15
91
55
12
70
44
87
10
47
48
73
14
46
17
72
8
47
74
12
69
27
44
80
15
48
74
91
60
92
87
16
57
91
12
66
40
68
47
58
11
85
46
68
76
23
35
85
60
66
86
26
58
82
22
91
45
12
17
38
5
46
74
93
0
37
62
89
27
71
49
80
14
76
5
46
35
24
94
88
11
55
90
18
64
31
78
98
15
67
41
78
65
88
79
29
45
94
13
62
11
48
84
50
9
28
82
11
43
87
17
51
9
58
36
96
76
49
86
15
61
7
79
37
67
89
23
89
11
50
22
62
82
81
45
94
25
4
57
79
24
55
16
99
59
53
85
15
41
11
81
11
59
34
35
64
11
41
2
87
98
70
24
88
52
68
29
46
10
33
87
70
46
16
76
14
82
57
86
58
32
16
56
76
84
17
58
40
72
13
44
86
66
39
64
13
32
75
53
41
89
62
85
16
64
53
18
83
32
9
62
99
59
20
37
13
61
54
10
34
66
46
26
59
89
21
5
43
69
10
71
83
0
99
99
63
37
13
51
79
20
7
74
34
10
29
62
60
4
35
50
95
74
61
64
78
95
15
59
63
23
88
79
13
31
0
0
0
81
26
53
10
36
59
55
32
10
99
22
65
6
56
24
76
49
95
13
82
46
83
44
37
86
57
25
54
51
48
91
14
55
49
13
87
74
37
10
60
74
92
91
13
44
10
39
72
70
43
92
7
43
85
81
48
15
17
57
90
21
56
89
25
48
84
93
58
14
43
21
62
16
56
89
99
18
69
88
20
62
44
14
71
74
66
70
61
94
14
20
61
87
50
21
74
50
12
89
16
63
39
15
49
80
58
89
18
86
15
51
43
68
20
83
47
13
39
68
94
16
52
75
81
52
19
44
15
72
35
65
88
12
73
40
37
78
14
99
99
99
32
81
52
84
19
54
1
52
23
49
73
25
47
16
81
48
81
65
10
86
89
59
92
18
44
71
19
61
90
20
88
65
21
8
67
24
19
82
42
86
52
15
86
27
60
58
28
89
32
57
86
45
12
76
5
44
72
15
61
97
32
54
6
72
54
84
67
15
52
62
89
20
23
40
58
42
93
44
61
37
11
46
14
81
0
99
0
84
36
59
89
65
42
81
64
6
14
57
93
62
9
99
14
76
35
60
95
18
11
43
80
92
61
18
55
22
39
47
61
4
42
57
22
50
27
74
99
0
0
22
62
94
83
34
0
87
68
49
26
91
57
94
58
16
68
46
88
66
85
19
27
66
4
82
39
6
51
87
14
19
76
50
46
15
74
15
51
84
13
76
45
20
61
93
81
47
14
11
34
53
92
57
15
85
50
15
26
10
34
16
90
56
85
13
51
49
85
13
25
61
86
89
14
50
20
69
92
14
47
79
97
18
63
56
80
17
99
99
0
14
54
90
57
19
86
11
34
52
68
96
38
2
59
85
83
0
30
0
0
0
83
48
14
89
19
58
0
99
0
46
79
12
99
99
37
28
57
79
3
18
49
73
14
44
47
78
14
17
3
34
16
97
61
85
52
18
94
75
45
70
17
44
35
5
78
88
12
50
67
87
99
80
51
33
84
10
43
96
60
15
12
46
86
24
0
60
36
65
7
64
46
16
23
45
67
20
74
50
37
83
4
66
23
96
5
91
18
17
66
99
90
62
25
6
66
92
65
99
16
11
78
36
83
48
15
19
83
60
51
79
20
45
10
87
22
68
93
33
55
83
89
10
34
77
49
15
18
57
89
43
89
71
50
74
21
15
37
10
14
50
86
83
15
48
2
66
15
72
10
39
21
64
89
18
89
56
31
85
59
68
30
3
78
12
41
15
46
35
57
31
7
48
87
12
47
92
71
66
8
98
90
22
64
91
27
68
11
60
85
91
54
15
87
54
16
77
39
57
20
13
82
51
94
2
46
92
23
36
78
9
91
67
21
30
91
62
16
86
61
95
75
41
10
41
86
92
70
45
70
15
43
62
98
16
77
45
96
84
12
46
44
50
16
99
16
64
75
90
85
31
79
60
14
61
38
81
12
45
63
12
85
31
9
69
74
45
15
31
9
52
9
88
47
74
19
49
77
10
30
20
93
61
16
79
48
44
10
83
11
66
44
86
14
49
62
24
87
16
55
87
68
11
46
43
77
12
0
0
99
7
16
20
14
94
58
64
47
32
17
93
62
5
81
34
59
82
34
94
15
74
11
23
5
11
83
45
48
61
78
20
88
65
24
70
1
6
52
92
99
58
26
82
55
28
87
66
39
32
85
61
58
19
90
72
25
48
57
15
86
30
7
76
60
87
22
25
95
64
28
49
78
96
55
14
54
19
5
81
59
6
89
27
59
26
85
62
22
55
89
45
39
11
32
65
90
23
60
89
49
12
84
91
69
39
87
67
27
18
30
41
90
54
14
5
55
27
42
58
74
36
68
8
43
13
79
56
16
85
82
14
22
45
80
13
86
57
18
97
75
47
56
18
90
99
99
99
85
53
16
90
48
79
95
59
19
60
96
17
95
65
34
12
99
57
21
86
40
81
41
11
99
51
84
80
50
68
96
60
8
57
20
84
99
17
63
45
15
73
65
39
12
12
57
35
91
66
26
46
17
78
41
90
67
79
66
21
36
59
85
89
25
62
58
15
93
82
70
94
9
38
81
33
17
92
41
95
71
12
48
86
88
20
65
84
47
12
83
12
46
48
13
83
60
33
10
99
99
99
65
94
80
93
17
67
4
85
38
22
91
60
5
32
51
90
23
69
79
12
44
29
33
14
6
87
47
14
57
94
73
5
29
43
76
91
22
85
56
9
61
14
42
14
73
60
0
99
16
78
50
74
11
32
15
47
77
9
47
24
64
22
89
5
22
38
44
73
14
88
17
55
64
32
16
55
26
15
74
14
45
81
52
17
89
13
49
55
13
92
99
0
99
51
86
16
20
80
59
56
99
9
26
94
40
14
89
53
84
57
22
72
92
37
13
47
81
99
0
99
54
16
87
60
83
38
90
42
6
75
5
32
72
50
94
13
61
89
11
89
46
45
84
11
98
16
61
74
45
57
30
57
89
85
54
17
8
37
78
63
41
7
9
28
52
89
61
23
86
57
16
93
38
67
53
78
97
15
89
55
85
14
50
62
31
83
0
0
0
83
97
56
26
68
95
18
38
57
48
8
28
11
82
43
57
14
94
77
47
68
26
18
33
29
56
85
10
85
44
49
81
20
58
85
32
75
44
11
42
11
77
48
16
79
14
87
58
17
90
56
76
45
10
15
58
94
79
47
14
67
29
90
85
54
14
80
59
33
50
19
45
31
54
92
50
13
86
33
72
91
29
71
51
66
95
77
9
47
26
89
70
23
17
99
70
84
0
35
51
17
85
92
32
69
