59
27
0
74
40
4
72
80
11
48
19
42
67
16
24
24
77
87
90
72
16
0
64
96
40
24
50
64
88
40
44
0
56
36
68
40
16
88
24
39
0
76
18
52
2
68
43
84
79
86
35
66
16
41
32
40
59
48
21
25
40
68
27
74
8
18
16
24
88
96
28
36
24
0
8
52
28
8
72
56
48
8
72
91
40
72
0
24
38
84
0
32
40
88
64
12
72
42
71
64
43
20
24
0
40
59
16
36
80
0
28
40
80
32
48
10
61
44
16
80
32
0
84
56
8
18
40
80
68
16
8
67
24
83
40
16
32
72
83
96
67
0
8
88
18
8
24
88
56
96
16
35
60
24
48
16
80
0
40
24
19
24
80
88
96
60
52
64
0
88
72
0
32
64
45
72
70
29
0
61
0
44
64
32
11
50
66
13
60
75
48
61
65
56
88
54
64
80
88
96
36
67
42
28
84
37
8
80
88
83
40
56
84
8
24
16
0
80
68
75
43
32
8
72
6
66
11
21
8
76
42
11
32
65
56
8
48
80
97
96
11
0
72
88
96
72
26
52
66
58
66
12
32
64
72
10
43
75
26
64
10
52
58
48
5
3
56
0
16
96
26
40
66
53
60
16
80
8
96
88
21
26
12
64
56
20
72
37
2
59
52
28
12
43
56
48
80
88
34
72
12
0
35
16
32
56
80
8
96
67
26
48
74
8
34
16
80
59
79
32
58
27
33
24
80
60
32
75
12
2
8
51
16
80
64
11
27
64
76
82
24
11
80
0
88
13
34
28
0
8
48
80
8
0
16
69
83
78
10
24
12
48
32
56
96
11
18
42
0
67
64
80
4
36
43
34
73
0
24
64
42
8
32
68
85
4
11
44
72
80
45
64
8
80
96
52
32
8
64
59
56
40
8
0
72
72
51
80
88
32
28
59
8
32
24
59
68
80
52
76
53
58
44
8
80
24
40
0
16
99
64
36
12
0
8
40
27
48
35
44
56
80
18
45
51
8
64
75
89
48
10
40
80
88
96
11
26
16
80
8
69
0
74
28
60
26
56
66
61
81
36
59
19
53
64
0
80
44
88
96
42
19
52
13
24
40
68
16
85
48
26
51
2
0
8
8
77
29
40
32
21
36
56
40
28
11
40
0
16
8
21
40
76
4
51
36
24
0
52
40
28
16
5
56
10
28
52
32
24
88
35
64
0
8
96
32
68
56
73
4
56
35
64
28
36
64
32
56
72
24
32
74
16
33
40
40
0
88
96
99
56
51
48
86
40
11
44
27
56
80
66
8
36
72
64
69
24
77
64
4
32
12
51
60
80
66
48
75
34
58
32
69
72
64
96
12
56
24
48
64
37
0
43
28
76
28
12
0
16
8
32
24
83
3
72
8
58
86
83
72
24
34
64
82
72
2
8
0
32
91
36
35
32
42
60
16
34
73
48
88
20
64
0
72
28
8
9
59
16
36
40
0
88
96
11
11
43
32
52
0
60
20
12
25
17
16
80
88
24
32
40
80
88
64
8
20
54
66
24
80
60
8
18
48
0
28
11
8
80
0
72
80
32
51
8
56
72
80
88
99
11
64
40
80
96
56
3
76
8
0
12
0
80
40
96
48
8
80
40
64
24
72
0
80
16
36
0
80
88
68
36
16
77
87
88
48
11
67
80
32
40
80
12
88
96
72
40
16
64
84
42
58
72
10
32
52
72
80
88
81
60
32
12
76
40
24
80
16
40
0
43
64
72
29
83
19
72
80
8
26
72
80
88
96
99
27
40
72
22
32
56
19
27
72
16
59
16
76
32
80
24
11
64
40
8
67
8
74
64
45
20
2
32
0
44
18
59
16
80
72
2
32
12
80
42
58
40
48
13
80
40
68
16
56
96
72
16
88
56
87
28
58
72
8
85
32
66
0
88
89
0
60
43
32
88
50
4
67
3
75
16
35
56
30
40
3
12
20
72
80
8
0
24
96
99
16
43
4
56
88
21
3
40
80
24
64
3
80
88
16
0
75
56
38
24
64
80
88
96
99
59
8
40
75
7
8
16
0
35
74
24
56
88
96
16
28
33
27
8
21
20
72
80
56
92
40
59
29
37
8
42
72
24
16
80
18
32
80
56
40
11
72
80
88
96
40
59
32
4
72
5
40
72
24
16
59
28
45
56
8
68
0
32
88
18
26
0
40
48
16
24
11
59
19
8
52
24
60
0
8
68
35
79
64
56
8
80
50
0
81
53
8
24
88
0
24
32
8
88
29
32
40
88
76
8
18
56
77
13
64
32
8
80
91
48
52
36
48
80
58
64
56
0
96
27
12
0
72
16
53
8
64
26
45
16
64
48
32
56
99
34
45
28
56
0
28
72
27
40
73
34
56
80
21
36
51
26
66
5
11
44
16
72
80
0
8
24
59
76
44
27
72
43
36
48
36
24
26
8
32
53
40
32
84
72
16
54
68
8
85
3
59
19
13
24
20
48
74
40
4
48
0
24
80
96
64
80
56
27
16
32
40
56
13
88
43
66
2
20
39
16
32
60
24
8
2
64
26
0
80
8
60
80
88
96
56
72
20
48
96
21
8
64
43
24
28
16
80
60
40
50
0
72
24
32
68
32
72
64
74
67
51
19
40
2
24
40
72
64
0
24
80
88
84
10
72
80
48
16
92
0
68
32
56
43
32
16
88
8
51
16
8
76
48
96
26
68
37
20
52
34
24
28
60
3
45
10
0
1
66
11
72
17
8
0
64
3
52
20
0
28
32
0
72
84
44
0
19
75
32
20
72
32
0
30
60
37
44
18
0
64
0
88
40
16
43
32
0
88
44
64
53
37
40
29
20
29
16
80
40
26
60
4
36
20
8
56
85
24
96
48
0
88
2
64
19
4
37
41
32
16
40
0
8
93
26
60
40
34
48
29
68
42
59
72
2
56
40
88
16
18
12
56
0
44
51
34
32
40
11
72
16
34
71
43
56
64
16
96
59
0
44
72
48
56
20
3
40
80
56
29
8
48
66
88
43
58
8
80
88
35
28
0
48
64
24
0
88
96
99
48
16
72
43
93
43
12
60
66
52
69
80
40
88
96
21
56
26
80
13
24
8
88
16
0
72
80
88
44
50
36
56
20
42
32
32
50
8
31
64
42
8
76
19
59
56
72
29
33
3
22
56
0
88
80
8
48
16
68
49
12
50
16
8
24
67
45
60
5
74
56
40
8
19
64
2
58
53
64
56
0
18
32
84
11
0
48
62
16
47
2
37
8
80
88
67
27
35
51
32
72
80
36
17
8
12
58
44
16
56
68
11
34
48
20
56
34
64
48
72
72
80
73
64
8
16
76
59
43
32
68
34
12
17
5
56
0
8
44
24
51
64
0
57
24
20
53
68
76
79
58
42
32
48
64
27
50
36
13
64
68
35
56
0
24
20
0
80
88
56
0
48
88
96
12
10
48
32
0
16
72
56
64
24
2
35
28
12
60
0
34
64
80
88
96
0
16
72
88
89
48
64
88
0
8
32
64
40
72
18
32
42
58
34
48
36
20
48
76
11
24
72
40
74
97
24
43
58
16
32
40
41
48
84
64
0
24
40
96
8
35
28
69
8
0
48
12
0
84
74
56
28
75
86
43
34
16
32
42
24
56
12
29
35
20
72
0
19
44
80
64
34
8
53
20
48
11
24
88
96
56
72
35
29
64
24
64
72
96
93
50
24
69
2
53
0
76
36
59
12
36
53
56
66
57
36
0
52
58
48
10
40
0
60
16
72
43
27
16
88
34
16
80
88
84
5
40
12
72
56
27
51
32
80
88
48
80
5
24
64
45
26
5
60
22
66
42
75
8
67
60
24
77
64
88
14
27
56
17
5
48
80
56
96
24
28
67
40
80
24
12
48
64
56
32
64
32
24
48
56
42
0
24
66
16
3
24
80
48
40
48
64
56
88
29
24
60
42
3
64
58
52
72
8
82
27
56
8
36
24
40
80
66
48
56
36
11
0
64
19
20
45
24
16
32
45
3
32
80
56
68
40
32
24
96
40
0
84
48
99
20
0
8
32
72
34
60
50
66
64
58
44
51
40
80
43
64
26
0
72
19
26
16
48
88
64
32
72
56
48
21
3
27
40
16
34
61
8
80
21
56
12
26
57
64
40
24
16
56
77
28
32
21
4
26
52
40
56
8
48
42
66
51
8
0
48
27
0
88
64
20
50
0
80
88
68
0
21
64
88
61
48
20
28
64
56
24
68
84
57
3
40
12
72
88
16
76
91
90
85
72
80
61
0
36
56
80
44
4
51
16
48
75
71
80
50
20
57
48
75
16
28
34
17
50
56
72
10
0
32
3
28
72
80
76
72
71
40
80
96
72
80
26
50
18
68
32
75
59
56
72
80
3
13
0
60
8
19
40
80
21
72
48
64
96
32
80
58
88
44
48
11
69
24
88
72
56
12
80
92
72
35
50
2
30
44
16
50
0
77
48
32
64
8
0
72
80
88
56
81
43
24
0
88
56
51
37
24
64
88
2
32
75
16
68
19
13
17
3
72
0
76
12
86
82
28
11
0
19
53
29
3
44
0
80
40
16
64
93
56
32
80
60
0
48
60
8
64
56
35
43
0
80
64
96
40
61
8
21
48
24
64
48
96
56
8
32
24
48
84
29
52
72
32
14
24
8
72
16
99
59
35
24
48
88
52
60
48
72
24
50
61
8
24
40
3
56
12
27
48
28
40
80
35
36
44
24
80
59
48
8
48
20
35
88
56
43
76
5
55
32
80
48
0
99
8
32
40
96
48
2
42
40
50
16
16
68
40
80
88
72
80
32
11
96
44
32
72
80
96
34
32
80
0
60
68
8
51
80
72
67
12
59
34
0
10
52
64
77
19
67
35
12
0
80
24
75
32
59
81
48
80
88
24
0
35
72
80
88
10
13
40
56
88
96
72
48
88
18
64
20
56
80
81
24
72
16
0
56
64
16
64
34
80
0
56
0
16
96
67
19
48
80
88
96
8
24
7
77
36
66
32
64
0
96
35
0
69
40
88
48
11
72
88
0
53
8
80
0
56
64
56
88
32
72
16
35
56
72
0
16
61
75
36
0
56
68
75
69
48
52
32
16
60
24
26
0
24
40
64
12
44
0
29
64
37
50
40
48
32
72
12
40
73
80
56
40
10
32
24
72
16
32
0
80
27
72
4
48
88
4
8
0
24
16
20
3
56
77
40
24
48
88
16
0
40
80
12
48
96
51
24
66
8
88
48
16
74
46
88
19
56
0
36
48
64
80
79
37
88
16
58
48
40
76
24
80
65
56
96
0
66
36
16
80
56
0
74
43
55
64
51
72
59
8
56
48
34
72
88
19
0
32
48
77
61
8
45
21
32
32
80
56
45
96
51
0
64
16
80
72
20
80
88
81
36
64
80
24
8
64
45
24
4
72
72
80
56
22
8
50
28
68
18
32
64
80
48
62
90
20
60
27
64
80
56
8
36
80
64
69
52
84
78
8
72
26
80
0
75
19
32
40
80
34
32
56
88
40
89
8
77
45
24
64
72
19
40
23
8
2
16
60
48
88
18
10
0
2
1
59
12
18
54
64
10
8
16
0
96
8
80
88
96
20
40
75
59
18
87
0
40
88
24
16
2
27
44
11
48
