90
69
40
67
13
64
27
70
67
69
81
34
69
70
27
45
71
27
99
69
22
40
90
27
72
54
20
15
81
27
90
70
13
67
90
40
40
86
13
81
27
0
19
0
1
60
40
67
99
81
13
54
47
27
6
99
96
54
0
1
99
69
67
61
0
22
99
70
27
81
47
74
74
0
32
99
33
0
72
99
54
58
54
27
72
75
99
40
67
14
90
99
67
81
99
74
99
29
54
0
32
13
54
81
27
27
81
54
90
99
97
54
67
40
67
99
81
63
81
99
40
67
27
67
13
90
81
0
99
85
57
90
40
81
13
54
47
27
81
20
40
99
54
13
13
42
90
54
72
47
59
67
7
67
29
14
0
47
13
99
32
0
93
70
27
45
84
59
67
84
40
81
13
54
54
81
40
90
27
67
54
74
47
81
54
18
81
30
67
90
67
99
67
20
68
30
74
13
67
40
0
70
44
27
81
54
13
99
67
27
54
73
0
59
13
67
93
14
57
99
67
55
54
81
0
67
18
71
73
9
40
99
62
40
67
6
81
81
54
16
72
29
40
59
99
67
59
90
67
99
81
47
81
49
6
99
60
97
59
27
81
46
13
90
54
27
47
27
81
47
59
40
90
90
58
99
99
81
13
54
81
40
72
54
27
81
99
17
27
81
99
90
27
81
99
13
47
90
67
99
54
27
85
81
27
56
67
90
40
42
90
40
72
0
99
40
0
57
13
47
83
46
0
1
90
84
67
90
15
0
49
27
54
90
42
99
58
13
40
54
99
82
60
31
13
62
13
84
70
99
20
21
0
17
99
18
67
54
99
47
71
67
0
86
0
27
62
20
60
15
40
54
54
77
27
90
40
67
67
17
89
81
99
30
63
99
54
71
99
81
81
54
67
70
67
27
67
81
18
81
34
67
67
27
10
0
27
67
44
40
13
81
54
99
54
81
18
70
54
27
45
13
85
81
16
67
81
56
40
90
13
47
72
13
99
67
15
90
60
54
81
0
43
99
81
67
90
85
43
11
56
0
57
54
91
40
27
83
13
81
99
13
69
54
90
99
54
60
90
54
99
81
27
54
27
59
25
59
0
43
54
13
52
0
13
54
60
67
13
81
40
0
54
0
99
81
40
6
67
81
47
54
81
99
90
48
16
99
40
92
40
73
36
99
27
67
43
46
27
54
99
13
90
54
19
63
13
99
54
0
13
73
99
96
54
13
47
99
59
96
13
69
54
13
47
90
54
0
76
99
47
90
43
54
16
71
0
27
27
99
90
40
70
18
90
99
47
81
67
54
71
40
57
54
27
40
81
75
6
99
54
81
81
27
67
54
99
0
99
40
81
81
16
47
90
27
99
54
90
0
81
0
40
54
27
58
54
50
27
92
32
81
99
17
98
81
0
1
99
81
0
81
15
58
42
27
74
90
59
22
54
40
0
27
75
15
35
99
90
56
0
54
40
90
41
42
90
7
81
99
29
90
47
81
72
27
54
54
0
99
32
81
0
81
54
78
77
40
6
77
99
81
81
0
90
81
0
67
99
81
6
13
90
12
67
99
74
70
99
81
27
81
0
99
67
47
67
40
81
81
27
0
40
90
0
99
0
1
27
99
60
67
0
6
67
21
40
40
67
32
67
90
16
74
54
90
6
32
77
57
99
81
57
13
34
99
54
19
90
18
40
33
99
97
90
27
81
81
40
74
54
0
67
86
59
18
81
27
78
40
99
81
67
47
74
54
0
81
34
90
44
81
90
13
99
47
6
40
27
54
46
40
67
43
0
40
81
99
90
27
0
1
67
15
99
72
27
81
61
33
67
90
13
0
83
27
47
73
23
99
81
99
42
90
13
67
54
90
67
13
47
83
40
99
74
99
27
56
59
81
99
67
13
40
57
6
27
99
29
13
54
40
74
40
90
54
6
58
90
99
81
27
45
99
27
40
67
18
67
0
47
99
27
96
90
40
0
69
99
67
0
47
92
13
67
0
70
67
46
90
40
81
73
13
40
81
13
47
99
96
81
99
54
93
0
13
67
56
54
70
59
54
90
81
27
0
90
60
99
99
72
29
73
71
99
54
99
16
13
47
83
72
99
20
29
73
16
92
67
36
81
15
54
70
99
81
40
99
36
27
0
81
58
40
13
54
90
16
99
67
57
74
22
99
58
13
99
54
27
52
99
54
96
99
81
40
0
67
99
0
77
30
31
75
27
69
67
99
99
67
16
81
15
99
43
73
40
61
90
54
99
69
47
91
0
81
99
31
94
54
0
99
40
67
81
90
27
99
90
54
13
44
99
0
13
84
49
32
90
47
54
90
57
99
43
0
27
93
61
27
0
74
90
54
99
81
58
99
54
99
27
59
22
54
90
54
27
99
84
58
99
58
17
67
99
81
0
27
1
67
15
54
67
99
94
90
0
27
90
0
6
54
0
99
72
31
40
67
0
99
27
0
13
13
81
47
72
57
99
81
40
83
90
54
15
72
99
54
99
17
81
63
20
90
13
67
27
81
0
90
99
13
57
99
54
13
63
99
67
99
47
18
90
40
6
45
0
54
48
0
99
70
27
54
99
20
62
90
54
81
99
62
20
73
67
32
67
99
64
54
90
55
99
59
93
31
0
27
99
40
95
13
70
40
90
29
81
54
99
55
99
95
0
34
69
40
40
15
73
18
69
54
40
99
81
90
27
0
13
73
99
47
20
67
27
90
67
81
0
27
60
32
67
99
27
62
67
99
30
60
99
67
6
81
47
57
72
54
81
67
13
67
90
18
81
27
13
90
67
17
0
99
94
99
57
95
29
74
40
81
40
74
67
27
81
56
0
99
70
54
18
33
99
54
81
54
0
29
27
99
81
67
0
21
61
99
58
20
99
81
67
17
73
81
21
90
99
0
90
99
40
0
99
1
75
83
67
48
81
54
99
67
0
99
56
40
99
40
0
43
90
67
56
99
0
99
54
16
99
73
54
90
47
81
90
54
99
67
0
64
81
13
78
46
0
13
54
81
49
38
84
13
9
99
81
32
90
0
99
67
0
54
92
51
99
0
77
81
40
6
99
13
54
71
0
40
59
8
99
84
54
90
72
57
13
61
6
54
54
67
47
54
73
52
13
81
47
99
0
1
67
99
81
54
0
99
90
40
0
81
67
28
30
81
16
81
19
47
67
47
74
54
90
17
46
99
27
13
27
99
99
27
67
81
27
67
99
13
47
27
54
81
90
54
40
17
13
40
0
27
84
81
54
13
72
99
96
81
16
0
90
22
70
90
54
27
0
27
99
99
30
90
81
6
36
99
96
72
67
0
47
54
47
81
99
67
21
27
99
57
0
27
57
67
13
0
69
0
67
0
99
90
48
27
67
67
0
33
99
74
54
0
54
99
42
90
27
67
0
1
