13
99
78
4
91
18
26
78
65
0
91
14
91
99
3
39
26
78
0
52
99
52
39
95
91
78
52
78
52
99
39
26
3
26
6
65
52
2
91
0
91
1
13
91
1
39
91
52
52
99
26
5
65
39
65
52
4
0
39
8
13
99
4
78
91
0
3
78
65
91
13
0
78
3
65
26
39
8
65
91
52
65
99
78
3
91
65
99
65
52
26
0
52
99
78
26
78
13
52
5
52
99
52
78
9
78
65
52
26
65
99
3
78
39
91
99
52
91
26
5
39
9
5
65
91
99
52
91
4
78
99
91
91
9
6
99
0
13
26
65
13
52
91
26
10
26
14
0
78
39
78
26
65
13
39
26
39
3
91
6
91
22
26
52
3
65
78
99
99
91
39
99
10
14
9
65
6
52
4
8
39
65
26
39
91
65
78
4
9
78
26
13
91
6
39
91
99
52
91
3
39
26
52
8
99
13
78
26
91
13
13
91
65
39
26
91
91
39
52
13
78
52
91
65
0
3
78
99
65
26
10
91
99
39
65
91
5
6
91
52
8
52
5
65
9
99
65
52
91
0
2
91
52
26
39
78
39
65
39
52
7
99
0
26
26
52
13
78
91
3
99
0
13
13
26
65
91
99
78
78
99
65
91
26
10
99
52
2
99
91
3
99
26
91
10
14
39
91
52
78
39
13
65
26
65
99
65
39
13
9
4
39
78
2
52
65
26
91
39
26
9
26
2
13
65
91
3
0
78
16
26
39
99
52
26
65
7
65
0
99
39
52
52
99
13
7
5
52
26
78
91
99
6
78
3
7
26
99
13
26
26
91
65
0
95
90
65
13
91
9
6
65
91
4
65
91
78
39
10
65
24
39
78
4
99
52
3
95
65
90
0
52
8
91
2
39
78
91
52
78
65
7
9
99
22
52
6
39
52
39
13
13
1
99
39
65
52
91
52
78
91
65
52
26
78
99
78
91
52
91
78
39
39
99
91
11
78
14
78
65
7
26
9
14
78
26
52
91
99
26
52
65
39
39
91
65
91
26
2
26
39
7
78
1
65
91
65
39
39
0
26
78
91
39
78
91
26
52
26
65
91
2
99
4
26
17
78
13
65
7
39
22
65
91
5
99
91
26
39
65
91
78
65
13
65
78
26
26
99
39
7
26
20
91
26
99
0
52
39
91
99
26
39
0
99
65
52
13
26
0
39
91
65
4
6
65
78
99
65
5
26
99
39
52
10
39
52
99
78
7
52
65
78
0
65
91
52
2
26
4
91
3
8
78
91
78
10
78
65
26
6
65
22
26
65
39
91
5
78
39
91
3
78
26
3
99
39
10
39
91
13
91
99
65
99
0
91
4
9
6
10
14
65
1
39
0
78
26
39
39
91
52
91
26
52
0
39
65
39
91
99
65
52
2
2
78
52
91
13
78
65
39
13
39
91
2
39
78
52
78
5
13
13
65
78
78
13
3
3
91
0
65
4
0
39
3
99
10
1
52
0
99
14
52
39
8
6
99
16
26
78
91
78
4
8
52
2
65
99
91
9
39
26
13
91
39
99
91
52
26
26
3
65
91
13
39
52
99
13
99
52
7
0
99
39
99
4
39
0
99
26
3
13
8
99
3
26
91
13
65
65
13
78
13
52
91
52
39
65
91
0
26
65
78
26
13
91
99
39
78
3
99
0
65
78
0
39
13
99
78
4
65
10
65
39
78
78
65
91
6
52
23
39
78
3
0
78
52
39
65
5
10
99
39
39
13
26
26
39
99
26
39
2
13
26
7
52
99
0
0
99
17
65
52
1
78
39
26
52
78
65
99
52
65
52
3
0
26
0
95
78
26
13
13
39
28
65
99
5
65
13
91
65
52
13
13
91
78
65
78
91
26
39
13
99
78
9
6
91
19
52
91
3
78
26
52
10
26
6
99
2
91
26
13
0
39
65
4
10
52
14
91
78
0
39
13
0
91
78
5
26
2
13
13
65
29
65
26
0
10
78
65
0
91
8
52
9
91
7
99
65
52
6
91
13
0
65
65
78
52
78
52
13
52
91
78
91
26
0
78
91
65
99
7
5
52
78
8
4
7
65
65
3
52
91
65
13
39
65
78
39
95
90
26
78
3
2
52
17
13
99
78
13
99
24
52
13
91
99
10
6
26
91
99
99
52
8
99
10
14
78
91
39
78
99
91
13
99
4
26
2
65
78
52
13
26
78
8
91
11
65
11
78
65
39
13
78
26
7
65
13
99
91
11
91
14
91
99
52
26
91
78
78
9
5
26
39
65
99
26
2
52
26
65
39
91
99
99
13
3
65
10
78
39
65
99
78
26
65
26
2
99
91
65
39
6
52
78
99
26
52
39
65
52
2
78
99
0
91
12
91
13
39
91
65
78
65
0
52
13
65
78
10
14
26
5
26
19
78
0
91
26
4
91
3
91
78
99
4
10
78
13
99
13
91
39
6
52
39
91
9
52
26
39
4
52
91
39
0
7
9
0
52
9
11
91
99
39
78
91
91
99
39
13
5
39
99
65
0
26
39
65
0
2
99
39
1
91
91
99
26
0
39
26
1
99
11
78
52
39
91
5
65
78
7
39
65
39
52
65
78
3
78
65
52
1
99
13
3
78
39
39
52
91
3
7
1
99
65
91
26
99
0
78
26
7
39
99
52
26
78
99
78
99
0
52
65
39
6
39
21
99
65
26
65
78
0
13
5
8
99
52
65
91
26
65
78
4
39
10
65
39
78
9
6
13
7
91
78
13
4
91
78
65
91
99
78
13
0
99
2
10
99
99
13
52
26
99
0
78
39
65
2
39
16
26
7
10
26
65
99
26
99
39
4
8
39
65
52
99
65
78
3
65
52
1
13
65
3
26
91
4
26
65
91
65
91
2
52
91
10
2
78
0
91
99
39
11
52
28
99
13
39
52
99
78
99
39
26
39
4
91
26
3
99
3
78
52
91
13
7
78
13
65
99
91
52
91
99
8
52
91
0
26
52
39
26
65
4
99
39
26
99
9
78
2
99
17
91
7
39
26
13
99
4
91
99
52
91
9
65
5
52
78
91
4
65
52
99
91
52
78
39
91
52
39
52
65
39
91
4
13
52
99
99
91
65
26
1
99
99
39
0
26
0
91
91
78
3
91
3
65
9
65
5
13
39
65
91
52
99
99
39
78
13
91
24
0
10
14
91
26
78
78
0
4
91
52
78
65
26
7
91
2
65
78
95
6
10
78
4
99
78
52
91
78
99
99
91
39
52
2
26
39
4
9
78
9
5
91
78
5
39
91
4
65
91
10
10
26
78
39
91
78
26
78
4
39
99
91
1
11
99
13
2
91
78
91
9
78
3
10
26
99
91
3
91
7
39
78
91
1
91
26
52
65
8
13
1
78
