37
12
56
68
20
35
64
80
28
68
36
52
67
64
74
72
64
80
72
80
88
40
80
64
72
48
82
21
48
35
26
72
80
72
27
40
64
80
81
58
40
80
56
75
12
37
72
80
72
80
88
56
80
40
48
80
88
58
28
8
64
43
21
60
28
12
72
28
12
52
11
26
52
11
28
64
72
88
56
36
12
40
80
88
68
64
72
42
66
28
64
77
44
52
12
28
20
8
36
45
72
80
56
80
88
58
48
80
72
80
88
58
65
28
72
80
76
75
64
76
68
20
4
64
80
88
72
52
28
37
40
80
64
77
87
64
44
12
68
83
81
52
61
43
69
80
85
72
56
88
60
72
64
56
40
48
27
60
12
72
80
88
72
73
56
32
80
88
20
3
48
60
67
12
64
72
88
68
12
35
72
60
66
48
76
20
35
27
44
64
80
56
72
80
88
64
56
88
67
72
80
72
80
88
34
72
80
72
80
88
48
80
88
72
80
88
48
64
88
72
40
80
28
56
80
69
81
83
72
43
12
72
80
64
64
75
40
40
64
88
68
20
51
48
80
29
64
48
28
52
11
27
72
80
88
11
28
64
72
60
44
72
80
88
72
36
80
72
80
88
40
12
59
72
61
65
40
77
64
66
59
45
72
80
88
43
56
80
72
80
88
72
27
56
56
72
88
50
72
29
43
12
27
72
27
80
64
80
88
72
35
12
72
80
36
72
56
64
60
16
80
72
80
36
28
72
80
58
72
80
72
80
44
72
59
80
48
64
88
60
40
80
67
12
36
72
36
12
72
80
48
52
72
80
72
35
52
56
76
90
72
80
36
67
56
57
56
77
87
61
48
28
64
80
88
40
72
52
72
80
88
56
35
12
64
48
76
56
64
88
52
64
80
56
11
38
44
28
12
72
80
88
72
80
88
68
44
51
59
48
68
68
28
12
72
80
77
72
80
88
64
80
12
69
51
32
72
44
12
45
32
80
43
11
27
64
80
88
64
56
88
72
44
12
64
72
56
72
80
64
72
80
88
68
80
60
56
32
75
52
36
12
60
66
61
28
61
12
64
80
78
64
28
12
50
68
12
56
75
48
12
36
20
72
80
44
64
56
88
72
80
88
72
80
88
72
64
88
60
67
59
72
80
88
69
85
60
61
75
66
72
80
60
72
80
88
69
48
80
62
72
80
56
80
40
67
51
12
72
80
77
72
80
88
36
64
80
64
80
72
72
70
12
52
11
27
48
56
40
72
80
88
56
80
12
72
52
80
68
20
35
72
80
88
72
80
88
72
56
88
59
54
64
72
80
88
68
40
20
67
29
58
72
80
20
67
64
80
36
67
60
72
64
88
68
81
83
58
72
80
68
52
12
52
72
80
64
72
80
64
43
80
72
80
88
59
13
35
64
80
88
60
28
12
20
72
4
72
80
8
64
80
88
68
81
61
64
80
72
20
35
4
67
32
80
64
80
44
59
11
24
36
12
72
60
11
28
67
20
36
61
36
12
56
48
64
56
80
88
68
8
80
28
68
12
66
44
27
72
36
12
60
72
80
53
11
28
72
64
88
66
56
80
52
11
28
72
48
80
64
52
13
72
80
52
64
42
28
64
36
12
72
80
88
56
76
12
60
48
64
56
80
88
44
11
27
37
56
12
12
64
44
67
56
27
56
80
88
40
59
12
67
72
80
67
60
12
68
48
80
59
72
80
56
80
88
72
80
64
61
65
52
44
28
12
68
28
12
68
40
80
61
28
12
44
64
80
72
70
64
72
80
88
72
53
12
64
72
80
37
52
12
72
80
36
56
72
88
72
64
88
56
64
77
56
76
83
72
80
88
72
80
88
43
72
60
52
27
12
68
36
83
64
56
88
72
35
12
61
24
80
72
80
77
59
67
43
69
37
56
11
36
24
72
80
40
68
80
52
12
28
68
50
72
26
36
60
71
51
67
12
67
40
21
59
11
27
72
48
88
72
52
12
68
43
56
64
80
72
67
40
80
64
72
88
66
28
12
64
56
88
72
44
12
72
80
52
64
80
48
72
73
80
66
56
80
72
80
88
72
80
56
72
80
88
53
67
12
67
72
80
72
64
88
68
11
36
72
70
29
64
80
88
72
80
88
66
64
72
64
80
88
64
80
88
56
48
69
11
68
28
72
80
88
64
80
88
72
36
53
59
48
80
40
80
88
68
52
12
72
80
51
64
80
88
66
11
44
53
20
36
68
80
83
64
40
88
72
80
88
60
45
48
68
11
36
64
80
88
72
80
64
64
80
52
72
56
80
72
60
65
72
16
88
56
12
28
68
48
80
64
80
88
72
52
64
40
72
11
72
56
84
64
56
88
72
80
88
72
80
56
58
52
69
20
4
35
66
74
72
35
50
12
64
80
88
29
51
12
64
80
88
40
80
88
72
80
52
60
72
80
66
27
43
59
11
26
52
11
27
64
56
85
48
80
12
48
80
88
65
48
80
72
73
80
50
64
75
72
80
88
56
66
59
64
40
88
56
80
40
67
40
80
68
76
66
51
72
80
60
72
67
58
12
27
72
37
48
72
11
27
67
32
80
72
80
88
56
66
58
35
11
45
60
36
12
68
24
80
60
65
56
64
72
88
44
19
52
60
67
48
40
80
88
68
51
12
58
8
80
72
80
48
64
80
88
72
56
88
72
80
88
36
20
4
64
80
53
67
56
80
72
59
36
34
53
12
61
65
59
64
48
80
72
80
88
51
11
26
60
48
28
64
80
88
56
75
32
72
80
88
11
37
21
48
77
32
24
80
88
72
53
35
72
80
77
32
72
52
42
11
28
72
80
88
72
80
64
20
35
3
56
48
77
28
52
12
32
80
88
72
60
24
72
73
80
48
72
88
72
80
88
64
76
20
64
80
88
72
56
88
51
67
28
56
80
88
43
11
27
56
80
88
48
80
88
72
36
12
58
28
12
64
74
56
52
36
59
56
76
40
72
65
56
56
48
88
68
56
80
72
80
88
67
45
21
72
80
76
72
80
88
72
53
35
68
19
81
48
80
88
72
43
80
72
52
36
52
69
80
59
54
64
72
80
40
72
80
88
64
45
48
72
80
88
60
11
28
72
60
80
59
53
66
64
28
12
67
53
12
20
32
80
72
80
48
66
40
12
67
56
48
72
80
88
64
75
67
51
43
12
37
64
80
72
56
88
68
48
62
26
56
80
64
80
36
72
80
88
72
48
88
64
24
88
21
72
59
32
76
59
72
28
12
67
11
44
67
11
52
51
72
12
19
64
80
60
12
36
68
80
20
60
72
64
56
77
82
72
36
12
37
11
45
72
80
64
68
11
35
51
67
36
56
80
88
72
59
43
20
52
4
29
64
40
72
80
88
72
71
60
72
52
20
69
44
8
48
80
88
