23
61
99
92
66
99
34
82
61
92
99
10
56
96
85
49
6
99
75
58
45
99
76
94
70
81
50
99
87
58
70
44
99
29
61
99
89
46
69
85
19
53
81
99
92
84
39
17
52
76
19
47
72
99
94
28
70
40
99
93
69
99
86
40
0
77
99
53
72
10
88
99
82
26
56
82
10
99
94
76
11
99
41
85
94
93
26
60
53
0
99
82
92
67
29
17
81
58
85
99
60
5
99
79
94
26
72
57
78
63
17
84
60
40
72
26
82
59
77
99
75
26
99
94
52
54
10
99
86
95
70
7
99
29
81
81
99
71
44
63
99
85
28
75
0
99
84
0
69
62
42
96
9
86
35
66
33
1
93
7
99
51
21
45
81
27
85
60
99
94
6
80
99
41
87
99
79
85
49
23
99
25
95
88
49
93
45
72
87
54
72
23
0
99
31
24
99
76
95
85
60
95
69
99
54
31
57
84
99
94
55
72
2
34
87
83
99
0
90
22
65
28
0
99
95
16
87
0
96
99
49
97
25
0
79
95
75
99
71
58
99
78
89
0
34
19
71
99
94
57
49
91
65
0
56
11
99
48
79
61
95
42
17
69
51
27
0
94
74
99
67
99
72
4
10
99
77
72
94
85
21
61
87
72
99
99
57
76
46
83
3
83
28
55
99
99
56
31
79
62
13
63
82
99
90
54
0
81
32
59
81
49
0
76
55
80
41
99
76
94
99
15
46
74
57
52
92
7
48
99
7
99
80
95
73
98
66
31
0
71
48
99
89
35
61
43
96
59
37
76
99
41
95
78
0
54
99
74
95
64
99
53
96
77
60
92
39
73
99
67
99
6
81
57
66
55
99
13
40
69
1
33
91
99
80
99
67
10
79
46
99
6
41
69
95
64
95
99
69
81
99
52
95
81
60
99
64
94
57
36
62
99
32
82
70
83
44
95
75
99
2
99
78
50
60
17
99
45
92
64
73
39
82
99
92
84
59
3
80
99
54
99
0
31
49
79
28
0
32
99
89
74
99
69
0
65
91
53
99
72
69
99
78
88
34
73
99
67
40
21
98
2
74
94
81
99
84
92
43
65
99
85
45
74
92
89
5
64
86
99
99
81
17
46
94
78
39
22
0
71
49
97
22
71
55
16
91
41
70
99
15
51
99
45
10
83
24
99
94
73
2
47
81
58
36
99
51
76
19
59
94
63
99
69
85
2
42
99
80
88
92
58
99
86
19
72
40
82
52
99
13
78
99
40
91
99
85
3
59
45
7
50
99
87
79
81
13
99
93
43
92
25
61
77
47
80
56
99
68
93
90
23
62
78
99
10
70
99
37
58
83
99
58
92
26
47
99
94
77
22
88
58
99
72
0
33
99
80
86
94
79
99
87
29
53
50
80
45
85
99
99
13
43
78
5
15
97
70
0
32
94
13
43
68
99
26
74
99
95
68
60
99
67
41
14
7
42
65
90
53
45
87
70
99
79
99
38
0
62
94
95
62
0
30
99
99
40
5
66
96
44
78
86
38
14
99
75
41
70
95
29
60
78
53
83
99
76
95
84
28
4
45
73
99
87
92
44
0
75
99
3
46
81
98
71
42
78
87
65
17
28
99
56
77
41
86
47
55
73
99
13
79
99
92
57
24
99
64
94
51
60
99
78
68
19
14
55
86
71
99
62
84
99
91
0
55
99
86
95
78
94
12
41
74
99
80
18
48
69
98
85
13
99
92
68
99
5
69
93
65
35
63
86
99
93
83
60
99
48
94
0
99
51
80
95
71
99
41
75
93
99
13
54
85
0
99
38
87
65
57
83
24
99
90
0
99
65
83
5
74
41
99
80
66
93
41
87
99
93
65
33
99
62
87
53
64
15
83
99
77
92
36
70
87
62
11
54
99
84
46
99
77
61
94
84
34
70
99
95
12
99
41
24
55
0
43
99
95
26
0
24
78
99
87
18
39
98
83
24
94
99
55
96
88
63
51
98
71
17
46
99
27
89
61
48
8
99
93
0
87
48
99
86
75
94
99
80
11
70
32
20
89
76
50
98
91
99
86
15
69
99
75
55
93
65
16
87
99
60
42
98
66
41
95
74
9
40
99
95
87
40
92
71
98
59
99
80
74
45
21
16
91
70
0
50
17
63
90
68
84
99
23
63
46
73
37
67
86
99
93
69
99
86
93
36
72
99
80
89
47
0
39
89
25
51
99
93
32
77
49
12
74
89
99
82
0
99
33
82
47
86
54
99
93
17
57
74
44
82
99
96
23
63
41
0
99
62
27
66
90
6
87
49
64
37
99
66
0
71
25
45
80
99
91
2
67
90
62
99
75
99
33
75
58
94
52
82
99
72
93
32
75
99
0
94
75
6
32
55
17
28
83
75
99
94
92
46
27
56
99
50
99
0
31
71
95
10
51
75
99
69
99
9
91
49
57
99
79
71
93
53
88
1
99
94
99
73
18
48
81
33
99
91
0
75
72
99
78
25
0
72
99
86
24
0
34
77
62
82
48
99
71
0
29
87
44
99
77
92
58
94
41
11
71
99
99
74
66
0
29
99
18
83
66
75
12
51
77
99
68
86
52
0
28
56
38
82
99
77
34
56
93
0
72
99
63
87
99
93
57
79
99
63
88
0
99
5
94
75
55
94
44
63
81
99
99
56
0
28
91
30
85
99
94
76
99
71
0
37
76
28
89
99
5
67
98
69
51
91
20
72
99
56
29
81
65
99
15
72
95
36
99
95
79
60
99
44
81
67
92
75
99
91
46
24
21
86
0
60
33
81
8
99
93
56
76
99
70
30
0
28
99
73
43
95
3
42
99
78
85
42
71
32
78
0
99
68
80
63
53
20
65
99
85
94
62
31
79
99
88
99
90
11
86
78
74
42
99
3
65
70
98
28
77
93
66
23
99
96
44
95
21
0
54
33
66
99
37
1
95
5
99
89
54
37
23
82
99
0
32
26
83
77
0
93
89
49
99
95
81
73
99
84
6
91
17
99
94
70
66
86
26
99
92
66
16
82
51
71
99
99
79
92
22
67
41
99
80
95
68
99
87
50
68
36
99
34
89
66
54
99
4
63
95
77
42
99
87
70
64
83
16
60
75
48
92
67
99
74
5
6
73
36
55
81
81
28
99
95
74
55
88
99
80
24
87
55
6
44
77
47
99
94
72
53
61
11
0
87
99
99
32
0
61
95
99
10
33
52
20
28
92
54
72
99
71
99
27
89
63
20
74
99
91
54
50
80
43
90
99
25
99
62
87
53
89
55
26
50
82
64
90
99
84
36
92
65
33
99
61
53
99
11
83
95
27
88
79
0
74
4
80
99
93
75
51
0
79
99
71
20
73
99
0
37
78
39
59
0
26
44
6
99
63
93
39
73
99
77
49
70
23
63
82
46
99
67
0
47
73
75
99
86
6
65
99
61
89
4
36
99
92
12
75
58
99
84
3
69
64
67
99
0
72
32
86
48
44
71
95
84
15
47
99
92
37
99
0
82
75
99
46
95
75
60
64
96
70
99
78
91
6
70
32
98
70
99
89
63
48
89
99
84
29
77
44
20
55
0
71
66
99
42
10
90
91
56
99
68
5
6
99
78
32
93
99
66
32
73
95
22
99
66
84
57
92
56
1
66
87
19
68
99
90
3
99
95
50
85
63
3
44
83
99
93
10
43
99
94
66
53
98
5
38
0
60
31
8
68
24
99
22
53
91
76
99
90
71
51
14
99
16
96
78
84
88
49
99
67
22
99
47
30
54
6
89
35
62
0
81
60
11
99
85
65
16
99
58
93
0
43
79
49
70
57
17
61
85
99
92
64
29
91
5
99
23
69
86
99
80
43
76
0
52
83
46
11
99
81
74
99
94
9
61
86
73
99
85
92
61
55
92
63
99
84
77
23
99
94
58
12
58
99
93
39
13
99
51
0
76
90
55
48
99
24
99
30
70
42
21
93
26
48
68
99
66
21
99
93
46
65
99
38
91
72
99
36
73
11
93
99
88
46
67
52
99
13
0
53
25
81
12
99
93
74
56
85
99
92
61
99
96
32
85
64
80
42
50
68
36
82
31
64
0
87
76
99
63
28
0
36
0
75
99
71
24
60
76
34
55
73
99
82
53
26
60
28
75
98
66
56
90
99
64
83
49
81
99
73
65
30
88
99
74
46
88
54
99
94
35
40
79
52
99
93
24
99
94
70
59
84
0
99
94
70
12
99
69
93
53
81
18
49
67
99
13
77
0
27
49
85
55
99
60
0
76
9
99
84
48
99
93
67
44
5
48
99
86
31
0
55
99
66
42
74
12
49
57
86
99
24
89
99
46
17
47
99
93
83
33
29
99
88
63
81
90
40
8
69
99
26
69
50
99
95
58
11
99
76
53
99
94
62
7
74
96
6
70
32
99
80
9
40
66
99
53
91
27
59
82
54
10
79
99
86
94
65
99
79
37
69
99
45
83
18
99
89
23
64
0
86
44
99
94
66
63
16
99
93
51
2
79
54
99
92
9
99
92
63
71
35
99
93
64
0
28
0
89
99
80
63
99
88
51
82
15
84
99
73
93
33
0
49
77
4
24
81
74
9
41
20
99
63
93
68
62
25
81
99
88
87
99
93
36
67
89
55
99
69
49
25
76
54
99
95
9
96
33
57
15
64
29
99
11
52
83
99
76
36
60
49
79
97
54
88
15
99
60
90
0
99
3
52
81
45
65
99
93
74
22
53
2
89
99
77
8
51
99
73
0
61
99
34
86
69
70
11
44
60
99
99
32
93
64
0
52
96
1
33
6
20
99
71
0
88
60
82
64
87
99
47
99
87
66
42
72
28
48
94
77
64
27
99
95
0
90
29
66
83
99
8
99
83
91
34
86
12
99
81
56
42
75
99
27
95
29
95
0
77
99
21
99
90
74
66
44
93
74
0
55
94
6
54
32
48
70
99
79
27
93
74
22
99
83
93
91
99
85
64
72
99
70
31
92
0
99
50
61
79
45
36
78
43
99
91
60
99
30
0
94
63
99
37
1
94
99
77
44
5
67
8
49
94
72
99
99
91
62
85
32
18
55
99
66
92
24
62
89
99
83
72
40
96
22
99
99
76
27
93
47
93
19
52
71
99
57
99
89
81
65
99
79
48
14
93
95
56
8
42
18
32
99
71
87
53
26
79
0
92
32
99
37
6
65
93
10
69
99
89
61
25
80
61
87
99
12
82
42
99
75
99
48
1
95
26
66
99
85
59
29
52
87
36
1
99
46
81
99
75
17
99
50
94
74
10
99
22
66
0
71
39
80
95
56
99
58
22
80
99
93
99
76
89
54
30
93
68
99
58
0
76
32
1
99
36
42
99
81
75
21
61
99
86
80
6
96
62
99
67
86
68
25
99
95
59
99
74
85
55
1
79
53
99
60
27
99
1
76
95
71
32
93
5
68
99
85
23
0
99
38
76
31
99
50
93
97
64
11
92
40
61
93
99
69
55
12
88
97
0
65
16
57
96
71
99
26
63
89
99
83
79
19
41
71
85
69
40
89
60
99
31
94
57
77
99
78
48
99
69
15
90
68
99
79
47
99
15
95
80
69
78
16
57
74
99
99
69
73
26
0
71
37
96
5
99
66
99
41
19
57
99
86
21
71
46
56
99
95
77
49
