0
99
92
99
75
80
99
13
79
8
76
35
58
99
96
69
43
82
45
99
18
99
27
87
81
42
4
28
73
36
9
99
95
25
62
56
69
99
88
78
99
65
88
99
83
83
7
99
60
99
4
99
67
5
99
85
92
18
84
55
5
79
62
85
17
72
46
84
0
51
85
99
73
24
99
36
85
68
10
91
99
81
99
67
99
82
89
99
87
21
17
95
89
70
1
29
46
12
96
26
87
60
59
3
82
99
79
88
99
59
95
96
43
71
70
24
99
69
20
52
64
96
68
88
5
36
62
99
96
84
58
99
65
27
99
59
95
99
28
95
66
91
99
77
99
89
6
74
34
99
55
93
64
10
44
99
86
36
7
93
46
78
57
99
77
99
81
65
94
69
99
99
56
76
21
83
75
99
33
81
6
64
99
63
7
91
84
12
57
81
99
72
23
70
99
19
99
47
77
99
72
99
66
72
44
99
90
7
99
36
8
44
83
13
99
94
99
58
96
94
25
52
53
79
99
39
96
71
67
90
99
99
73
42
98
0
70
63
94
99
99
95
52
99
66
93
62
99
37
78
30
1
70
99
76
57
99
20
99
36
96
73
94
99
28
99
64
71
99
62
93
64
99
27
85
72
26
99
86
70
99
84
92
21
59
99
83
75
99
56
85
83
2
50
99
90
43
74
6
97
52
97
25
0
89
71
25
85
98
25
72
99
75
26
0
99
45
23
95
67
99
75
99
36
95
65
99
73
41
85
39
76
99
99
63
94
54
99
0
87
50
99
94
67
99
72
99
77
33
73
89
99
63
57
80
99
92
14
99
94
86
51
2
42
99
81
12
52
99
60
80
30
99
13
37
16
99
62
94
31
0
15
99
60
67
99
73
43
71
29
41
87
73
99
61
0
91
27
70
99
17
67
89
47
56
99
74
40
92
53
99
99
76
94
65
20
99
92
45
99
86
13
0
39
73
99
20
99
49
11
65
91
99
91
33
74
99
91
58
99
78
13
53
87
50
84
99
54
99
86
92
46
99
48
99
0
88
38
99
99
45
92
40
99
96
85
61
99
72
99
67
72
99
76
99
6
79
49
78
99
85
59
99
99
6
88
46
99
80
24
85
99
72
99
79
53
86
99
14
61
83
99
58
80
99
69
38
99
31
63
97
55
28
24
99
64
33
79
99
8
97
74
99
15
82
14
99
48
99
84
65
22
99
94
76
99
86
99
78
70
22
87
0
93
69
99
97
19
59
10
88
58
49
75
94
2
60
84
40
95
72
99
79
71
66
99
53
28
65
89
99
26
79
31
87
99
18
99
95
70
99
80
73
12
99
99
36
94
99
69
40
44
99
9
84
39
7
91
67
99
91
22
72
93
54
64
99
25
96
99
29
75
63
83
99
67
17
86
99
74
59
48
81
99
39
76
99
25
80
76
99
40
73
99
29
0
46
70
24
96
60
10
70
9
99
42
98
68
50
88
5
99
15
65
24
99
94
74
99
26
65
99
86
39
81
62
99
78
36
56
99
95
91
43
99
99
77
66
99
9
86
88
53
60
85
50
0
45
94
66
49
87
33
67
99
95
72
99
82
99
40
94
92
43
67
99
78
50
46
90
0
99
74
67
72
99
76
95
68
18
42
99
81
12
95
78
30
99
95
99
78
69
76
99
42
9
99
65
82
16
99
76
99
68
15
99
0
0
30
99
42
71
35
99
70
77
20
65
99
87
29
99
23
81
99
73
99
42
52
95
72
23
81
44
93
22
0
64
99
2
70
99
92
72
45
32
25
84
79
85
48
53
73
99
84
23
99
94
86
26
99
24
81
99
99
89
34
41
94
99
99
46
90
99
38
63
99
93
9
28
99
92
81
13
61
49
77
55
45
0
74
80
28
99
59
89
99
80
49
43
38
99
90
5
99
61
99
38
0
76
46
99
33
89
57
50
99
93
99
82
74
51
81
93
27
99
65
89
54
28
71
36
90
98
70
48
57
99
37
59
93
55
99
37
95
53
13
99
83
58
88
83
53
21
51
83
99
15
67
99
64
30
35
99
65
70
23
99
68
99
9
96
99
92
70
99
82
69
60
99
35
55
19
99
85
99
93
48
99
88
64
84
99
71
98
67
84
41
7
63
99
87
94
66
99
0
45
28
53
99
0
94
66
99
44
99
79
99
65
8
79
48
99
99
62
18
56
18
99
99
95
83
73
8
34
18
82
38
57
99
61
86
35
0
78
25
99
99
90
72
18
66
99
88
47
64
99
8
82
90
38
66
59
81
99
26
99
93
82
57
88
14
53
83
67
32
90
77
26
99
45
83
54
2
76
99
99
78
95
71
99
84
55
91
99
59
32
7
19
99
94
1
99
68
93
56
69
19
78
99
92
56
51
65
27
99
79
99
89
99
35
70
99
88
28
99
72
1
85
99
92
99
87
16
10
57
91
87
49
53
80
1
57
69
99
3
40
79
99
79
27
66
73
99
82
10
80
41
48
86
99
99
77
30
99
6
76
90
71
99
31
76
99
36
99
94
88
41
62
25
99
71
74
99
80
56
82
60
84
55
99
79
42
99
99
91
67
45
99
91
60
99
65
99
10
52
20
89
99
61
99
93
41
99
59
40
6
72
24
71
99
56
93
3
99
88
51
91
16
6
81
19
44
45
89
99
38
99
86
95
69
99
39
99
83
48
79
99
86
48
99
74
99
94
9
48
85
5
99
92
39
99
95
0
32
89
74
99
92
16
82
99
43
0
28
12
82
71
27
99
74
57
16
81
83
99
93
90
18
70
29
79
55
0
96
54
3
99
33
52
99
89
49
79
99
37
99
89
16
76
99
54
99
6
0
61
85
76
44
99
60
99
31
13
58
85
99
34
93
55
99
28
59
99
82
66
90
57
45
99
86
70
24
94
28
70
88
90
29
66
41
81
99
87
68
99
8
74
99
21
95
82
37
99
90
47
92
64
89
21
55
80
56
99
83
53
99
62
99
96
39
73
99
99
56
37
99
36
58
24
86
99
64
99
38
99
78
42
8
93
47
99
93
87
26
55
99
21
61
89
79
33
95
99
16
0
95
63
0
61
99
82
99
93
7
93
57
14
40
86
99
55
85
8
99
85
53
37
70
81
25
79
59
39
83
99
99
95
47
11
99
82
56
90
99
54
85
99
99
48
93
99
9
43
59
84
65
14
81
63
99
80
88
88
35
68
69
26
2
69
99
81
64
99
86
54
99
79
76
40
99
99
76
53
32
60
99
99
67
0
29
89
99
85
24
0
78
34
99
96
45
17
66
89
99
15
96
50
72
96
49
29
92
99
17
57
52
17
52
91
33
93
58
40
99
88
24
59
84
99
45
95
37
89
0
99
68
0
72
5
99
55
99
86
99
73
84
57
12
86
