3
61
18
4
72
73
32
56
84
8
24
0
12
64
0
40
24
85
0
64
16
18
4
48
12
18
8
72
44
80
18
32
48
24
64
36
0
48
16
20
61
26
26
36
27
56
32
8
24
8
50
24
75
40
0
40
88
16
56
0
21
0
75
58
16
52
48
80
4
10
24
80
29
0
56
36
16
80
8
72
84
30
3
72
0
80
18
32
48
80
32
24
60
19
36
64
24
40
75
8
37
76
19
11
69
36
40
32
43
0
56
66
26
8
40
72
88
20
56
80
28
64
44
40
27
48
52
68
38
16
0
80
24
52
10
64
8
21
43
32
24
48
20
13
0
72
58
24
76
52
64
19
36
10
72
26
42
12
24
56
16
8
48
2
16
5
16
76
19
68
48
24
48
72
16
80
40
72
80
32
2
68
78
0
56
19
61
24
76
56
76
16
58
32
80
40
80
32
8
16
91
64
32
77
4
20
32
32
16
84
40
80
88
26
56
40
12
35
48
11
48
32
56
80
19
28
0
75
8
67
60
40
84
61
2
0
16
8
32
88
68
81
87
68
19
0
28
56
8
60
67
54
19
56
80
24
40
88
32
72
10
24
48
82
40
18
0
64
18
72
11
29
48
72
12
3
72
0
32
56
64
72
2
36
60
0
44
67
42
53
24
38
72
16
11
0
76
24
16
8
37
64
12
11
0
18
72
11
80
26
40
80
24
0
16
40
32
80
35
67
60
0
35
48
8
64
88
69
32
56
32
50
48
40
0
48
61
48
2
72
43
12
66
8
37
60
28
4
8
36
60
64
72
88
40
8
32
10
24
56
0
48
88
40
2
60
48
64
24
8
68
56
24
80
40
51
64
3
21
25
16
64
80
12
64
28
72
56
72
64
42
24
51
32
3
56
68
36
0
16
34
51
48
80
24
24
80
64
8
60
0
28
11
0
42
27
48
8
80
88
11
40
32
56
76
87
60
40
20
8
48
72
24
72
0
68
36
0
4
24
51
67
52
24
12
72
40
72
40
16
45
51
69
51
72
20
40
60
12
35
0
66
76
11
74
19
8
56
0
72
80
24
40
8
16
56
72
48
2
72
8
64
24
3
69
48
29
4
16
18
14
28
32
2
11
16
59
48
27
4
59
58
72
0
58
72
8
11
29
34
60
44
29
51
0
80
56
16
68
12
19
8
10
34
68
48
56
21
48
3
40
64
0
16
0
32
16
64
80
88
72
8
56
8
16
0
56
80
24
20
8
48
56
72
12
43
11
2
16
24
43
19
28
56
12
72
80
28
48
56
64
38
5
32
58
24
32
0
72
27
0
40
64
48
40
24
56
0
40
67
56
28
16
50
53
36
13
32
8
64
34
72
80
56
80
88
8
48
40
26
40
80
56
64
16
24
40
88
40
28
51
48
64
30
52
57
45
72
80
24
35
64
12
51
32
56
24
72
51
16
24
88
27
35
26
8
24
48
8
48
84
56
16
85
8
80
5
20
44
25
56
16
40
64
27
72
0
56
67
68
43
24
8
61
43
26
56
0
0
43
53
16
42
53
20
64
8
40
32
80
67
32
51
72
32
80
50
45
24
24
80
0
48
80
56
48
20
64
0
8
32
56
20
8
8
80
48
48
28
56
32
24
43
66
8
64
12
0
2
20
3
48
35
72
12
18
43
0
72
0
32
18
72
64
19
72
16
0
26
48
58
28
54
67
42
40
24
48
16
10
56
80
0
40
48
2
43
28
8
67
52
20
60
40
10
56
80
16
40
28
66
19
0
36
51
41
72
16
34
43
72
16
0
19
45
21
0
56
48
20
66
11
24
42
0
32
48
12
2
21
48
27
72
40
64
39
67
81
62
56
19
12
24
16
35
44
27
72
27
0
43
48
20
75
64
44
49
56
72
28
2
56
29
3
11
50
12
0
16
61
40
8
40
8
88
72
40
85
60
3
40
50
60
48
2
48
40
64
27
26
36
8
16
48
76
13
40
32
48
72
8
24
72
80
75
60
72
80
68
34
79
56
0
24
64
53
36
0
36
80
58
43
32
50
21
4
32
5
56
8
80
88
0
12
68
28
48
3
58
2
13
27
40
56
66
35
50
16
80
88
27
64
0
64
21
40
32
74
58
60
36
0
24
72
80
44
56
26
36
56
80
37
24
76
68
52
0
43
11
49
56
28
76
10
45
67
59
19
43
0
8
88
8
75
56
43
11
64
60
64
32
72
27
16
0
80
81
16
80
0
58
35
0
8
80
88
40
26
59
52
64
8
60
35
29
40
69
52
64
32
40
48
60
8
56
20
80
34
8
80
32
64
85
12
72
40
0
80
16
32
67
80
48
80
69
56
27
42
40
19
0
44
2
24
32
48
88
24
42
3
61
8
24
36
16
56
40
80
74
66
11
0
16
64
50
40
80
88
40
32
88
42
0
80
36
8
45
56
32
74
72
80
27
48
24
2
27
48
3
32
72
56
20
27
40
8
21
80
56
80
12
32
66
3
20
4
27
10
56
21
42
51
8
16
27
0
48
66
8
72
48
80
72
48
8
19
56
25
8
40
88
11
72
80
51
66
0
40
75
4
67
16
0
72
51
29
35
64
0
69
56
0
2
34
56
32
68
16
28
72
61
59
54
64
24
0
92
16
17
51
8
67
48
35
72
32
44
12
24
56
80
42
32
16
88
48
0
40
8
64
0
0
80
88
48
80
56
0
24
88
32
0
75
72
32
16
11
0
73
48
40
88
8
40
0
8
53
0
59
0
80
16
64
40
67
0
8
24
80
61
64
28
48
42
8
16
32
72
56
4
28
3
72
71
24
61
48
40
11
40
80
58
11
28
3
59
12
42
26
59
16
50
45
56
42
74
36
43
24
32
50
12
0
40
24
68
86
91
32
72
80
48
32
72
60
32
80
75
77
64
48
72
34
12
66
0
32
48
24
24
45
11
52
0
80
40
60
80
64
19
62
52
0
18
56
80
72
72
18
0
44
0
52
40
56
88
56
4
40
64
40
89
68
74
27
60
0
69
4
48
67
56
0
72
52
75
64
8
51
36
16
42
60
56
68
75
32
2
19
54
0
72
2
28
64
64
80
44
72
29
80
10
56
35
72
40
0
68
27
56
24
32
56
48
67
32
0
24
82
8
80
48
10
67
26
16
74
2
40
77
89
40
68
48
58
72
40
11
56
24
0
51
19
3
56
13
24
72
8
56
4
32
0
48
59
29
72
16
32
56
48
72
0
48
67
29
61
3
8
80
60
43
24
56
80
81
48
29
33
8
24
80
20
27
64
37
8
40
69
32
52
21
48
80
26
40
80
51
32
67
44
62
23
19
72
8
12
24
19
56
24
84
24
80
81
8
27
0
40
8
48
40
76
19
0
42
74
56
43
72
