9
8
14
0
34
9
60
58
98
70
64
50
68
20
16
90
99
81
80
63
59
21
86
23
58
44
25
78
6
4
40
63
51
51
57
59
25
9
12
84
14
16
72
68
83
33
42
47
72
7
11
31
22
25
84
63
44
91
71
73
93
85
82
6
53
85
6
10
2
4
57
81
71
62
82
19
25
91
41
28
36
53
67
57
7
34
49
82
61
46
18
1
3
59
82
76
24
41
38
68
26
75
78
91
6
26
10
13
93
23
88
33
38
76
97
84
71
54
96
91
45
31
19
64
22
75
67
4
68
88
42
41
66
52
80
90
86
30
41
18
31
32
15
38
48
54
74
45
23
57
57
76
88
10
52
20
80
87
49
62
70
40
88
74
93
23
58
49
27
17
81
68
43
56
18
88
13
78
83
90
33
35
34
46
78
13
98
23
32
28
23
33
4
86
91
63
0
6
80
57
3
4
63
62
20
28
55
15
55
47
66
34
93
79
74
26
74
20
38
75
61
74
36
47
45
69
18
4
75
71
64
20
27
14
31
64
46
82
92
4
43
51
56
68
69
70
58
40
50
98
63
70
11
48
97
36
18
22
6
25
11
26
61
70
99
83
64
19
31
6
0
28
43
62
45
57
53
59
89
91
85
64
66
84
71
27
25
20
19
70
78
17
73
66
18
69
29
17
11
55
3
5
73
86
74
47
50
34
44
24
34
89
61
44
96
2
9
34
43
93
69
76
70
79
63
75
35
25
13
19
83
14
51
61
32
58
71
25
99
60
68
5
8
62
80
58
40
24
23
13
62
69
64
35
71
0
6
97
88
91
82
94
86
72
27
31
35
83
19
2
26
0
72
43
16
55
70
32
37
43
47
5
1
26
75
22
28
77
33
45
60
5
69
31
37
21
13
2
52
94
80
4
52
48
85
75
87
92
71
58
43
23
69
22
15
3
11
48
77
58
53
33
82
92
6
18
7
87
21
12
50
44
62
65
49
55
85
59
35
29
24
57
56
86
59
71
64
87
49
76
89
77
1
68
10
80
94
27
56
90
41
94
49
16
47
42
1
77
75
10
29
34
25
30
18
54
5
49
47
62
32
15
61
80
50
45
86
48
32
2
9
57
65
3
1
86
51
5
1
49
65
14
23
13
68
8
21
36
53
34
90
25
21
66
60
27
85
83
42
5
71
59
74
59
52
30
13
12
87
80
30
13
2
4
33
45
34
49
14
55
95
7
0
98
79
97
47
30
6
4
98
9
47
52
12
22
61
40
53
2
33
51
60
34
54
87
44
92
23
14
59
69
0
78
67
95
70
62
26
22
13
71
25
51
87
53
37
32
48
44
75
45
5
24
8
11
12
16
13
45
47
38
65
89
30
91
3
96
98
78
93
81
15
11
81
43
80
46
71
43
64
51
33
14
52
38
63
26
64
74
88
0
59
94
51
76
77
19
56
60
81
84
36
87
83
57
74
54
26
24
87
30
11
24
9
28
43
27
87
3
6
8
1
79
89
96
42
12
7
47
41
23
86
93
28
70
61
58
20
8
46
5
6
12
98
78
88
34
71
82
60
79
54
69
91
10
71
24
22
61
55
70
40
63
42
14
94
6
60
92
59
8
20
12
48
49
88
3
32
45
49
30
47
25
16
38
49
43
76
64
22
83
17
90
8
99
92
20
86
61
87
49
44
8
89
99
71
22
40
13
7
12
0
6
70
62
97
14
23
8
18
23
60
25
31
32
13
17
95
20
90
91
71
57
14
8
47
53
15
38
9
81
44
51
50
66
44
50
57
63
70
97
61
83
89
12
93
18
33
20
67
44
89
91
24
19
8
28
15
43
73
92
29
28
19
15
36
35
47
1
19
32
3
55
70
93
99
78
90
39
74
87
82
64
62
16
64
52
44
42
29
35
45
62
17
20
24
26
32
68
14
69
5
9
6
70
88
95
45
40
55
58
69
60
43
17
38
63
71
3
26
5
4
1
32
29
97
11
40
4
6
20
55
47
54
21
74
12
3
61
47
62
68
23
49
27
54
49
48
28
26
48
58
66
50
72
49
29
86
72
84
73
74
67
32
40
83
22
7
18
27
81
65
90
60
61
95
25
29
11
7
14
8
97
60
58
84
17
87
0
14
68
70
93
90
74
13
3
47
38
36
70
48
64
86
47
37
32
69
29
52
58
63
5
7
78
75
86
46
4
22
26
67
68
66
82
9
17
53
77
83
51
22
52
97
66
43
90
82
92
68
72
76
88
60
66
22
19
32
98
91
4
13
20
8
58
88
36
40
46
33
78
25
75
47
44
29
0
60
2
87
78
11
84
55
73
51
31
72
30
52
22
5
14
32
69
73
74
83
8
29
59
26
53
79
65
77
26
93
44
52
88
83
6
8
69
83
30
56
20
10
88
34
70
7
4
22
98
8
10
53
85
30
78
13
79
44
98
12
87
27
43
49
30
29
55
24
36
25
52
92
57
41
35
13
70
0
7
27
64
26
44
29
40
33
46
35
93
48
87
72
64
13
14
57
6
90
10
83
55
22
51
76
56
82
82
55
80
63
57
94
47
18
57
71
94
55
59
37
44
76
95
82
18
20
21
99
50
10
69
22
41
82
54
64
1
61
40
62
57
43
49
42
96
64
62
96
26
75
89
56
72
85
62
35
85
89
30
82
52
77
64
93
61
98
2
15
16
13
2
17
78
82
73
57
58
53
70
59
97
89
93
82
49
5
67
64
57
47
14
27
15
49
51
83
24
87
71
62
75
85
17
47
49
93
85
89
49
6
19
98
4
2
18
33
6
57
47
67
46
28
12
81
54
77
67
56
47
7
26
31
8
5
62
28
29
38
72
8
15
22
88
34
54
22
45
36
96
5
44
4
18
67
7
13
67
16
65
53
64
66
65
58
46
95
94
75
90
65
13
91
23
29
32
52
46
67
45
25
34
15
41
52
43
40
48
98
49
68
53
28
50
38
45
56
70
40
83
79
57
32
28
31
36
37
1
17
13
72
80
92
77
65
59
88
90
16
10
44
67
38
89
87
76
3
42
45
72
81
79
58
27
55
75
23
51
38
82
77
1
62
2
25
29
69
41
57
60
32
23
75
41
22
16
37
11
79
57
18
11
7
63
79
24
94
16
72
42
65
39
38
51
33
19
36
30
53
55
24
19
29
98
99
23
67
22
31
52
36
50
18
12
13
46
66
69
88
99
71
1
13
6
1
78
69
31
49
55
16
64
22
96
58
62
41
97
44
72
44
48
55
8
5
24
4
48
39
15
30
31
40
25
68
15
16
52
53
67
36
14
25
39
68
63
70
4
78
31
47
37
90
92
50
27
30
31
93
94
91
28
78
54
23
5
33
98
23
90
76
72
93
59
98
27
52
45
31
41
14
38
