66
22
55
21
17
4
55
34
38
82
13
74
68
89
44
95
81
30
85
99
27
17
71
77
31
60
62
93
74
25
24
73
25
7
23
44
75
38
18
85
70
74
92
22
83
83
8
99
57
31
27
60
71
64
62
15
72
64
76
1
67
36
31
60
71
53
86
69
16
35
86
97
49
22
9
50
28
45
26
75
79
85
29
71
77
70
82
11
94
56
20
36
35
48
70
99
35
11
3
94
13
70
84
95
63
12
57
68
37
62
80
16
76
67
74
6
82
1
23
46
98
8
52
45
37
81
65
28
77
9
93
13
90
9
32
72
30
76
32
15
63
85
46
86
49
3
67
4
69
14
89
52
98
74
78
77
27
39
68
28
82
11
17
65
89
31
13
50
84
14
36
3
34
77
25
95
50
53
6
89
41
76
58
84
75
8
79
54
98
30
0
73
59
87
89
83
31
58
85
48
37
14
56
95
75
78
98
54
83
93
33
99
9
83
58
10
93
53
96
21
50
69
83
91
45
0
6
92
51
90
45
82
8
27
64
1
58
55
39
8
26
75
1
18
8
91
36
30
66
56
47
46
91
42
44
41
74
69
97
58
61
19
91
30
97
65
38
8
16
10
93
58
97
37
51
26
30
3
4
46
9
46
84
65
15
81
7
53
20
32
19
95
76
66
86
94
37
84
70
51
44
82
85
47
4
56
44
89
26
37
29
17
53
56
38
15
5
84
89
53
40
55
3
98
5
49
90
66
71
18
4
15
22
58
20
97
76
61
77
70
77
58
39
98
88
97
7
54
44
25
16
70
67
85
41
31
9
53
70
90
5
15
92
83
6
51
47
45
19
8
71
83
40
9
29
48
98
72
17
87
77
90
19
33
46
3
45
8
92
37
90
62
20
82
30
50
89
13
10
87
11
70
31
26
22
88
72
69
77
93
16
74
22
10
21
71
98
79
35
14
51
74
92
29
8
65
24
27
47
87
86
62
64
0
25
86
97
52
72
31
25
99
10
93
83
65
11
4
70
91
12
40
58
53
4
94
36
47
16
55
65
31
45
52
69
8
51
22
94
43
92
32
95
55
69
28
9
84
65
48
13
49
44
56
7
45
82
82
76
88
93
10
49
30
70
55
17
72
61
67
94
29
99
45
51
12
45
83
47
30
15
66
90
32
80
95
30
8
80
55
39
5
11
65
29
58
95
49
75
0
5
54
70
0
92
75
65
98
10
43
28
83
52
41
80
59
86
70
44
17
5
71
65
42
21
39
56
1
7
14
44
24
58
97
28
22
70
99
60
99
32
73
53
88
12
51
21
15
25
14
51
20
85
3
73
96
61
68
39
55
95
43
16
67
32
32
37
90
47
2
11
47
2
93
99
43
86
78
22
17
56
99
34
86
12
50
61
54
6
4
6
24
12
13
14
2
17
52
94
91
13
62
98
39
85
84
58
8
31
99
48
68
69
54
21
14
45
78
0
55
11
55
4
35
98
43
84
52
68
49
55
24
62
88
92
27
93
11
44
63
47
80
71
23
94
81
9
33
93
57
54
17
19
52
92
28
63
44
98
12
44
62
6
54
98
8
6
21
73
85
44
71
22
90
60
92
28
49
8
92
97
1
52
41
72
84
11
5
88
79
67
72
52
93
44
48
26
18
43
86
63
91
43
78
19
16
43
38
36
73
83
73
27
10
24
59
2
41
68
63
1
42
89
5
15
80
60
69
33
9
22
37
61
81
45
10
25
97
77
42
61
47
79
57
44
54
35
63
11
50
52
85
20
23
83
9
89
69
29
49
59
54
13
93
45
40
73
47
19
65
33
28
76
82
1
80
60
12
13
31
42
37
70
8
88
75
7
41
24
60
84
38
58
83
42
70
65
13
62
66
67
56
3
92
97
89
95
6
88
55
29
43
98
65
78
23
69
38
61
87
16
19
41
99
3
24
51
69
79
95
11
8
28
14
44
54
47
78
60
13
72
35
92
38
2
54
37
11
36
59
91
27
77
4
42
0
49
63
58
57
48
28
97
77
16
92
71
11
6
42
91
69
47
6
26
31
93
85
30
71
39
5
93
24
79
12
99
25
70
57
40
33
16
91
76
26
46
99
74
15
55
70
82
14
94
33
91
23
28
69
23
57
55
6
32
30
11
42
48
70
75
73
95
51
25
41
80
51
6
48
14
11
72
62
38
75
15
5
83
31
86
47
12
99
29
61
82
15
7
98
25
6
48
91
70
91
9
86
53
61
86
74
39
9
43
13
10
96
32
71
24
46
19
16
71
22
49
84
59
70
87
45
25
83
78
33
68
95
27
58
18
54
61
81
44
63
56
61
66
75
94
71
47
99
36
59
45
25
79
30
37
21
95
57
80
26
4
64
70
88
9
24
33
39
64
41
82
38
56
63
33
53
81
44
72
25
42
64
87
40
65
13
66
80
75
34
59
16
83
98
58
99
31
84
8
17
39
57
3
76
30
54
95
8
77
66
7
27
48
87
76
53
2
41
17
49
3
48
46
34
67
11
47
17
29
98
44
20
69
25
38
49
97
20
88
74
12
33
53
94
81
12
36
61
97
60
32
84
8
57
30
81
39
98
56
16
70
10
82
18
3
66
62
56
72
72
79
8
56
21
17
69
87
96
77
14
4
43
46
70
36
75
24
51
25
36
44
68
1
59
46
24
33
66
41
36
64
8
18
9
59
34
89
50
42
70
32
11
44
73
9
78
19
54
39
14
27
22
29
17
1
66
63
90
84
88
22
61
33
21
31
41
95
46
33
71
58
47
20
48
3
61
98
75
26
11
99
67
64
81
96
21
82
41
61
49
48
46
7
61
34
56
12
97
78
62
40
75
0
69
37
52
66
42
34
30
31
89
25
51
87
9
11
17
82
56
10
3
6
68
4
62
5
77
70
71
99
99
2
54
80
47
28
64
9
14
34
9
19
12
48
58
78
0
90
39
1
50
9
69
0
57
11
84
23
73
43
59
5
53
45
25
27
55
87
18
98
30
55
47
66
83
43
18
99
57
55
12
49
20
99
10
45
52
29
25
32
76
50
5
77
16
58
70
29
73
54
11
33
90
30
89
78
27
68
58
8
99
23
21
96
23
49
76
4
52
63
12
30
7
23
48
35
45
79
42
53
78
22
12
44
43
59
74
7
67
7
53
89
45
10
9
38
52
56
42
55
2
89
13
43
59
39
63
36
98
15
71
30
60
95
9
31
53
75
5
59
72
12
66
11
83
58
41
28
71
99
78
42
61
44
47
65
1
67
6
42
4
67
72
32
88
74
21
8
47
62
69
28
34
96
78
12
16
93
55
19
44
41
38
18
32
79
68
71
15
95
47
22
67
42
97
83
75
57
36
81
51
23
26
67
88
54
29
34
97
16
38
56
88
89
16
75
62
41
49
6
77
95
89
99
34
10
82
59
1
93
44
59
13
41
86
16
68
93
75
36
96
55
46
70
60
53
13
19
67
62
77
71
57
55
91
79
47
45
14
78
72
25
0
28
40
66
49
25
47
14
95
39
60
7
79
55
29
97
55
75
98
77
47
67
34
61
99
24
97
64
62
9
81
46
2
19
9
89
4
11
13
10
79
87
68
37
71
28
19
0
97
30
92
4
95
52
28
46
37
64
32
41
86
41
80
88
85
63
88
79
33
76
84
9
24
4
31
28
1
81
11
67
3
62
78
80
8
11
18
70
59
28
76
51
67
2
85
79
27
29
47
26
14
53
16
97
2
38
55
46
37
27
5
70
40
84
8
56
30
11
10
77
12
29
14
99
82
47
28
46
90
66
36
96
7
77
28
53
46
71
3
29
39
26
88
7
47
68
3
90
97
41
12
68
72
77
14
31
88
67
62
35
54
49
16
10
90
67
97
28
6
55
81
20
37
33
97
31
50
79
58
93
84
29
32
96
81
91
36
35
67
42
55
39
64
78
35
96
21
42
92
13
55
32
8
99
85
59
56
41
22
95
85
43
9
10
90
48
7
55
79
97
29
22
65
13
76
30
9
49
12
75
72
97
79
31
55
8
89
67
10
54
50
88
50
14
5
11
47
63
70
69
12
92
13
27
54
31
58
25
73
63
54
76
38
13
46
72
19
0
29
52
68
31
9
93
18
99
51
6
21
20
27
86
33
0
52
51
91
86
62
72
20
99
65
52
18
24
24
51
20
78
88
91
45
43
63
51
10
78
34
58
93
38
80
64
83
3
82
52
43
29
39
19
49
81
96
80
54
86
39
98
43
30
38
76
15
96
71
21
31
25
79
40
87
71
25
94
86
36
28
27
78
0
16
82
28
40
33
28
37
50
96
97
13
9
46
92
39
76
33
21
93
91
79
99
4
17
42
97
17
65
81
8
51
58
91
14
12
5
62
38
40
84
41
66
77
3
62
52
99
27
8
32
16
92
2
97
68
20
61
35
96
84
61
24
19
43
37
14
27
31
87
81
97
13
37
60
55
19
34
44
46
76
34
96
97
65
25
66
90
46
27
55
76
19
39
66
67
37
44
25
32
56
69
91
41
25
37
72
36
51
66
79
46
49
9
39
88
61
97
54
82
12
27
61
96
58
75
2
3
34
70
55
67
15
19
40
8
73
50
28
94
51
50
12
40
54
35
70
83
13
32
41
30
21
39
8
27
44
5
57
13
6
11
3
46
75
55
75
94
9
41
67
45
3
98
95
7
96
29
81
56
44
15
25
66
73
48
61
66
80
69
11
52
31
73
84
69
13
91
81
23
57
9
12
6
87
26
45
96
78
81
79
65
59
35
76
43
26
15
28
91
73
8
69
90
42
54
80
39
89
31
51
92
7
73
28
96
5
47
52
38
55
21
23
45
17
14
60
98
37
79
37
75
34
99
58
5
80
33
95
99
54
97
83
8
44
52
74
50
24
22
59
64
90
46
31
77
58
0
40
13
47
25
37
72
80
18
70
90
67
80
28
85
10
47
66
44
88
35
42
38
85
96
2
9
62
72
55
12
92
82
41
7
27
10
98
82
57
92
35
51
29
31
79
44
96
23
95
63
88
90
84
41
31
77
51
82
47
8
29
55
80
50
60
61
20
55
42
6
33
83
16
38
77
17
3
43
78
52
18
92
43
30
18
7
92
4
64
26
42
62
54
89
21
79
47
79
27
5
6
78
78
33
64
67
45
61
64
74
6
94
28
24
13
0
87
56
61
8
21
45
99
3
48
1
50
43
57
20
2
84
81
92
57
14
56
13
84
44
36
9
27
77
58
38
16
96
87
32
33
34
28
33
35
75
4
4
3
92
40
44
20
89
67
31
27
26
18
32
90
58
87
13
55
57
53
3
77
53
57
98
0
85
6
71
78
71
80
52
67
34
85
73
59
14
37
54
41
31
51
97
33
14
71
86
53
33
52
60
1
20
83
21
55
64
28
23
44
79
90
49
42
56
76
17
84
95
24
12
59
80
46
18
74
25
6
55
69
41
47
44
84
71
8
77
25
84
97
54
8
63
39
54
71
58
13
1
47
5
31
69
88
39
57
66
79
56
36
15
72
89
76
14
28
99
45
4
53
10
41
73
66
19
77
62
51
55
21
66
61
33
63
4
13
83
9
37
43
81
66
48
63
40
50
18
23
