90
78
14
13
89
6
38
10
1
41
22
69
53
23
44
95
88
68
90
62
45
46
73
67
49
97
50
55
51
87
22
78
63
92
80
2
86
0
78
6
60
30
78
76
56
4
12
23
92
72
43
75
38
66
42
30
10
54
81
61
21
4
43
20
36
14
65
98
73
9
66
62
35
64
63
83
23
64
65
63
20
5
4
8
79
20
26
19
77
12
56
52
29
98
96
81
33
46
79
37
89
77
91
97
25
82
57
9
13
3
10
3
9
34
24
77
12
8
78
79
71
65
10
5
68
27
79
74
9
92
10
8
34
78
36
9
6
88
59
44
18
5
9
85
74
24
22
25
18
21
3
0
8
7
98
68
93
37
64
40
42
43
77
75
26
53
61
64
67
63
55
1
62
65
74
21
19
24
74
27
71
52
76
57
54
8
21
7
90
12
67
2
85
90
3
94
60
13
93
16
22
29
24
67
27
66
42
38
45
21
82
19
30
74
1
17
73
98
91
75
7
26
60
64
3
11
12
13
51
7
97
2
84
7
13
96
77
21
18
94
85
98
77
83
84
48
18
42
91
19
25
22
26
93
24
25
43
13
15
27
53
59
54
48
56
55
5
9
82
57
97
38
0
4
79
53
94
21
31
54
72
55
75
69
7
24
27
45
42
29
29
28
32
30
33
84
80
78
65
47
14
12
36
72
39
96
38
42
31
29
26
8
12
49
96
67
65
88
59
89
79
94
6
77
7
55
47
49
63
46
14
97
74
47
95
34
56
31
32
37
77
74
1
86
80
53
34
72
73
27
49
51
99
54
5
41
69
90
66
95
87
1
2
26
80
91
39
37
49
65
58
71
74
46
50
6
90
47
52
5
43
59
41
97
42
22
34
56
26
61
47
30
32
88
91
3
90
91
0
70
29
28
90
62
47
3
80
79
90
91
25
26
51
27
7
90
95
56
98
97
95
23
17
6
91
18
34
20
31
89
72
53
54
47
87
49
67
33
47
4
80
93
26
17
28
23
90
86
87
40
26
36
29
30
1
74
4
86
88
97
89
90
95
9
7
67
69
61
74
68
72
65
63
66
69
25
91
19
13
20
29
58
55
83
53
65
79
38
71
81
73
53
65
71
64
76
66
64
63
65
69
31
6
38
67
80
83
86
87
88
24
33
4
34
93
85
19
63
20
83
42
13
57
44
60
8
4
77
7
10
70
81
65
69
72
74
77
72
69
76
41
49
44
51
39
73
87
46
57
45
38
51
88
52
87
61
73
67
66
53
99
4
66
64
9
5
59
2
61
48
20
21
27
78
19
31
25
0
17
32
59
3
27
61
30
2
15
45
41
12
2
64
3
62
34
96
86
98
85
35
78
49
80
75
91
90
97
19
57
20
10
9
11
6
74
0
89
9
47
88
44
47
43
46
42
91
95
32
90
98
1
89
22
86
73
12
11
15
29
34
26
86
11
28
68
47
46
91
93
67
66
5
48
72
69
52
87
20
23
24
7
50
52
46
22
59
93
61
64
39
81
37
56
57
79
90
51
89
52
57
42
79
37
12
28
27
88
68
84
69
12
11
10
19
8
52
48
49
65
53
75
59
17
43
68
80
50
13
12
51
33
28
59
70
67
93
92
56
55
83
57
69
73
79
6
55
67
15
84
53
16
35
31
30
48
46
35
33
77
30
66
70
17
72
76
75
59
56
19
61
3
2
5
60
76
73
57
29
27
75
26
8
35
11
27
47
48
1
51
37
51
52
31
32
55
86
65
69
87
23
36
29
14
38
8
34
59
35
29
22
10
63
13
16
54
57
8
60
11
59
69
34
37
60
65
59
64
1
5
60
39
91
51
80
32
53
50
46
5
11
3
50
96
74
67
9
93
8
78
91
70
55
53
9
5
24
25
31
46
12
45
81
27
84
96
55
51
46
47
79
16
73
40
44
27
52
29
27
85
33
28
58
30
2
61
9
85
93
4
67
66
26
68
60
50
16
46
5
18
22
75
26
24
21
98
11
4
16
12
21
48
29
35
5
28
55
52
18
58
20
1
57
97
12
83
97
93
5
86
89
19
20
67
61
29
37
20
23
64
69
49
4
72
7
3
39
57
2
4
61
95
93
18
19
92
48
90
34
47
65
68
26
43
58
71
91
10
15
3
68
62
19
67
16
70
60
95
97
98
30
27
26
65
24
21
30
86
14
73
77
50
4
97
95
45
53
48
83
85
55
56
68
97
6
10
37
10
72
8
48
60
65
59
50
53
60
29
8
61
19
32
33
38
13
36
92
71
98
76
31
98
0
2
7
16
96
55
46
40
95
77
71
12
9
75
37
55
53
38
1
91
73
21
76
75
35
20
33
30
37
54
33
97
30
27
85
69
70
27
62
58
8
96
78
49
77
8
1
91
88
25
11
66
20
69
34
88
75
45
93
49
57
56
59
51
94
96
53
45
90
87
55
91
56
59
60
22
21
48
50
55
23
14
27
11
42
41
10
16
22
65
76
66
83
74
63
89
4
1
3
45
41
44
17
16
28
87
30
42
46
82
28
43
38
30
16
68
1
12
48
16
14
82
63
84
91
34
41
43
49
91
33
75
28
74
61
24
39
30
28
82
27
24
71
2
51
80
64
63
83
24
17
85
20
87
70
57
91
51
83
42
60
33
30
85
16
51
58
50
49
57
60
46
89
45
10
12
82
11
36
84
59
53
81
85
16
15
22
18
24
6
0
93
95
28
25
17
3
1
45
27
87
34
62
2
98
81
3
6
82
86
13
59
83
84
23
82
17
93
98
83
80
10
81
87
11
61
54
57
64
4
69
97
54
68
45
20
33
30
64
29
18
97
19
26
60
56
74
62
92
27
97
28
95
24
40
19
5
7
37
40
46
99
31
47
16
43
46
14
47
91
32
89
35
9
46
92
61
76
79
34
3
54
36
32
23
54
57
51
3
13
82
16
70
9
61
58
51
59
5
31
49
47
89
50
95
54
52
50
7
87
22
76
51
57
15
13
85
98
87
40
4
77
76
39
90
92
29
70
97
7
40
3
42
76
34
29
18
16
32
55
81
54
77
50
31
41
74
78
6
20
35
33
15
14
29
61
27
0
8
73
4
13
12
60
97
85
84
96
55
61
10
11
45
93
1
31
77
36
39
87
94
93
47
22
87
93
85
90
99
97
55
13
12
93
4
6
56
1
77
86
85
89
91
0
97
54
16
75
11
7
0
43
6
4
79
51
76
22
57
45
75
32
33
31
1
2
73
21
98
22
78
13
77
40
55
25
43
44
24
7
95
8
43
99
8
87
4
6
86
39
37
66
53
2
8
9
95
90
36
67
62
58
48
27
15
78
79
75
8
13
3
79
9
87
23
21
24
22
57
94
28
29
22
43
44
39
45
41
9
80
69
81
70
82
54
92
60
93
47
79
0
80
43
4
77
52
51
73
78
13
23
11
29
16
72
70
12
38
46
34
33
41
7
43
72
56
68
58
30
94
92
37
96
36
18
65
33
34
70
12
67
65
64
2
60
50
32
47
41
85
8
26
28
4
20
81
24
23
88
46
85
29
53
6
3
7
95
27
30
45
55
41
6
83
66
65
52
58
68
25
96
8
57
29
38
91
95
92
37
55
34
3
0
57
64
24
26
33
47
78
51
77
83
44
76
56
72
26
50
42
69
70
9
68
91
29
90
18
16
85
37
69
47
81
39
3
41
49
24
79
78
31
76
74
88
26
85
11
63
73
76
28
61
75
67
92
66
20
18
50
48
41
52
54
58
89
15
90
91
37
31
71
24
28
59
52
69
63
40
43
98
62
17
66
87
99
83
78
82
5
74
37
64
76
62
40
37
42
64
37
53
56
16
50
90
53
81
51
87
65
50
42
44
53
52
25
6
47
53
41
6
16
22
15
91
62
65
97
99
64
82
66
68
73
56
31
58
27
80
78
77
81
80
51
18
95
11
15
84
64
61
26
25
55
21
16
15
79
14
62
63
73
77
93
12
33
67
73
72
56
2
55
27
39
94
10
1
78
35
33
79
89
51
53
48
23
41
90
89
40
94
3
45
47
91
29
86
93
95
28
64
27
79
16
57
20
74
32
18
16
29
30
90
52
13
6
9
92
87
22
43
39
41
42
93
96
19
3
57
27
42
28
45
24
62
45
13
16
78
78
16
17
8
98
44
80
84
85
81
20
52
62
67
68
6
0
62
15
11
77
94
9
70
15
70
58
43
41
61
20
34
21
24
99
19
89
85
26
20
93
20
19
96
63
55
61
14
53
25
53
70
40
76
68
44
81
65
66
12
90
91
67
72
66
69
9
61
78
24
41
95
98
3
96
68
33
69
37
58
21
20
78
22
15
58
4
64
1
2
30
47
34
7
3
93
21
29
25
4
91
35
33
43
42
98
6
79
96
93
69
67
40
46
44
58
49
92
1
0
75
34
37
42
36
45
64
85
84
2
64
50
68
70
78
21
49
23
76
80
15
5
44
10
2
77
64
73
70
86
29
57
37
25
96
93
39
67
65
64
66
94
91
79
87
54
27
94
90
93
85
87
5
88
6
47
3
32
90
31
11
87
8
59
64
76
75
97
81
36
84
58
47
49
81
27
26
25
23
11
86
79
88
49
91
31
2
13
17
6
1
12
95
94
69
9
24
95
6
89
25
28
47
9
29
49
32
54
29
57
62
12
42
40
82
21
6
74
7
58
3
20
16
63
5
34
35
3
7
73
78
72
15
73
74
6
48
14
77
16
27
23
9
11
87
46
76
51
22
79
9
13
89
2
44
27
20
25
6
86
82
93
26
21
25
59
21
51
33
12
62
12
11
61
64
50
48
49
52
40
27
25
36
35
53
22
56
90
55
58
26
81
83
22
82
45
8
37
59
49
9
17
69
42
47
97
59
11
37
98
26
41
27
46
93
9
58
87
19
62
37
38
98
67
70
23
51
84
57
76
66
67
39
84
16
19
93
62
40
23
83
79
23
25
75
1
82
6
5
36
90
13
7
14
83
83
34
88
92
84
85
27
51
50
24
15
7
3
66
5
61
75
71
10
59
19
86
17
27
15
47
41
3
7
53
82
84
66
76
75
1
78
4
79
62
24
17
19
23
61
61
96
46
67
64
39
16
36
76
8
51
56
72
71
78
51
16
41
52
86
36
34
30
35
31
19
21
7
59
15
76
21
77
54
75
15
23
70
24
61
74
64
66
25
24
21
23
53
59
65
4
83
90
92
95
4
44
50
20
19
95
97
31
98
32
56
53
14
34
52
63
14
43
45
64
48
17
42
90
20
11
13
55
30
98
89
32
94
34
56
15
76
83
8
27
69
12
85
3
88
81
98
69
75
72
32
36
9
1
11
75
15
5
9
73
30
70
4
72
6
80
23
25
85
81
43
68
40
65
26
83
56
20
21
82
60
41
45
56
18
98
20
93
18
94
77
57
71
76
13
10
8
5
21
4
48
57
31
59
53
18
15
17
91
89
51
36
49
91
28
45
44
9
26
2
35
25
54
1
57
91
83
50
27
79
51
76
56
55
18
77
38
42
76
81
25
94
57
47
48
71
36
65
97
76
38
31
75
63
29
36
18
59
55
21
51
4
44
56
53
81
49
34
52
80
36
49
96
95
57
54
79
59
76
57
89
84
91
94
78
