25
29
28
40
19
95
11
56
77
34
74
48
21
97
6
88
9
38
94
14
96
37
76
83
13
72
8
73
86
98
57
31
59
2
17
53
39
35
48
67
69
18
80
36
91
94
82
8
4
44
50
64
38
13
84
22
79
53
30
58
99
61
9
34
86
81
36
96
57
14
36
9
74
90
90
87
30
15
79
43
30
43
4
50
34
93
74
51
7
27
71
34
52
39
97
75
61
91
53
42
93
90
80
19
46
96
18
16
4
72
39
70
82
96
49
77
90
31
67
24
67
7
72
66
35
71
89
1
38
6
62
61
40
29
31
23
48
47
5
35
30
40
97
2
12
65
40
15
51
7
9
73
29
94
50
72
56
89
37
12
1
21
58
37
43
93
60
99
88
95
99
30
82
60
9
27
26
79
54
37
82
16
92
72
89
67
72
64
31
26
81
10
27
96
70
51
19
98
1
25
52
72
10
89
31
22
39
6
79
99
89
84
20
5
52
15
65
18
21
99
86
92
97
22
7
8
48
28
90
68
39
10
72
65
68
13
51
87
11
7
10
55
98
39
24
40
38
82
49
7
48
7
90
27
69
76
95
10
31
54
91
64
58
34
10
5
63
14
1
74
33
11
56
96
78
21
56
53
85
36
71
58
97
40
74
76
17
68
5
56
10
83
33
92
56
78
19
96
62
8
12
82
36
67
53
11
39
99
80
14
80
70
38
47
29
98
0
54
26
85
35
18
28
8
68
96
9
76
53
31
59
17
29
22
50
35
26
10
52
17
18
32
46
29
66
96
33
62
19
11
34
39
17
47
35
93
59
33
98
45
50
58
30
39
17
33
54
73
91
12
97
5
51
44
19
8
30
73
51
94
12
36
69
46
59
36
11
14
20
19
28
6
95
77
52
39
65
94
15
94
9
89
26
33
99
69
51
71
31
22
38
40
54
1
51
25
15
23
36
84
95
80
13
34
56
62
81
43
20
97
89
37
98
77
55
32
39
77
11
2
67
31
89
30
3
43
24
0
0
99
70
14
90
79
99
62
35
29
32
56
8
57
99
82
32
97
34
43
95
27
86
25
63
36
38
38
39
75
43
70
95
98
0
7
92
31
80
11
86
44
98
84
4
1
68
0
57
72
79
85
29
73
93
51
8
87
14
80
98
28
46
45
71
51
50
51
69
73
6
97
82
3
92
28
22
97
27
76
48
12
17
64
57
31
46
9
69
33
98
82
52
84
64
25
90
92
59
73
52
56
38
31
81
75
40
8
78
26
98
40
39
42
7
36
79
88
13
93
26
50
11
4
91
8
25
14
68
17
93
25
6
31
57
38
17
48
90
8
69
27
36
43
30
86
77
74
63
62
65
41
77
4
31
55
86
33
9
58
82
98
11
86
14
48
4
1
66
81
45
10
35
90
95
7
23
78
4
50
23
97
13
35
90
67
51
63
13
38
97
84
57
73
7
28
18
99
99
99
99
99
63
27
69
25
41
6
80
54
28
97
91
99
13
14
88
29
1
50
85
35
25
94
56
5
71
24
19
73
63
94
90
26
49
12
6
19
70
38
94
11
56
36
52
8
25
44
56
12
58
55
11
86
6
93
35
80
71
31
56
63
32
72
16
50
23
9
91
51
30
73
63
32
48
29
43
98
19
39
62
94
10
64
38
95
24
6
40
39
13
51
38
56
69
21
12
9
18
8
32
36
7
91
70
26
48
17
78
7
55
14
40
46
98
32
3
38
51
96
16
55
38
87
14
81
80
30
50
83
67
9
68
12
44
34
60
3
55
75
97
1
35
24
8
14
59
17
33
96
26
7
86
93
56
23
34
39
64
20
96
7
53
58
5
47
44
22
8
78
90
3
63
52
62
41
5
42
39
59
40
9
85
44
79
63
55
77
42
55
56
60
29
93
79
57
70
99
63
38
65
80
93
50
73
27
7
78
39
57
99
47
17
30
9
41
79
95
53
29
76
8
10
39
27
59
30
68
87
21
61
1
44
11
83
41
6
26
80
53
5
99
87
95
66
3
26
72
48
69
24
9
45
35
29
65
56
3
81
68
36
64
31
92
9
68
27
42
76
62
85
45
73
12
81
4
19
26
81
87
21
61
54
50
46
13
74
49
95
65
81
16
24
59
82
60
51
32
66
59
40
29
28
18
7
79
0
62
99
85
51
4
41
72
98
85
28
59
9
99
33
83
10
23
64
77
89
78
44
17
27
2
40
32
70
17
30
65
29
8
35
49
11
37
64
55
46
52
91
12
23
72
93
30
53
74
8
99
65
21
42
7
59
3
33
90
17
94
81
40
47
64
69
38
60
49
28
21
65
22
82
14
54
93
12
33
74
39
51
36
29
3
99
99
14
35
53
16
28
43
78
97
90
49
87
54
74
0
0
0
99
0
33
8
21
12
99
43
30
37
22
44
39
95
3
46
89
9
2
91
80
95
78
98
54
1
25
97
19
40
85
91
8
12
55
76
52
46
74
89
73
16
44
4
95
62
51
33
51
20
84
49
46
52
21
7
60
86
10
82
42
96
33
51
76
19
90
10
8
63
49
19
0
17
59
22
69
13
80
42
87
58
76
55
31
89
8
42
38
70
79
1
26
50
68
5
87
16
34
46
20
8
68
80
9
23
97
62
9
72
97
22
73
45
63
30
71
9
33
45
98
76
91
3
45
25
55
57
77
11
35
94
95
76
41
79
81
76
67
87
35
18
31
24
7
86
34
1
10
72
43
62
51
36
69
98
29
33
32
23
42
64
77
90
80
17
9
87
38
7
4
83
41
61
98
50
44
23
81
65
93
59
25
31
75
22
97
23
96
71
43
7
38
73
6
10
25
28
56
19
2
71
22
84
4
57
11
9
31
66
78
60
91
82
18
99
51
14
55
95
35
76
17
30
82
91
6
78
29
60
74
6
72
93
50
29
8
59
4
19
15
71
36
99
94
99
10
83
11
29
9
10
3
1
88
67
38
54
15
85
35
90
39
21
51
46
59
71
66
60
22
8
87
9
51
66
28
42
40
85
18
46
97
62
93
32
37
47
22
52
99
99
72
41
96
6
19
48
99
6
23
78
58
71
70
40
78
4
84
24
73
23
46
91
35
75
27
89
70
52
80
6
45
70
56
0
33
19
91
5
43
21
88
75
4
35
40
31
75
55
8
15
30
7
55
80
99
92
38
30
97
6
58
33
84
95
9
5
40
70
95
2
7
89
40
58
20
66
6
59
89
9
29
60
41
42
30
99
46
80
2
57
31
81
98
56
8
46
80
84
73
44
2
15
79
21
55
29
8
50
91
71
87
67
24
82
31
8
63
98
77
36
97
42
77
32
6
76
0
63
49
23
46
63
53
29
33
85
60
80
58
63
78
18
87
25
45
40
79
3
13
23
4
39
17
67
31
99
29
76
15
49
33
95
17
8
87
31
80
99
55
8
12
28
20
87
73
50
66
29
83
10
2
17
80
42
44
9
93
30
74
53
8
46
26
66
84
45
87
63
88
44
11
47
10
3
28
79
89
47
99
2
48
2
22
9
42
77
54
31
97
9
80
74
38
43
12
51
44
61
87
24
35
95
64
78
8
49
28
70
8
91
95
53
66
36
42
75
30
52
95
8
26
63
14
66
99
98
44
65
70
87
9
98
2
18
91
63
3
66
57
12
80
91
53
21
32
70
61
35
29
3
64
60
88
99
43
27
47
48
63
53
88
53
77
25
95
32
65
95
98
81
28
11
20
66
82
87
8
35
61
37
6
78
54
28
96
30
91
52
9
73
65
58
40
93
26
51
33
85
74
42
15
87
37
80
67
79
75
3
30
55
52
83
26
90
4
53
72
62
44
20
58
41
2
36
89
58
28
84
5
13
66
21
15
64
7
79
8
98
54
30
13
83
48
68
94
70
45
20
99
39
76
1
38
63
58
0
82
32
14
4
50
35
92
26
67
61
45
66
23
63
28
65
92
58
5
0
0
0
99
99
88
62
76
9
57
97
29
77
53
7
19
75
79
86
35
99
32
82
58
9
87
45
26
8
66
48
98
28
20
76
63
90
25
7
42
48
5
87
24
11
60
20
99
14
69
45
74
54
35
52
58
11
76
41
34
31
78
90
24
0
79
97
58
13
35
26
23
81
56
20
62
78
17
68
53
29
84
93
72
97
41
64
81
27
97
9
69
79
97
22
8
25
44
99
73
2
34
3
54
22
24
61
33
70
4
33
49
64
72
70
52
73
94
30
9
82
8
36
70
85
33
43
61
6
85
6
59
99
28
1
79
62
3
35
85
80
58
42
95
35
22
28
50
42
9
58
50
28
1
97
14
95
58
77
37
99
58
46
69
91
3
24
49
38
8
55
35
36
12
22
91
84
61
67
10
15
50
33
13
74
56
32
69
40
71
54
49
66
41
3
65
86
29
0
32
94
75
58
31
83
40
74
56
5
47
6
58
25
14
26
80
88
84
34
89
85
14
97
67
47
19
70
12
50
23
82
35
99
59
12
98
45
4
38
23
7
53
74
66
59
38
36
50
91
96
22
58
53
88
15
27
80
42
90
29
9
0
72
82
46
53
34
93
33
5
54
57
93
5
50
18
99
29
37
7
54
12
91
33
95
49
26
69
77
3
10
94
45
59
48
79
63
24
56
98
25
47
71
6
93
20
67
74
30
38
29
97
11
55
20
75
54
96
31
11
52
10
97
77
31
46
62
78
17
97
94
70
90
59
78
77
16
29
63
96
45
79
82
27
5
7
22
84
90
65
17
75
83
37
97
73
54
77
41
84
11
46
91
55
13
57
11
51
83
79
51
28
44
56
94
14
0
76
79
31
44
29
3
91
67
91
20
70
52
72
36
80
43
92
55
85
46
13
65
75
76
65
34
50
87
64
9
93
50
33
53
92
74
31
10
89
83
46
21
97
50
4
23
75
93
74
90
30
54
7
5
39
83
94
15
41
22
78
59
57
61
79
31
17
56
3
22
14
72
83
59
97
79
11
35
61
81
95
71
47
88
97
71
93
74
46
99
90
63
11
37
1
64
52
3
73
89
62
28
50
79
7
21
51
92
98
22
35
86
91
90
53
62
16
48
91
85
54
78
30
57
93
5
88
72
32
7
6
28
53
57
8
31
82
99
57
72
49
42
16
89
7
41
24
64
67
19
79
74
0
21
54
74
89
16
34
14
81
96
26
93
32
42
89
7
35
76
80
17
20
53
34
30
49
56
99
55
51
36
26
97
65
11
39
82
37
26
63
54
77
92
85
31
15
21
68
21
61
47
0
41
25
93
59
18
34
69
99
19
37
9
54
82
26
98
55
25
11
82
35
61
18
86
1
39
70
54
58
76
65
55
90
42
94
18
7
61
32
88
99
85
5
93
56
17
82
46
17
32
77
13
97
52
32
83
20
8
78
33
58
8
54
31
96
78
40
74
79
0
24
75
22
63
70
60
30
73
95
50
10
99
18
48
70
68
43
86
68
36
8
36
91
12
56
72
46
68
24
28
52
91
27
50
61
31
22
2
29
73
38
9
86
62
37
30
91
22
45
33
10
92
57
22
76
96
31
6
52
69
83
52
15
45
60
82
33
14
88
68
53
54
13
18
72
57
30
77
88
7
95
41
99
60
62
71
26
5
41
62
75
54
7
76
99
56
