25
30
28
95
28
79
95
59
15
74
9
38
92
25
73
72
9
75
57
28
60
99
66
23
69
8
82
87
70
34
45
57
38
25
74
54
98
75
18
81
58
96
40
15
79
83
47
12
0
99
99
94
69
43
64
34
47
48
15
81
92
88
78
92
18
16
16
53
87
0
0
0
51
22
84
70
85
2
99
62
14
23
48
47
29
41
96
68
42
17
14
95
58
42
23
99
11
45
85
93
60
99
99
41
64
29
28
76
59
19
95
65
74
61
77
14
45
60
21
84
33
56
12
24
82
14
86
83
21
99
99
99
0
0
0
14
59
37
61
22
95
13
51
89
7
51
97
39
32
73
60
19
94
76
95
10
85
50
15
4
63
15
59
14
99
23
57
53
74
62
88
99
99
99
9
83
41
74
22
97
10
83
46
11
38
94
85
50
14
83
0
52
36
18
29
96
20
73
70
17
30
37
27
9
19
31
45
97
33
62
50
87
12
90
56
31
53
58
31
1
30
35
92
10
56
16
58
94
14
37
66
41
12
14
28
4
94
20
37
91
25
99
58
68
30
97
38
60
75
25
15
23
95
77
25
72
85
52
68
35
99
34
35
77
45
12
85
0
0
0
73
25
89
85
51
16
19
68
99
99
34
43
89
23
60
38
40
76
95
98
1
60
99
15
99
80
10
9
56
72
22
63
96
81
5
76
50
13
86
16
45
83
0
99
0
99
0
0
8
91
66
8
68
34
53
74
55
91
57
65
44
14
74
3
26
8
33
55
8
87
14
90
63
22
95
76
35
96
26
99
99
67
92
35
36
43
28
73
62
59
79
6
32
19
0
44
16
84
20
10
66
78
37
84
91
97
14
59
11
47
88
60
9
38
51
68
9
16
32
21
45
14
82
20
99
68
89
99
14
55
15
92
17
87
51
19
17
57
88
25
44
19
70
38
96
20
64
56
90
17
53
88
14
72
71
39
60
99
16
18
90
60
63
29
47
99
21
37
21
82
40
13
82
48
33
62
79
12
22
8
16
91
56
99
99
99
16
49
85
38
49
98
57
95
17
26
58
84
69
12
44
5
53
68
94
41
0
45
55
97
57
82
19
39
62
15
60
95
19
57
16
92
63
52
61
53
14
83
78
41
73
77
41
58
11
93
79
96
59
16
99
19
64
99
16
62
24
22
20
96
69
13
16
99
62
66
99
16
48
11
84
16
99
62
87
95
66
74
48
71
86
49
12
4
85
65
40
89
9
9
87
40
70
12
74
7
78
92
60
0
0
81
99
93
3
69
97
24
50
49
29
18
7
66
99
85
18
67
99
78
27
98
15
52
85
98
60
24
60
24
98
92
56
15
10
39
81
40
89
25
89
12
51
89
57
20
58
5
36
26
0
0
71
38
65
21
63
22
54
94
21
39
50
36
74
99
40
13
45
80
80
17
70
85
11
43
75
7
21
43
26
36
45
82
6
55
15
90
86
65
50
97
14
59
12
48
89
42
79
86
34
13
98
42
78
23
48
52
21
94
29
64
29
42
70
11
10
64
1
18
62
17
86
55
84
49
12
45
38
62
16
27
73
16
34
48
75
99
17
56
17
97
87
16
52
31
39
45
88
5
45
69
99
22
96
75
48
77
62
87
35
27
7
14
62
99
59
16
98
35
32
23
41
99
79
88
44
6
20
67
99
20
90
73
15
56
94
31
97
74
42
73
15
44
70
15
57
86
19
12
44
83
90
84
19
8
38
73
7
43
92
77
22
64
57
93
15
55
7
20
36
75
94
99
42
69
49
13
85
52
16
82
40
20
52
70
65
61
83
15
48
50
22
79
99
20
61
62
17
98
81
32
99
52
90
14
15
99
63
4
74
25
48
83
12
89
77
56
43
90
51
28
89
6
80
19
16
26
82
44
62
17
99
87
37
0
56
15
93
10
44
84
10
88
44
99
18
63
26
59
42
91
52
82
17
61
99
22
54
89
3
21
74
55
42
85
88
64
27
12
62
90
99
0
0
99
13
52
46
71
52
85
58
78
76
20
84
35
70
14
4
32
18
94
27
69
59
96
15
13
62
99
12
29
21
99
99
0
11
32
95
22
90
57
10
34
26
45
74
62
12
44
11
78
90
46
46
3
20
62
38
12
85
78
29
32
0
99
26
89
56
55
11
62
97
41
73
97
21
63
51
75
11
92
48
69
36
99
2
66
3
71
43
81
8
82
47
13
59
23
93
17
45
81
82
13
45
32
62
86
64
15
41
87
18
49
17
99
64
14
86
50
63
57
39
61
26
99
14
87
39
82
53
16
99
99
99
26
92
59
82
46
14
13
89
56
99
65
16
70
12
97
21
88
57
99
0
99
75
7
34
6
96
32
59
22
91
46
15
77
23
58
89
64
99
26
98
64
83
91
14
54
99
99
0
98
7
76
85
53
17
57
98
47
66
89
25
50
6
90
65
19
91
9
66
37
40
18
75
25
78
87
79
97
57
18
15
83
54
85
19
31
85
95
41
65
82
3
88
86
12
44
80
2
36
3
15
85
50
13
53
91
40
68
13
97
0
99
99
99
99
8
65
93
76
64
4
99
65
48
22
28
52
58
50
22
14
91
54
99
68
24
3
26
45
51
33
35
89
85
64
18
55
89
67
20
99
54
14
91
49
81
17
87
50
16
0
99
0
6
62
25
63
95
78
86
49
97
53
89
17
72
15
44
0
0
99
8
56
99
38
36
52
20
57
54
13
71
40
51
15
86
23
0
0
50
53
90
14
93
56
57
19
79
49
26
71
15
92
55
80
44
18
18
63
99
99
99
99
99
0
99
30
76
54
36
10
78
65
71
76
96
17
61
80
13
24
45
84
87
7
21
93
18
55
86
68
24
72
15
44
91
99
20
66
55
28
47
14
0
74
91
63
24
90
27
69
13
84
47
82
42
9
0
0
0
66
18
96
97
60
16
97
86
37
43
19
23
54
89
18
0
99
0
56
22
84
65
78
32
99
99
99
20
94
59
4
79
95
52
89
15
39
98
70
99
99
99
24
84
16
77
7
21
90
25
47
94
50
69
96
81
53
58
94
7
97
45
36
47
13
39
58
73
46
92
23
62
68
30
85
16
54
85
33
17
78
85
32
41
34
76
78
54
31
28
95
54
53
99
76
12
37
21
50
93
85
31
97
18
62
32
13
89
33
64
93
12
48
82
67
28
12
48
12
85
84
21
61
54
95
46
18
54
28
83
7
93
75
38
17
54
97
82
22
11
78
53
94
76
17
50
87
86
12
48
18
39
81
91
19
53
41
85
70
58
99
13
47
71
17
0
0
99
38
2
45
22
86
54
90
36
62
94
58
26
30
12
48
54
9
46
32
7
89
54
15
18
21
67
99
41
94
60
41
24
73
53
15
82
