43
15
50
23
37
13
30
50
55
35
40
20
40
50
55
17
32
7
45
50
36
42
46
37
45
50
55
33
12
3
27
45
50
27
37
5
10
50
55
40
18
27
40
17
28
38
45
50
45
50
55
32
18
5
45
50
55
25
35
55
42
23
30
33
18
45
33
45
22
27
12
42
27
7
42
30
50
40
37
23
7
40
12
22
35
15
40
35
47
13
45
25
50
45
50
55
22
12
38
42
27
38
18
33
45
45
20
55
40
25
55
28
43
12
45
50
55
8
35
50
38
28
45
28
45
17
43
25
47
40
50
45
45
35
55
42
12
22
7
42
17
43
48
38
25
37
45
40
15
55
17
7
32
33
12
23
28
37
12
30
50
55
30
50
55
37
33
13
23
3
12
45
17
27
20
50
55
17
37
7
37
25
7
45
50
55
32
38
23
27
5
50
12
38
5
45
50
55
38
45
15
30
50
55
22
7
15
38
22
7
40
50
17
30
48
13
12
23
38
10
50
45
33
22
3
40
22
32
42
13
28
28
43
13
37
13
22
42
30
50
23
45
28
33
12
25
45
28
50
10
50
55
43
23
33
18
7
28
38
45
28
45
50
10
40
47
43
18
33
45
43
12
35
12
35
50
40
32
28
40
50
30
25
50
55
42
12
22
45
50
55
45
50
30
17
30
5
45
50
32
42
13
22
30
35
50
40
50
15
32
12
42
45
35
12
45
35
55
20
50
33
43
27
37
33
25
50
30
7
18
42
30
50
32
12
3
45
35
52
45
50
55
43
12
22
37
12
22
35
50
22
17
7
23
32
12
42
12
22
2
32
17
7
38
12
5
43
13
23
45
33
25
28
13
5
38
40
50
32
17
3
33
12
23
25
50
55
32
13
5
45
30
55
5
20
55
28
42
7
35
50
55
35
10
55
42
38
54
40
25
55
45
35
22
22
33
12
45
50
30
40
50
17
35
50
55
43
49
7
32
42
38
35
50
20
13
27
32
38
28
12
42
18
28
40
50
55
37
12
25
5
35
52
35
25
40
35
45
55
38
42
12
42
7
30
33
23
12
45
5
50
32
7
17
18
8
27
37
23
7
35
45
18
30
50
40
22
8
33
37
18
7
12
22
3
45
50
5
25
35
55
35
40
55
37
40
50
12
22
2
35
50
23
45
7
28
17
27
37
45
30
55
43
46
50
45
17
50
40
50
55
40
36
30
42
17
27
45
15
30
27
12
3
45
12
22
40
45
55
45
22
7
38
8
32
45
17
35
23
32
12
40
50
55
40
50
55
23
13
5
32
41
40
40
50
55
40
23
13
30
50
40
35
50
55
45
50
13
37
45
15
37
45
44
30
50
55
22
8
32
25
50
15
10
22
30
32
40
50
43
46
10
40
50
55
37
17
7
38
20
50
37
12
22
42
17
33
30
7
18
43
46
45
28
10
50
17
45
7
12
22
32
35
22
50
42
17
7
23
12
3
37
17
7
33
12
22
37
12
3
38
13
23
45
50
55
30
17
10
5
35
55
28
43
13
43
49
27
38
13
3
35
50
55
12
43
2
37
18
3
35
50
55
7
18
32
45
50
2
43
32
5
30
50
55
43
32
18
45
50
55
7
32
17
45
50
55
5
50
25
20
40
55
43
12
52
40
50
55
10
50
55
22
33
45
45
40
53
42
22
7
45
30
12
45
20
55
28
13
43
20
7
50
22
12
5
30
13
38
45
50
55
37
18
22
13
28
37
37
45
23
45
32
18
45
20
30
12
28
3
38
28
12
12
32
3
30
50
40
38
7
23
38
40
33
10
50
55
45
33
22
22
7
38
25
40
15
37
7
22
35
40
20
42
22
46
35
25
55
32
20
3
30
50
55
37
12
33
23
45
12
12
28
2
45
15
55
40
20
55
37
7
17
30
50
7
37
25
15
28
17
7
38
12
3
38
30
15
32
12
22
42
51
47
40
45
55
40
25
55
12
28
38
40
25
55
27
5
50
42
45
50
15
35
20
45
17
5
40
30
55
43
28
7
45
50
40
45
25
50
45
40
20
22
7
12
12
20
5
43
18
33
37
20
7
20
50
55
42
38
15
45
50
55
35
16
5
32
12
22
5
50
36
45
15
55
32
17
3
30
40
45
43
17
7
45
50
55
12
2
22
45
12
5
45
50
23
45
33
40
18
27
40
42
2
10
35
50
55
45
22
7
40
50
35
3
37
12
45
27
7
28
17
45
40
50
13
42
33
7
40
50
18
42
12
22
23
37
7
25
40
20
32
45
40
28
5
15
45
5
55
45
50
55
17
32
3
37
12
22
42
12
22
27
45
13
40
50
45
35
50
55
25
35
55
27
38
12
28
20
50
45
30
50
22
12
32
33
38
8
38
45
50
22
32
45
33
17
43
45
50
55
40
30
55
23
33
12
15
50
55
33
23
43
12
3
22
18
43
8
43
20
50
17
43
48
45
50
55
45
18
50
43
48
38
40
50
35
25
13
5
43
30
50
42
30
15
42
25
50
42
8
17
13
32
45
40
50
30
45
35
55
13
22
5
37
45
50
28
12
5
32
28
35
27
17
42
35
22
7
37
45
50
40
30
53
23
12
38
40
50
28
18
7
23
43
17
27
40
50
55
38
40
50
25
50
12
40
50
55
45
18
32
15
50
45
27
7
17
40
25
55
13
23
37
35
50
55
30
5
20
37
23
7
40
50
55
40
12
22
45
50
55
45
38
30
45
12
22
45
32
18
30
10
55
25
50
55
22
35
5
40
12
22
20
50
45
25
5
15
33
43
12
17
27
7
40
50
55
28
12
3
43
28
13
35
15
30
33
22
7
45
46
26
28
17
7
45
7
18
20
50
55
45
50
55
5
50
55
12
22
32
45
27
3
40
50
55
37
8
17
28
7
37
45
50
30
43
12
27
33
7
17
45
50
55
42
28
17
43
32
13
15
50
55
43
32
12
43
32
8
45
35
55
30
50
55
45
27
17
45
50
55
43
12
3
33
13
22
22
12
3
40
28
12
20
25
55
32
12
22
38
45
5
42
10
47
45
50
55
45
50
48
38
42
25
45
35
55
45
50
20
40
12
50
18
7
28
40
50
55
35
50
55
35
5
55
45
15
55
45
50
25
45
12
37
38
17
23
17
5
50
35
47
12
45
35
55
45
50
55
40
18
5
45
35
55
33
7
17
27
18
3
42
12
22
45
30
55
42
40
48
45
35
27
22
30
20
30
35
15
23
32
45
12
22
42
45
12
5
42
28
12
20
50
30
42
12
22
17
35
10
17
45
7
42
12
3
33
18
42
42
38
12
30
48
53
42
7
30
43
35
47
35
50
30
25
35
55
17
27
43
30
40
50
35
5
55
45
50
55
38
15
50
28
18
33
27
37
12
