51
97
93
71
4
99
57
30
8
84
99
56
28
76
34
56
90
4
99
27
61
91
99
86
69
64
42
85
99
22
3
33
99
90
74
99
38
87
84
77
81
99
19
90
43
66
39
99
1
76
69
99
5
26
53
35
63
90
99
80
72
99
44
88
62
78
99
14
88
84
85
80
98
94
74
46
14
68
99
94
6
94
70
38
99
93
66
25
0
14
99
83
90
65
94
17
55
0
90
99
99
86
91
37
54
89
68
85
73
99
3
26
99
40
54
74
99
90
81
25
95
99
36
80
43
85
69
89
74
99
68
43
99
22
86
83
99
72
12
89
99
23
77
90
66
99
87
66
8
20
15
99
36
69
89
63
35
14
78
89
99
55
87
83
79
35
59
13
68
86
99
86
8
33
68
99
60
87
76
27
92
99
44
2
59
67
86
89
71
96
65
35
90
15
99
64
90
82
99
78
67
92
72
62
97
89
37
70
5
99
66
90
99
86
50
84
99
4
66
80
64
32
99
95
5
24
90
76
86
10
50
92
99
86
29
98
94
50
79
88
99
88
70
2
76
48
99
68
27
87
65
90
82
99
74
42
99
11
74
28
88
82
10
37
77
0
24
63
39
20
71
99
67
33
88
99
86
91
80
26
87
23
99
74
39
91
22
76
99
55
10
82
48
86
30
99
48
84
90
31
12
68
99
90
37
10
88
81
99
46
76
47
92
7
79
83
99
52
66
46
98
68
26
9
94
62
91
99
21
43
81
97
99
53
77
99
66
8
27
76
44
94
99
11
38
63
93
99
36
86
67
45
99
10
19
81
99
50
29
74
43
95
99
61
15
91
15
71
53
99
99
6
48
67
81
54
92
99
3
74
8
29
70
35
73
99
65
42
11
76
93
45
61
23
81
69
91
62
99
87
94
99
54
84
35
91
99
86
68
57
57
95
33
99
88
87
79
39
65
83
76
99
56
89
85
68
99
42
74
24
35
99
88
85
58
74
92
69
99
80
33
91
99
86
0
74
99
22
2
63
90
69
99
79
85
64
88
85
71
99
26
94
99
87
10
72
99
39
58
42
96
7
99
65
52
99
82
90
57
76
96
57
31
9
66
88
51
11
80
0
99
57
22
65
53
13
38
83
99
78
66
92
99
27
46
18
67
40
89
99
22
50
70
99
97
25
66
94
99
81
0
75
54
25
90
99
53
81
89
29
92
64
53
7
99
80
99
33
5
76
3
60
80
88
84
70
51
48
32
64
93
13
99
86
65
93
99
87
30
71
47
99
66
50
61
78
41
85
75
99
24
72
46
98
94
82
91
58
35
65
56
76
40
14
86
91
66
82
99
76
45
99
87
82
29
1
98
94
78
20
84
99
90
38
80
23
94
99
72
2
66
99
88
32
73
57
78
30
6
84
99
37
85
21
59
55
94
99
45
62
99
12
68
45
34
66
92
99
16
86
15
94
99
59
32
37
9
85
63
82
99
38
70
7
18
93
99
59
14
84
91
65
1
39
73
53
14
99
87
79
90
27
66
83
97
99
78
34
13
88
12
55
89
99
84
99
71
59
17
56
73
99
50
90
68
90
41
23
74
49
90
11
57
68
83
54
77
99
31
88
72
99
43
76
22
76
48
31
8
89
99
87
56
76
65
81
99
88
93
66
80
99
11
76
65
13
51
85
80
98
99
86
42
14
81
57
99
88
85
79
91
47
69
72
56
34
63
99
95
86
37
99
91
75
86
99
68
89
14
71
5
92
99
85
82
80
58
55
76
85
32
0
67
83
87
69
99
72
89
64
99
75
20
89
85
99
77
49
89
85
82
86
14
29
66
99
84
6
47
90
22
94
42
99
84
18
88
81
99
76
77
99
4
65
87
99
88
70
59
83
88
40
71
61
91
99
44
61
76
90
99
65
12
35
55
93
99
67
87
28
92
99
84
55
0
50
93
99
86
27
46
79
85
23
99
66
94
1
52
72
90
99
84
9
59
67
97
99
17
72
99
56
31
79
5
62
91
99
86
0
80
99
25
75
71
99
76
58
22
48
15
90
58
99
33
43
86
81
78
99
99
74
65
90
77
43
90
76
96
21
57
17
84
90
99
61
7
36
99
90
72
51
85
88
66
99
84
90
33
14
67
91
5
99
86
2
68
44
89
64
95
24
48
60
51
32
99
73
90
83
43
93
99
86
76
75
99
88
65
7
65
39
5
88
81
99
36
57
77
90
34
91
99
86
69
5
99
29
48
87
83
15
80
99
51
41
17
68
89
99
99
28
82
46
89
33
56
85
82
73
29
60
12
99
95
95
66
4
99
21
99
28
87
62
13
69
86
73
99
5
99
73
34
66
25
99
87
6
70
51
35
74
99
24
89
31
80
85
59
47
66
35
99
9
54
29
80
6
99
50
45
73
99
29
11
16
60
78
99
46
70
99
3
75
86
35
99
85
91
81
52
8
28
85
82
99
36
68
21
44
15
93
99
78
3
77
99
51
32
82
13
99
44
59
70
67
88
70
83
78
99
30
47
85
91
54
91
99
79
27
93
16
99
35
80
99
74
60
29
50
95
13
63
99
29
88
81
58
92
14
87
80
57
95
99
75
15
85
99
72
48
89
11
99
75
31
95
99
87
83
75
99
89
84
67
99
88
40
17
73
92
11
99
84
45
94
66
99
52
88
50
78
87
75
99
99
70
24
2
42
17
94
29
60
83
91
69
21
66
85
81
99
37
19
46
5
93
64
99
77
23
94
99
85
82
99
47
87
92
68
77
99
42
89
82
34
98
59
94
0
82
99
89
12
53
81
97
99
3
46
40
92
99
86
80
49
22
99
81
0
46
72
99
55
75
99
74
89
84
78
83
99
63
11
77
91
12
99
44
80
99
86
91
81
23
75
99
34
89
85
10
99
83
90
79
58
79
55
38
70
92
55
71
25
99
70
98
4
94
36
74
99
22
89
82
64
33
76
14
60
26
88
80
61
43
76
56
88
83
79
78
99
89
52
6
59
96
99
19
77
85
28
82
68
99
22
83
99
89
80
99
38
87
60
76
42
89
81
98
95
99
69
48
82
89
94
35
99
47
69
91
99
85
61
6
82
99
87
22
68
13
60
99
95
55
9
71
47
84
81
19
71
40
92
99
89
10
81
99
78
65
86
42
80
99
66
35
85
89
82
52
94
99
72
36
68
5
99
52
45
93
0
99
34
18
69
35
48
14
32
17
89
56
99
73
56
93
99
25
78
99
80
59
19
76
51
78
84
88
72
24
98
66
86
76
87
58
77
6
61
65
85
81
88
99
91
65
84
44
99
37
97
99
11
69
65
91
6
38
72
96
99
87
80
0
18
78
84
99
0
13
74
89
65
79
83
42
99
0
15
2
99
30
48
87
1
24
47
99
4
64
26
78
39
89
99
66
26
76
62
81
99
89
85
77
92
99
33
57
85
99
87
77
36
73
99
86
11
35
69
71
96
4
67
99
67
93
6
52
99
85
99
91
79
31
80
99
0
76
70
99
28
65
52
71
74
92
99
71
63
29
11
46
68
87
65
99
57
74
89
99
75
28
60
70
44
59
24
3
71
65
91
49
99
17
92
2
41
64
99
9
95
99
33
51
92
66
43
24
2
69
22
91
99
86
93
68
28
49
99
56
92
99
74
16
99
28
70
67
88
34
66
3
99
92
67
50
84
81
77
34
93
99
9
48
23
56
41
80
88
99
54
24
45
58
99
64
88
83
26
97
99
34
67
10
88
36
58
19
81
91
99
84
10
57
91
47
67
50
27
99
87
35
13
92
32
99
3
90
74
88
67
82
99
71
79
99
90
75
47
35
72
16
51
66
90
99
81
37
76
55
76
7
26
86
99
80
30
60
12
99
52
70
87
82
38
97
58
93
71
13
90
71
51
84
60
27
99
92
96
81
99
89
59
35
14
92
99
1
27
90
46
71
61
74
97
25
58
72
99
93
51
3
23
99
66
99
56
16
69
74
99
61
28
79
93
37
99
83
87
61
84
99
90
27
99
33
75
89
85
78
86
73
14
99
95
99
18
86
82
89
81
98
70
94
74
46
88
70
55
87
83
63
99
76
70
99
2
50
27
99
38
4
73
86
86
60
82
90
65
78
99
86
54
91
33
77
59
29
7
53
78
90
74
99
99
86
48
16
91
32
91
76
99
57
89
58
96
99
83
62
40
88
82
99
50
99
70
86
74
37
86
81
66
99
73
99
89
77
49
82
62
96
48
99
43
77
18
33
91
87
59
82
14
0
81
99
3
88
93
99
86
63
49
70
50
99
68
88
85
65
91
99
86
29
73
48
99
51
89
14
91
32
67
99
56
97
99
42
87
25
92
99
83
80
89
66
18
38
95
91
51
99
69
87
59
72
67
89
31
94
99
61
86
5
97
12
99
73
67
77
17
47
99
3
74
44
99
28
51
37
5
99
89
51
99
69
72
64
90
36
95
99
64
21
99
45
87
69
13
89
81
99
34
78
72
99
65
89
76
4
93
99
84
60
55
96
99
37
71
51
97
99
72
5
20
55
3
37
69
35
99
90
79
12
15
91
0
74
99
26
85
82
43
12
68
85
89
75
99
56
95
99
8
32
24
84
99
80
5
75
99
90
71
84
88
68
44
84
99
13
78
99
6
68
14
93
53
31
45
6
28
99
48
77
84
99
73
54
16
56
76
91
59
99
9
93
99
54
85
99
46
17
78
89
12
93
99
73
35
84
80
98
63
39
78
46
99
23
2
55
99
30
64
52
37
59
64
41
93
99
30
66
88
4
32
99
7
88
85
20
93
99
73
43
68
84
81
58
88
48
99
87
92
83
69
50
74
26
65
35
67
99
15
74
93
99
65
86
42
80
13
99
61
46
85
78
99
92
47
64
85
81
40
78
25
94
99
4
80
59
99
88
72
19
65
91
48
99
68
91
49
5
99
83
82
93
27
55
0
23
99
87
92
81
55
90
78
99
85
99
67
36
86
91
91
62
99
85
39
99
73
46
89
65
28
99
72
8
89
76
37
99
90
72
99
60
73
65
85
2
91
99
25
80
92
99
86
66
33
20
56
92
71
65
2
48
70
89
99
62
83
88
79
18
93
99
27
70
86
91
64
30
5
99
27
94
99
87
83
99
4
38
79
90
91
57
99
85
15
34
99
82
91
87
65
43
13
88
77
94
99
41
62
15
35
69
99
89
86
4
77
87
47
71
99
87
37
17
68
94
99
13
87
78
79
99
88
61
40
53
75
88
79
99
99
88
65
45
85
99
20
45
77
60
99
76
84
39
68
58
84
17
99
40
12
76
85
80
99
99
78
90
67
85
89
37
0
52
65
72
24
99
38
69
0
99
84
90
19
58
95
99
14
87
92
62
78
99
87
66
37
19
41
53
99
85
56
26
9
23
99
87
84
49
99
2
73
56
70
36
92
99
74
68
90
77
99
42
16
77
36
94
99
49
92
62
19
44
4
68
87
99
64
17
11
91
62
0
47
91
63
99
86
78
72
33
68
99
17
88
20
83
99
79
69
85
11
57
34
75
29
51
88
81
78
99
46
16
61
88
72
99
79
51
94
99
26
83
88
64
89
94
54
25
99
70
0
22
45
70
99
7
86
82
43
99
22
88
84
99
76
89
29
66
56
92
99
77
7
