25
29
28
41
18
92
5
61
76
32
69
48
25
90
8
69
5
45
97
8
93
42
64
79
14
56
8
77
81
95
46
34
57
1
19
52
38
39
48
80
66
15
88
30
91
99
0
99
0
0
47
64
32
17
85
19
80
48
30
66
92
69
2
14
51
69
43
86
57
3
34
14
53
73
92
97
44
30
79
51
26
42
6
51
26
96
71
41
7
26
99
0
0
99
0
65
40
86
3
6
95
88
73
22
42
95
19
15
3
70
40
54
91
96
51
78
91
43
56
26
68
10
75
62
45
63
65
4
41
11
71
61
43
10
27
23
47
45
5
30
29
43
94
3
18
66
30
13
46
6
9
65
48
92
59
22
19
61
47
13
7
20
73
40
31
87
58
97
85
93
94
38
76
57
21
11
0
89
63
35
84
18
94
77
89
68
72
64
31
26
85
10
43
95
75
56
17
95
0
25
51
68
11
83
30
35
55
10
76
95
84
81
24
13
46
10
77
20
20
98
75
94
96
25
7
13
58
37
74
93
43
17
89
64
75
13
49
91
9
6
11
59
93
32
26
45
36
76
57
1
50
13
87
33
67
78
95
25
43
62
93
79
58
43
11
14
59
26
9
89
27
6
56
94
78
17
58
52
83
13
79
14
72
6
49
14
80
42
88
69
87
22
82
59
7
14
89
32
72
52
3
17
96
54
34
0
0
0
0
0
77
5
57
16
92
55
18
41
5
59
91
15
77
74
27
60
19
28
23
52
35
25
7
51
19
17
29
63
28
66
99
31
58
19
13
14
65
9
80
29
87
52
27
98
51
64
75
22
40
14
16
26
31
70
18
95
5
66
38
18
5
29
70
48
91
9
40
62
47
61
99
8
33
83
58
34
31
91
76
52
9
31
47
53
64
10
94
25
28
97
73
48
86
32
13
40
42
58
7
49
25
13
22
37
74
97
80
24
43
54
71
77
68
21
80
80
10
96
38
57
35
39
78
9
5
56
31
95
19
9
25
50
97
10
79
69
10
83
84
94
60
37
29
31
54
28
66
95
75
53
98
35
40
97
27
87
26
59
35
37
36
38
80
44
67
0
0
8
99
0
30
89
17
91
29
95
80
3
1
47
3
62
70
78
92
14
81
93
79
5
96
4
71
92
19
47
42
65
53
50
40
62
98
11
81
84
3
94
37
15
88
26
82
40
13
9
67
61
33
50
19
72
32
96
86
54
72
54
22
91
98
60
67
52
56
41
33
99
70
43
5
67
22
92
42
48
66
5
33
84
70
7
94
26
43
11
5
95
8
28
5
61
16
93
27
11
32
59
46
22
61
75
14
92
46
35
39
31
90
69
70
67
59
70
43
77
15
39
62
93
27
6
49
69
90
9
87
13
50
2
0
69
74
45
9
61
92
80
5
21
76
55
74
73
97
8
49
80
74
56
52
15
36
99
68
46
71
3
24
17
9
26
18
64
5
66
21
92
7
38
24
96
36
26
99
87
98
12
15
85
32
0
53
86
35
27
89
66
3
72
10
5
61
58
96
86
9
44
3
5
19
71
39
97
12
57
32
48
16
21
45
55
6
57
54
15
89
8
98
31
89
69
12
55
64
31
84
15
52
25
9
63
49
15
28
67
34
51
30
42
97
21
34
83
94
18
70
38
88
24
8
72
49
29
92
33
57
80
13
0
9
15
7
35
41
31
89
82
55
67
20
72
9
72
13
44
46
97
60
3
42
47
92
11
53
39
94
11
79
63
38
56
91
73
17
70
12
43
35
60
3
56
76
88
1
99
87
0
99
99
9
37
93
33
3
76
94
50
13
40
54
73
32
93
11
70
91
4
42
18
17
8
82
88
0
73
47
60
35
4
57
39
64
41
14
82
43
82
62
53
69
42
53
56
60
33
13
91
0
46
99
55
41
71
85
92
49
72
24
4
75
36
54
84
44
21
30
7
42
70
92
47
24
70
4
10
39
27
56
33
64
77
26
59
5
43
15
84
35
6
16
54
30
10
98
80
97
65
13
17
73
50
70
18
9
0
0
0
0
21
0
79
69
40
65
31
99
11
74
32
40
76
64
84
46
68
11
81
9
19
25
78
93
20
64
91
0
0
0
99
17
90
42
62
2
29
60
77
61
50
24
58
93
39
6
27
16
7
79
1
60
95
80
33
9
51
69
97
89
31
51
4
92
26
71
9
25
40
34
92
86
40
12
27
0
68
44
54
2
32
82
24
7
42
59
9
37
68
54
41
49
86
8
30
63
52
37
26
79
6
0
0
99
0
99
55
4
33
86
22
93
80
28
48
64
99
0
99
0
99
33
70
49
89
10
43
84
9
27
59
36
43
34
32
6
73
93
13
45
48
16
29
39
79
92
99
51
90
59
81
87
55
66
27
36
83
4
16
10
85
42
30
36
23
44
32
97
10
55
77
11
6
87
82
99
70
89
48
8
28
87
11
39
61
83
4
22
62
84
38
22
78
92
50
3
37
3
90
52
47
33
61
26
96
49
48
55
21
0
59
92
0
59
38
94
37
60
80
15
97
14
3
66
52
27
0
18
64
22
70
95
99
99
99
19
84
59
36
99
11
45
22
61
84
5
15
22
69
3
93
7
30
42
18
7
78
80
21
23
83
56
12
68
87
19
73
49
64
33
67
32
37
48
89
69
70
6
44
33
56
67
73
35
40
95
95
77
49
79
80
67
46
86
26
8
32
26
4
84
45
0
99
99
0
99
51
37
65
92
28
34
30
19
38
71
76
86
81
21
9
57
39
35
2
43
10
58
97
52
32
20
86
57
95
56
26
32
73
21
96
28
77
58
44
7
67
90
7
25
47
31
52
20
3
71
43
77
5
45
22
99
99
0
99
0
94
75
17
95
48
8
48
95
28
70
16
35
68
89
11
80
32
58
75
7
74
99
50
35
10
57
3
26
15
75
34
94
97
90
9
83
11
26
8
10
15
10
90
64
40
51
10
76
28
96
40
22
49
46
60
71
63
57
23
11
87
0
50
69
26
38
30
87
16
46
8
99
17
99
36
47
22
52
90
97
84
29
96
7
21
48
93
3
23
73
51
75
66
43
85
1
73
29
60
26
58
89
40
75
19
90
69
65
88
11
42
65
53
5
31
18
96
9
46
31
89
81
0
37
39
26
75
55
7
21
29
6
52
77
96
82
38
29
93
15
66
22
71
88
13
33
48
63
92
17
14
91
59
75
42
67
2
57
92
15
2
65
28
37
18
89
17
74
2
49
61
71
88
67
60
46
76
78
67
45
8
17
80
16
56
21
13
29
85
66
87
52
14
70
35
13
52
93
72
33
97
43
79
28
6
77
14
61
38
27
49
91
72
8
32
83
58
79
58
62
74
21
84
23
39
33
76
4
15
20
4
35
18
72
33
89
29
69
9
51
35
98
11
6
94
43
84
94
54
23
16
53
25
89
69
38
66
37
91
7
4
22
69
38
55
9
97
33
80
57
10
28
26
54
93
45
75
60
88
43
9
51
10
0
25
79
85
42
95
1
58
7
30
11
44
71
40
22
91
4
87
68
39
48
0
47
25
70
91
5
37
95
51
79
12
45
22
67
3
89
88
58
73
35
45
64
44
58
91
0
99
0
99
99
99
96
45
59
75
89
8
94
3
14
83
64
0
73
58
9
80
93
61
24
30
69
64
33
27
7
71
56
84
95
33
30
47
48
66
56
91
71
27
6
51
99
0
0
99
0
39
11
19
70
84
87
1
16
63
39
3
74
61
21
99
61
88
80
8
85
73
51
34
92
16
61
25
82
69
53
16
92
41
85
79
89
72
7
30
54
54
81
23
85
4
52
78
66
30
21
62
49
12
28
84
65
29
91
7
20
69
27
15
65
8
64
8
91
46
14
14
76
35
54
92
63
44
26
89
35
87
7
43
67
23
0
90
65
23
12
48
27
93
8
72
41
22
88
5
59
29
73
92
53
8
60
97
0
99
99
99
64
78
12
60
94
32
77
54
8
19
58
75
97
40
93
10
82
44
2
77
57
44
29
62
46
97
29
14
85
59
90
25
10
45
50
9
91
23
12
63
21
99
10
71
40
64
55
23
52
69
4
91
47
23
74
0
42
0
99
72
89
54
26
39
99
99
99
0
80
64
86
13
70
52
6
89
47
32
99
42
61
74
23
96
13
91
82
75
20
9
26
60
76
43
1
27
11
48
23
27
64
33
69
6
33
50
65
77
70
46
65
90
25
5
77
24
43
60
94
23
40
61
6
82
4
61
99
28
0
78
52
23
63
98
64
57
35
87
31
21
28
48
38
16
58
44
26
0
92
14
93
49
63
34
99
55
40
72
91
2
27
49
36
9
52
31
35
7
26
96
85
33
57
9
15
53
32
12
70
57
32
69
40
76
57
40
67
19
8
55
85
19
2
36
99
78
61
33
91
33
90
53
8
46
8
49
23
17
29
50
97
73
31
87
77
16
91
63
47
25
90
6
69
46
60
12
55
47
3
99
45
0
42
25
2
54
72
63
58
36
29
58
90
98
22
65
50
79
12
0
62
39
83
16
46
39
57
58
56
49
39
76
30
5
54
56
96
7
53
22
88
43
66
3
62
18
79
42
92
46
28
73
90
0
9
99
31
63
55
83
63
26
46
94
64
86
95
16
96
9
67
71
33
35
34
93
7
71
40
59
73
43
28
10
41
1
72
53
33
63
68
76
27
92
94
73
85
69
77
80
11
33
63
93
53
84
95
31
9
6
21
85
90
70
21
82
90
52
94
70
54
81
42
87
6
44
99
49
13
58
1
52
82
80
46
8
40
68
93
20
0
71
78
33
50
32
7
82
73
78
21
68
56
72
42
72
45
97
54
94
49
7
64
79
83
63
40
65
91
60
8
90
49
36
83
58
54
52
48
89
77
44
24
97
34
9
24
89
91
69
91
30
50
10
7
35
81
94
20
49
22
90
60
55
71
86
35
17
55
9
50
31
70
92
62
96
73
15
38
0
55
99
70
34
85
94
63
90
76
28
92
72
51
7
36
1
56
50
15
73
97
56
18
45
81
7
19
49
89
97
17
41
87
89
87
52
63
18
48
97
80
50
77
29
55
95
4
73
76
33
13
3
23
72
43
14
39
74
86
69
91
46
21
1
85
27
67
28
76
70
15
77
75
1
45
48
73
91
40
32
11
67
92
28
89
29
41
84
7
33
75
80
18
27
58
15
20
54
99
79
53
51
40
25
99
72
1
49
82
26
9
66
47
90
94
76
57
10
33
66
22
55
55
2
39
22
79
63
6
35
78
98
16
40
26
67
80
44
94
52
28
19
81
35
70
34
90
17
58
76
9
30
91
58
58
82
46
87
16
4
55
25
81
96
65
9
85
47
28
78
43
16
30
71
17
8
81
32
51
57
89
63
96
90
43
74
84
5
22
88
7
62
45
25
52
59
92
57
10
97
19
53
72
70
48
96
69
27
8
29
90
18
60
70
42
68
17
31
53
79
29
50
67
29
26
11
32
74
41
11
89
64
29
48
96
20
48
25
7
74
38
21
55
91
25
5
45
67
88
50
6
26
78
99
15
10
89
96
32
49
11
19
75
57
33
84
88
6
92
41
89
58
59
71
22
4
38
56
72
54
9
83
77
58
