25
29
28
95
36
76
60
39
14
87
6
38
95
38
76
71
8
76
57
29
60
52
39
36
71
16
84
97
84
8
54
62
50
22
78
50
87
67
0
80
48
96
21
9
75
98
44
36
30
43
3
94
66
30
66
35
46
72
57
87
98
91
74
96
18
16
42
69
89
75
91
35
67
7
75
72
84
2
70
59
42
23
47
44
30
40
98
65
40
14
10
73
45
19
18
66
1
23
56
99
61
99
98
43
63
27
26
82
59
15
95
67
73
65
85
10
24
49
23
99
32
54
12
7
35
2
89
84
20
16
66
20
87
92
98
0
31
15
43
10
74
12
51
87
11
55
96
41
38
80
59
18
93
66
99
16
74
61
56
4
65
14
49
17
64
21
57
53
72
55
95
76
18
69
14
83
49
72
20
92
1
80
37
12
38
95
78
69
38
82
0
52
35
19
28
99
19
63
59
18
29
35
26
10
19
29
47
98
31
59
34
40
17
93
58
32
52
60
30
0
27
32
95
27
61
17
55
99
12
36
65
36
12
14
65
21
99
16
38
91
9
90
25
67
49
72
41
43
54
25
15
23
80
70
32
74
76
61
92
35
99
34
35
76
65
31
98
23
53
77
71
26
90
62
35
30
25
76
98
99
34
42
87
25
63
38
39
72
96
97
0
31
84
11
98
84
12
0
57
75
20
62
97
82
19
86
47
45
71
51
71
76
83
2
83
86
23
83
17
70
54
22
67
30
52
70
55
88
60
65
38
32
81
3
26
8
39
42
7
93
13
90
11
4
95
14
68
17
11
30
58
65
90
24
37
43
29
77
65
63
76
4
27
19
0
44
11
86
14
1
67
73
42
84
88
76
56
76
12
46
79
63
4
39
53
72
7
14
27
19
63
26
73
20
99
69
87
99
13
29
1
49
22
94
56
9
8
65
92
25
43
19
70
38
57
37
52
44
53
12
9
85
7
80
71
31
31
76
16
9
67
42
67
33
47
98
19
39
16
69
35
6
40
39
33
59
71
9
18
8
16
91
56
15
78
7
42
46
98
36
51
96
38
81
14
22
55
84
68
12
44
3
53
74
35
27
8
8
39
95
80
98
49
39
62
20
52
58
5
54
15
90
64
52
61
42
39
63
79
39
75
77
43
55
11
93
80
99
71
40
99
19
65
99
18
63
17
29
8
83
66
57
5
39
28
67
73
24
44
11
82
16
70
27
95
87
66
71
48
69
45
35
29
3
80
68
59
95
17
43
76
63
74
13
78
26
82
85
53
49
44
60
79
61
24
59
81
30
61
58
28
18
7
62
99
85
36
67
98
64
18
75
12
46
85
77
42
17
36
32
70
66
28
8
11
38
65
50
80
7
92
15
56
79
63
19
58
3
38
89
82
39
72
38
64
21
73
22
73
93
35
39
51
36
86
76
14
16
29
43
88
50
84
96
61
63
99
7
20
44
30
37
39
89
3
9
1
88
93
96
40
95
30
44
8
12
55
44
75
83
42
7
84
33
51
20
48
52
21
92
15
55
30
41
68
10
9
60
0
18
59
15
78
42
88
55
18
43
38
70
17
23
72
16
34
47
79
80
13
53
14
64
76
45
64
32
39
44
78
2
45
69
75
35
95
76
51
75
68
86
30
26
7
1
10
72
51
37
65
33
32
23
77
91
80
59
39
35
41
61
96
24
81
64
25
30
72
24
96
66
37
74
6
28
53
16
21
77
4
2
31
64
91
81
18
24
31
94
23
31
80
79
31
64
65
94
25
53
4
19
34
99
97
82
11
33
1
0
77
56
15
89
39
21
50
72
68
60
79
7
53
42
40
83
97
62
90
47
20
52
54
15
91
62
81
38
58
70
69
4
70
24
46
92
34
90
74
53
46
80
54
19
92
5
89
76
4
28
83
55
61
0
82
96
38
33
61
16
98
4
35
69
20
89
39
65
6
59
29
60
41
99
69
81
17
64
99
46
74
78
2
15
76
20
15
28
94
68
25
9
29
94
98
42
78
78
0
63
47
69
52
86
59
80
77
18
87
39
84
3
4
36
17
99
37
59
33
96
11
17
59
95
12
28
20
50
64
28
0
17
79
24
92
38
10
34
26
45
72
62
11
45
10
77
90
46
49
2
19
75
41
9
77
73
38
53
44
60
16
92
55
54
12
62
86
53
66
71
62
67
59
63
51
91
24
69
9
95
1
63
3
66
80
91
54
67
58
33
70
60
94
32
47
48
84
52
63
32
65
86
28
11
20
80
20
37
18
99
63
18
94
59
66
56
40
50
41
87
14
91
37
80
65
5
40
82
21
53
75
73
51
41
2
58
32
83
68
21
15
69
10
97
23
88
53
69
42
18
76
1
38
16
96
60
45
34
93
59
44
69
29
61
96
76
66
46
88
63
75
99
18
66
20
75
80
99
20
68
87
57
20
59
98
41
64
90
25
48
5
91
65
20
77
46
68
53
58
11
80
29
77
91
79
97
42
25
24
91
64
76
17
28
84
95
41
65
75
7
92
78
11
33
49
2
34
3
25
62
33
32
47
99
51
68
80
83
22
55
33
43
59
6
59
99
81
66
3
82
60
48
22
28
47
60
53
29
15
92
55
98
54
47
3
24
49
51
35
36
96
94
61
15
50
32
56
32
67
52
48
68
63
87
30
94
75
63
43
73
56
6
59
25
74
98
84
85
46
97
19
71
10
59
10
54
98
46
4
8
53
72
37
36
50
22
57
53
27
81
42
44
39
61
55
34
94
54
56
99
21
98
26
50
11
95
50
26
69
14
95
31
81
44
16
18
60
95
22
69
73
29
96
5
58
74
61
41
1
73
65
71
74
99
64
99
80
16
24
50
95
92
7
20
85
17
74
85
73
53
77
13
47
92
56
11
51
51
28
45
14
0
78
50
24
2
91
20
73
42
72
44
85
51
17
87
67
41
63
10
93
80
57
53
85
82
53
43
19
23
54
89
15
6
39
85
41
22
78
64
82
31
3
23
13
57
87
70
16
52
84
84
91
68
62
85
68
39
1
63
72
90
64
80
7
21
97
20
35
90
57
58
97
85
53
56
94
5
33
6
4
44
13
38
56
76
48
93
18
59
73
20
79
40
62
86
32
17
81
88
32
41
35
75
81
53
33
30
80
53
52
97
74
11
37
27
65
94
84
31
65
20
61
29
15
70
34
70
97
6
59
84
55
25
11
57
19
89
73
55
60
53
81
44
18
50
27
73
19
92
80
46
17
31
97
48
16
8
76
48
94
77
40
74
77
93
16
57
50
60
89
88
19
55
43
98
71
39
93
13
45
68
24
91
20
50
25
2
30
24
79
69
90
26
45
90
57
26
31
11
49
54
11
45
23
12
89
55
17
19
22
78
89
41
92
62
37
3
38
61
4
78
