33
72
46
98
0
96
8
56
80
31
66
39
15
97
4
87
9
39
92
14
99
0
55
60
99
71
9
73
89
95
45
64
77
9
25
84
34
30
38
86
52
13
86
26
99
92
68
18
4
40
48
75
22
7
94
11
92
49
31
68
99
58
7
31
85
81
37
96
58
14
32
22
75
92
99
96
31
16
78
44
13
79
4
89
48
90
68
45
5
23
98
27
69
37
87
99
58
84
32
8
93
89
71
13
41
95
18
16
4
70
0
44
59
89
20
91
93
32
59
10
86
10
99
62
34
36
88
6
99
16
94
76
52
7
29
23
48
46
5
35
29
40
97
3
12
82
46
27
62
3
9
74
29
97
46
49
30
89
66
8
7
23
93
46
70
93
60
99
88
99
98
42
84
64
9
26
25
80
54
37
52
25
98
5
79
67
75
64
31
25
82
7
30
99
57
80
23
99
4
52
52
72
11
90
31
99
34
10
59
83
85
82
22
5
49
36
99
50
56
0
54
78
98
29
8
1
37
17
85
89
26
7
95
48
73
12
51
91
11
7
6
85
97
65
36
55
27
99
81
8
49
7
91
27
70
78
96
11
32
55
74
64
58
45
21
5
65
16
3
75
31
9
54
96
77
21
56
53
78
35
66
45
97
22
87
99
99
99
0
29
9
82
31
94
56
73
32
94
53
11
10
99
36
87
63
11
60
89
71
14
92
77
30
53
9
80
1
50
28
94
36
19
28
7
66
94
9
75
54
31
58
16
29
21
52
39
27
11
73
19
7
51
77
28
98
95
54
76
29
8
36
85
10
99
60
88
56
31
98
47
59
67
31
38
18
6
48
72
92
25
98
5
55
36
17
8
30
73
52
94
8
36
66
46
61
96
10
79
33
56
29
8
92
72
51
30
48
92
12
99
8
79
29
51
99
73
51
95
29
8
0
99
99
99
99
25
15
23
37
76
95
79
7
31
56
60
79
44
18
98
90
34
99
75
49
35
36
84
10
2
74
39
95
36
6
25
54
99
5
80
28
8
87
50
70
68
57
9
39
50
8
57
99
82
32
94
34
43
92
27
94
22
63
35
37
10
35
99
61
86
95
98
0
8
92
31
80
11
90
43
99
80
30
8
55
15
38
52
70
91
24
75
94
49
6
90
8
69
99
20
22
6
90
67
43
32
58
85
13
99
79
8
96
55
30
95
23
72
46
8
17
80
63
33
49
9
58
32
99
83
52
73
55
23
89
92
54
70
10
34
0
0
99
99
99
4
39
13
98
26
41
50
6
31
99
89
9
99
28
52
49
5
93
25
73
13
95
32
80
55
17
44
99
61
27
68
96
10
95
51
48
59
26
86
73
99
54
26
82
6
67
9
31
53
86
33
10
57
80
97
23
99
30
40
13
8
57
77
40
24
43
72
97
10
23
96
10
61
21
98
11
25
91
68
45
60
7
36
93
75
74
95
10
53
31
6
50
34
65
19
86
35
99
10
61
7
81
55
30
99
89
97
14
15
87
29
2
50
94
35
29
90
49
9
75
35
12
78
56
95
83
25
43
11
6
19
73
39
99
11
96
75
50
8
31
26
71
6
91
49
9
84
7
96
51
91
74
14
38
54
49
97
8
77
32
8
92
73
30
52
67
33
48
30
43
88
8
34
76
84
8
79
55
97
31
7
70
44
23
91
52
15
99
21
5
32
54
10
94
75
20
90
75
29
46
20
93
9
67
16
59
84
99
33
9
37
50
95
8
55
99
0
0
0
0
25
42
82
60
8
70
4
44
35
61
36
59
75
93
12
56
41
14
25
99
17
39
96
28
6
84
99
59
9
32
53
76
30
96
8
82
98
10
57
34
50
26
75
95
6
91
66
79
51
10
99
0
99
99
99
80
36
75
62
54
77
42
55
56
60
24
93
80
54
65
79
38
12
62
99
94
50
75
26
6
87
7
60
99
31
29
54
9
97
79
95
52
26
77
6
78
99
9
32
55
75
95
24
49
6
80
27
99
55
6
30
80
55
7
98
85
84
62
13
19
74
48
71
24
9
52
37
27
86
67
7
84
67
36
63
99
99
91
53
99
11
78
63
85
59
69
25
92
9
40
19
80
93
0
57
87
51
24
13
85
44
96
66
81
19
9
47
91
68
27
30
89
66
49
13
75
49
24
95
5
69
99
87
48
11
33
60
99
86
8
59
9
99
33
84
4
23
48
73
93
99
64
28
41
11
77
51
99
19
0
99
29
8
55
81
10
25
85
59
44
99
99
99
99
4
92
18
41
69
16
90
68
28
48
9
59
5
37
84
17
94
52
0
0
0
69
26
70
45
8
23
71
42
87
8
38
94
8
24
55
39
50
36
29
2
79
98
8
31
55
1
34
54
77
89
99
12
86
36
62
91
49
70
6
26
74
7
50
27
95
72
27
54
14
92
38
93
5
50
82
31
8
75
64
91
67
86
52
7
29
98
21
61
83
92
10
34
83
99
59
43
80
88
74
19
46
20
95
85
64
31
57
7
84
53
48
52
22
8
64
84
7
57
29
99
25
39
75
11
91
77
9
52
31
97
0
18
56
23
69
12
82
41
89
64
69
46
17
84
12
42
37
66
84
2
23
32
54
1
91
16
35
48
20
8
59
81
13
36
98
56
7
83
99
30
95
37
63
9
77
6
27
51
97
76
81
3
45
25
56
54
78
8
30
95
95
29
7
55
78
70
49
91
28
11
31
25
7
68
36
14
33
92
54
75
58
31
84
99
7
82
9
46
67
94
55
99
80
30
8
99
56
28
6
82
7
84
99
58
31
27
81
64
93
59
22
30
68
17
95
32
96
76
53
9
54
68
8
25
42
59
57
32
10
60
23
89
5
58
12
4
32
65
78
60
90
80
15
96
48
11
54
94
34
76
29
40
81
92
19
88
33
70
79
6
83
91
53
31
9
51
7
36
22
67
50
90
98
61
5
95
50
75
6
25
9
7
88
66
48
55
14
79
34
90
40
21
53
47
62
91
79
68
30
7
87
9
60
99
32
58
8
90
13
76
99
64
83
21
42
47
20
53
95
97
0
99
99
42
9
57
98
7
31
82
27
87
50
13
96
4
82
25
77
24
43
91
29
72
16
88
69
60
79
9
40
99
48
99
0
20
89
5
43
22
82
66
6
38
44
77
92
57
11
34
29
7
56
83
99
82
56
30
99
8
48
23
73
93
5
25
99
0
23
17
3
99
47
66
26
79
9
54
98
31
25
61
40
43
30
92
32
77
11
55
61
85
96
75
45
32
77
91
58
11
8
24
90
38
65
27
7
49
90
70
93
52
9
74
28
7
45
91
68
33
99
45
82
31
7
98
6
55
80
30
51
92
68
6
24
99
41
83
3
62
69
6
99
24
44
46
90
7
26
68
7
70
26
91
48
94
25
69
7
47
35
96
14
6
86
29
78
98
54
7
11
75
39
97
87
57
74
28
99
14
7
29
96
52
75
12
91
32
72
52
9
35
27
57
77
44
74
62
95
42
11
45
10
3
26
58
90
34
75
19
50
2
19
9
39
78
59
36
98
12
86
77
37
44
12
99
99
0
99
0
27
91
45
67
8
47
27
66
7
86
97
44
74
8
25
73
29
51
93
8
31
60
17
71
80
89
7
27
48
69
32
99
10
59
83
64
3
67
57
12
99
98
0
0
0
99
67
90
58
20
55
31
78
95
8
99
99
99
99
99
79
26
53
10
99
32
65
95
98
80
29
11
20
66
85
87
7
26
66
46
8
83
56
30
99
28
92
43
8
68
63
56
38
92
21
55
10
99
80
31
13
89
40
84
73
99
85
13
35
60
48
67
30
89
9
55
99
81
30
9
99
94
99
0
99
60
41
78
10
24
80
25
18
76
9
83
11
99
60
36
10
69
31
52
89
99
65
95
99
0
75
10
34
61
56
14
84
99
38
23
58
35
89
12
74
56
30
98
7
81
25
76
94
52
6
35
84
10
99
63
99
55
80
18
41
99
30
86
58
7
11
72
82
97
44
98
29
80
55
7
99
61
37
12
85
99
99
0
0
99
60
88
27
7
48
45
5
86
25
11
64
22
98
15
67
0
99
99
0
0
57
5
75
39
23
32
67
84
26
1
80
97
54
13
34
27
24
81
60
21
52
87
11
66
31
43
69
84
55
95
28
53
77
7
95
8
86
67
47
27
7
27
71
93
50
7
69
16
99
35
25
63
34
80
4
5
39
53
99
75
53
70
83
48
30
79
8
35
74
82
24
43
60
7
83
6
69
94
29
1
80
68
5
35
96
85
65
49
99
22
22
28
47
42
10
73
48
32
13
99
4
92
37
69
22
99
51
37
67
90
3
24
50
39
8
52
35
36
11
22
81
73
0
49
99
18
65
37
16
91
55
8
80
30
99
73
51
93
28
7
60
90
28
23
35
90
45
23
6
66
29
99
79
8
51
6
64
25
14
26
65
96
44
16
81
87
15
97
72
50
23
99
4
76
48
99
31
82
56
8
90
41
5
40
24
9
54
97
83
66
39
37
65
91
99
22
57
54
86
14
9
84
59
99
33
26
8
70
92
37
62
36
81
35
8
54
77
94
8
30
35
99
48
68
17
67
15
92
26
94
49
28
69
83
4
8
87
26
67
46
73
51
7
27
92
33
54
75
12
94
11
99
99
12
99
29
88
12
59
25
43
75
58
25
9
41
4
79
54
33
43
61
72
0
99
99
0
0
0
99
78
13
25
61
99
54
83
87
28
6
11
34
77
96
58
11
71
85
41
99
73
52
77
25
86
13
45
90
55
16
48
4
25
95
81
50
0
42
75
88
14
0
74
84
33
49
23
3
90
61
86
9
48
31
65
7
65
15
89
39
99
32
9
57
81
66
40
0
12
84
75
7
96
49
24
93
74
51
27
7
86
74
49
21
97
48
7
27
71
93
73
94
27
61
2
5
51
79
97
27
28
12
96
77
53
68
80
32
16
56
8
54
30
78
98
50
96
75
7
27
9
75
94
52
30
86
91
65
88
76
27
97
78
53
6
99
99
99
99
99
73
89
53
9
32
84
7
22
50
93
94
8
26
50
74
87
50
66
22
48
96
83
51
76
28
55
99
6
90
72
39
15
3
32
92
57
7
30
83
99
65
92
53
46
21
91
8
49
29
69
51
31
95
70
9
30
55
80
96
8
34
16
78
95
27
86
32
42
85
7
35
76
78
17
20
55
33
29
50
61
98
78
54
30
8
99
55
8
31
80
31
9
71
53
87
99
0
99
99
99
99
28
82
54
7
31
17
94
42
12
35
80
92
19
39
8
42
58
25
83
51
24
7
72
37
69
32
89
8
52
69
8
36
91
48
53
82
43
96
18
7
60
30
87
99
70
8
90
49
28
97
58
13
32
77
11
99
58
35
82
21
7
79
33
53
30
54
8
78
96
45
69
93
5
26
96
7
55
75
30
48
58
90
54
23
94
13
38
82
63
44
88
66
35
10
28
90
12
63
69
55
92
9
31
74
99
0
39
99
0
25
3
29
76
40
0
99
99
0
0
91
24
61
36
10
95
44
28
78
99
28
10
59
73
87
55
10
46
59
99
15
13
92
74
45
46
21
32
73
59
34
52
72
11
92
41
95
59
60
75
32
8
59
86
99
0
99
99
99
0
