9
8
13
0
36
8
60
57
98
65
62
43
69
15
13
91
99
85
78
63
61
26
88
89
57
38
27
75
8
7
39
63
45
54
58
59
27
6
8
82
15
17
75
68
85
32
40
43
72
5
8
31
23
25
78
64
49
88
77
78
93
88
85
8
49
86
5
8
7
3
61
80
72
61
78
21
25
92
39
32
36
57
65
59
6
29
49
78
62
52
12
1
2
71
83
78
23
41
38
69
22
74
78
92
4
24
9
13
95
23
92
35
39
76
98
81
80
53
96
52
37
30
17
67
23
73
69
3
70
91
43
42
69
51
79
84
82
27
42
21
33
32
18
37
53
56
72
42
28
60
60
78
85
13
12
60
81
89
51
59
73
46
85
77
88
22
54
49
24
15
81
69
46
54
17
78
13
80
83
87
35
36
32
55
72
10
98
26
31
26
23
29
4
88
93
64
0
4
84
60
2
6
65
62
18
23
55
20
54
42
76
38
94
73
71
34
69
22
38
72
57
71
28
47
45
66
12
4
77
71
67
19
24
11
36
62
46
85
91
3
45
50
55
65
66
67
57
43
44
98
64
67
9
48
97
34
18
21
6
21
10
29
66
71
99
82
68
21
29
4
0
29
39
64
48
57
56
59
92
93
78
63
66
77
69
27
26
23
14
68
73
16
73
26
12
73
32
14
10
53
4
6
71
84
75
49
50
39
46
28
34
88
58
43
97
1
5
39
42
95
70
75
71
77
61
68
34
21
12
17
87
10
50
60
37
58
67
29
99
58
63
4
12
64
76
58
40
28
25
19
62
70
67
36
66
0
4
95
88
90
83
92
86
69
26
28
35
45
19
2
24
0
61
44
13
55
65
33
37
41
43
7
3
29
77
25
28
73
31
47
66
5
70
30
33
20
11
3
52
94
82
3
55
53
83
86
90
94
66
59
42
26
71
25
13
5
11
49
73
55
53
35
71
94
5
13
6
89
12
9
48
44
65
67
49
56
84
59
36
32
28
59
81
58
60
67
63
87
35
37
92
19
1
72
13
81
96
33
62
93
85
96
51
14
50
41
2
77
71
11
30
33
25
30
20
46
10
52
51
60
40
14
58
79
53
50
83
44
31
2
7
55
67
2
1
83
49
6
1
50
60
12
22
13
66
6
18
37
49
34
92
26
24
64
60
32
84
83
42
5
68
61
79
55
51
32
13
12
81
77
24
11
1
2
34
46
35
52
18
55
96
8
1
98
83
94
55
28
13
4
93
8
49
52
9
31
59
41
51
1
37
51
57
38
54
90
44
90
21
11
60
67
0
78
66
91
66
61
25
22
15
75
32
48
57
47
37
34
50
48
70
41
10
25
7
9
10
14
13
42
48
42
65
93
28
94
2
97
99
81
94
82
14
11
79
48
78
49
70
47
65
46
34
12
54
35
60
26
62
77
83
0
58
92
55
77
78
18
64
58
80
83
38
91
89
56
69
54
31
30
92
26
10
22
11
27
40
29
90
5
5
6
1
81
89
95
43
9
5
44
40
26
88
92
26
67
62
59
14
7
51
4
9
35
99
78
92
33
43
84
60
79
57
76
93
8
70
22
21
63
57
68
39
61
40
12
92
7
59
92
63
8
16
11
50
86
81
2
32
41
47
36
45
26
21
41
53
43
75
65
19
87
65
86
6
99
94
21
85
66
84
45
42
9
91
99
74
23
40
17
6
8
0
6
67
63
97
10
24
9
17
20
54
29
33
39
14
17
95
19
91
92
69
61
14
6
49
52
18
43
6
83
44
53
52
63
45
50
58
63
67
97
60
85
89
12
95
16
31
23
62
43
90
91
20
17
6
28
17
44
77
87
27
22
17
14
38
46
18
1
22
29
3
55
65
94
99
95
90
39
81
87
84
64
65
18
66
50
45
44
35
39
45
62
19
20
28
30
33
66
19
67
4
6
0
76
86
90
52
39
57
64
70
67
41
19
38
64
70
5
88
6
5
1
28
26
92
8
36
5
7
16
54
48
53
18
74
11
3
58
49
65
68
22
44
28
48
47
46
36
25
36
59
66
51
69
47
36
82
74
82
75
75
69
35
37
83
22
6
12
16
77
66
91
61
62
94
23
25
15
6
12
7
98
56
54
85
13
88
0
12
66
71
94
92
69
10
2
45
40
39
67
50
63
82
46
40
30
85
28
51
57
61
4
5
79
79
85
45
4
19
22
69
68
2
74
12
17
57
76
80
49
24
50
97
74
41
86
81
87
70
73
75
89
62
66
24
22
29
99
94
3
13
17
10
61
86
39
39
42
34
76
31
74
48
46
37
0
61
1
89
80
14
81
54
75
51
37
68
26
51
20
6
14
27
68
70
71
85
10
75
58
27
54
78
63
77
25
94
40
60
89
85
4
6
71
80
35
61
17
11
91
36
64
10
5
67
97
7
9
53
89
28
87
20
81
48
96
10
88
30
68
74
31
43
76
25
33
26
54
92
58
45
40
18
67
0
4
24
67
23
45
29
43
32
40
34
89
48
86
75
58
17
12
57
4
91
12
86
54
21
51
75
54
79
79
63
78
64
61
94
47
17
59
72
92
64
52
38
43
75
95
86
17
19
20
99
51
6
68
20
34
83
57
65
1
60
38
61
58
49
48
43
97
66
65
94
30
77
87
57
66
88
58
41
87
91
30
83
58
80
66
89
61
94
3
11
54
11
2
15
77
80
73
57
58
55
68
62
96
91
93
86
59
4
67
57
52
46
18
26
73
50
51
89
24
83
72
57
73
80
18
48
49
92
86
89
50
10
18
99
2
1
17
28
7
59
53
67
40
28
10
81
57
77
66
57
51
6
24
28
8
6
65
27
33
24
73
11
15
24
89
33
52
23
46
38
95
6
48
3
15
64
8
12
68
20
66
57
64
65
67
63
45
94
93
82
89
64
18
91
21
26
37
51
46
69
47
35
40
15
45
49
44
42
44
98
45
62
54
46
48
37
44
49
70
38
79
76
57
29
27
26
37
1
84
18
16
71
81
89
79
66
62
87
92
15
10
40
68
36
87
86
77
2
44
46
71
79
78
60
26
57
79
22
56
44
79
76
1
60
2
25
29
71
41
54
55
32
26
75
31
20
16
35
8
79
57
18
13
5
63
73
27
94
22
74
46
71
39
47
7
35
17
37
33
53
54
23
19
27
98
99
22
70
24
30
49
34
48
15
11
12
45
65
67
87
98
70
2
11
6
4
76
71
36
48
52
15
63
20
96
61
64
42
98
97
69
43
45
18
7
4
16
3
48
36
12
31
30
35
25
65
16
17
52
60
54
32
13
24
39
69
66
71
4
78
26
47
29
92
94
77
27
29
30
93
91
94
29
75
47
16
4
33
98
21
92
74
71
94
55
98
32
51
42
32
39
12
37
