99
73
69
95
85
89
9
0
99
34
66
99
90
62
40
78
99
89
14
73
19
76
99
94
71
99
70
64
92
59
99
48
93
86
70
81
42
99
7
57
98
66
23
95
79
99
92
0
68
45
89
99
78
60
27
66
99
77
51
22
47
99
93
78
67
24
83
54
75
99
22
99
90
67
0
82
10
57
37
67
39
86
79
14
96
99
51
76
10
65
99
57
78
62
93
40
73
64
82
99
79
32
99
88
59
27
99
95
70
54
99
80
53
24
91
71
99
93
80
46
99
84
16
92
0
77
99
66
94
85
69
99
75
94
83
99
96
40
76
11
99
18
95
66
71
99
46
95
85
66
48
83
99
93
70
71
99
84
39
93
20
83
99
92
59
99
88
45
73
53
59
18
51
70
45
70
99
75
94
61
68
17
0
50
72
99
83
92
61
54
94
17
99
86
65
73
99
89
42
68
44
95
70
88
35
57
80
62
84
99
75
99
81
50
11
99
48
78
65
19
63
98
71
94
82
60
99
78
30
67
83
99
70
91
42
12
99
44
79
89
99
81
94
44
87
19
66
0
86
99
25
99
70
95
81
34
71
95
4
41
57
99
24
78
71
99
75
87
66
18
73
99
78
0
17
15
87
74
0
99
84
52
93
59
99
15
88
46
75
99
55
8
88
37
61
99
71
45
8
66
58
99
79
12
90
99
18
64
79
94
31
73
99
77
42
55
25
67
89
48
57
99
93
82
9
99
61
95
75
42
11
73
57
79
99
72
11
0
34
56
99
92
83
54
59
68
99
95
85
64
62
99
51
72
95
26
85
1
99
37
96
63
99
68
38
69
99
85
75
11
12
45
64
83
57
99
78
61
16
87
91
99
81
45
72
99
60
36
93
68
99
72
37
65
44
99
49
94
77
63
99
71
95
81
22
99
72
52
83
33
99
41
69
81
49
64
17
99
95
71
29
74
99
66
94
75
50
98
63
92
99
45
85
63
93
99
38
73
57
86
28
83
60
77
99
24
79
99
94
71
45
99
73
94
51
96
42
82
99
67
94
61
99
70
6
95
57
77
99
71
68
99
59
94
50
84
49
99
92
73
46
87
68
99
58
56
73
94
64
99
99
75
53
24
94
99
95
26
79
55
54
96
67
48
88
88
26
65
93
99
94
78
99
65
60
99
71
80
44
66
99
43
94
70
8
99
82
61
90
20
23
88
99
94
79
99
94
67
29
62
88
47
71
95
66
99
22
63
88
0
86
61
99
79
68
61
19
0
88
34
85
99
93
75
45
6
44
99
92
37
62
94
99
72
57
99
82
64
38
70
27
60
67
34
0
99
87
71
93
62
99
82
11
70
92
18
91
75
52
83
28
99
59
78
52
32
75
99
95
64
87
54
99
67
80
99
78
94
85
55
39
67
79
99
87
52
16
99
72
93
80
55
99
43
95
53
99
93
5
72
99
66
36
71
95
26
65
60
34
0
74
39
94
78
99
66
99
11
43
71
99
83
74
92
65
66
97
52
99
31
99
74
69
94
84
48
82
44
99
88
26
76
57
71
99
70
37
99
33
63
99
84
60
52
19
58
97
77
92
70
49
0
85
99
69
73
41
83
1
55
50
75
87
63
99
51
87
99
73
64
71
23
0
33
11
63
14
99
84
57
98
43
65
79
93
64
99
71
95
80
99
72
57
91
37
78
99
82
93
68
79
54
84
99
93
76
48
99
86
36
99
60
32
83
66
36
99
62
80
51
40
99
95
73
63
44
11
61
38
74
99
71
94
75
85
99
16
49
68
40
22
89
77
52
99
78
18
0
71
27
88
99
82
52
23
99
83
90
44
50
20
69
88
99
82
88
24
0
32
12
76
99
94
71
50
91
99
82
64
53
0
33
75
55
90
78
41
89
99
74
99
60
79
68
34
32
65
77
52
94
6
41
90
99
78
24
99
74
3
93
99
69
95
17
87
99
42
79
14
94
81
99
68
54
26
88
19
72
99
65
87
57
99
65
32
98
54
65
12
80
97
57
94
6
82
99
83
54
91
47
99
14
52
0
86
53
93
65
14
75
58
99
30
3
48
48
83
99
93
58
51
99
74
94
58
52
99
96
89
59
51
99
94
79
61
99
82
41
70
90
67
95
63
99
75
99
74
95
63
41
99
62
95
81
55
75
99
62
42
95
89
11
0
99
95
76
11
99
94
69
77
99
66
93
84
44
84
99
91
59
11
72
58
80
99
28
89
72
4
67
95
70
99
62
52
99
68
82
63
42
98
62
67
93
56
47
81
99
93
76
99
75
59
42
96
55
99
59
71
48
85
59
88
99
69
99
75
94
53
16
97
63
80
92
72
85
99
93
13
65
99
86
10
81
73
86
17
0
68
52
82
64
99
49
88
77
99
90
34
64
99
48
0
24
96
75
99
84
67
94
39
82
99
3
71
99
30
80
94
3
99
92
47
70
57
77
99
58
90
11
47
99
80
93
61
98
22
53
75
94
86
46
69
95
53
14
57
99
88
69
99
32
62
91
49
31
79
68
86
61
26
99
56
80
45
79
99
90
72
41
45
92
88
72
99
19
82
64
78
52
99
62
88
75
37
89
15
56
0
78
75
99
82
55
90
26
87
99
71
1
41
99
69
90
54
36
69
89
26
99
99
25
76
93
67
99
66
49
85
93
7
99
89
75
39
99
81
51
90
44
60
99
43
76
68
14
59
99
91
47
14
48
89
59
32
81
16
99
0
39
39
91
84
59
99
23
79
99
84
93
6
99
37
92
56
48
99
78
70
94
99
20
55
95
39
11
99
88
65
94
87
61
99
80
54
89
99
79
27
0
99
57
84
70
51
87
58
99
44
15
73
99
37
88
0
96
60
7
99
39
99
62
95
44
88
99
92
0
58
84
25
99
61
82
94
84
99
92
26
65
42
84
99
93
73
75
99
93
40
84
78
99
94
64
58
80
56
99
46
88
57
93
99
86
31
79
42
99
94
86
38
99
65
93
44
97
72
40
2
99
99
69
48
83
95
80
99
62
88
69
44
78
99
91
34
10
99
82
94
0
29
64
84
99
78
89
67
99
44
74
52
99
85
72
93
68
99
62
95
75
54
9
88
99
74
95
74
99
56
62
99
23
65
81
94
8
83
39
67
99
51
90
47
99
7
93
55
65
3
46
99
90
20
62
41
80
26
0
99
38
99
72
65
95
83
20
99
95
67
0
54
99
89
22
40
99
82
55
90
35
99
23
52
71
44
90
52
99
86
77
52
86
99
64
77
60
96
75
99
16
64
99
58
95
13
99
68
62
83
40
90
62
99
71
54
88
99
94
68
40
48
94
8
68
42
99
65
59
95
74
66
41
99
96
78
52
99
92
76
62
69
15
50
74
99
20
61
99
83
53
84
58
99
73
9
99
91
58
72
46
21
80
0
63
87
99
77
55
30
60
27
99
92
68
0
16
99
50
82
94
25
72
99
95
57
74
99
85
50
0
61
91
99
67
51
62
91
52
99
36
62
99
82
94
71
54
89
50
81
97
22
69
99
95
64
14
99
93
77
71
96
81
48
99
59
43
13
82
99
61
69
38
99
11
94
83
57
99
76
93
89
55
99
82
76
58
95
72
99
53
99
75
54
95
82
99
63
36
82
75
65
99
80
4
48
86
53
99
57
67
42
67
83
99
91
80
99
71
87
43
28
77
99
93
65
99
84
94
70
47
99
94
75
52
7
43
6
80
99
70
83
99
75
67
93
97
39
73
92
64
78
99
85
40
68
99
91
57
74
0
55
26
99
2
61
72
99
77
93
66
45
99
72
92
61
35
78
99
89
49
35
99
72
79
51
99
69
93
61
79
56
94
65
99
50
48
77
99
42
82
45
91
58
4
98
99
95
80
57
8
24
73
0
99
57
99
77
73
47
94
80
25
99
58
92
89
65
99
78
48
91
51
16
77
99
60
94
54
89
21
99
93
73
64
89
54
81
99
62
93
44
99
94
74
58
60
18
99
81
0
97
73
93
67
59
99
57
94
15
65
99
91
13
48
30
26
99
61
84
0
99
84
13
72
94
79
39
99
59
85
65
96
60
99
72
77
44
99
93
72
54
77
99
42
95
99
67
96
82
5
41
99
68
12
92
53
78
46
84
63
16
98
57
79
93
51
91
27
47
0
84
99
91
4
52
59
99
91
68
77
77
99
63
87
0
78
99
92
67
48
99
55
38
61
25
89
56
60
79
99
99
54
96
83
59
70
99
76
29
47
20
96
76
54
91
11
99
95
73
56
99
76
68
84
0
99
50
95
75
57
99
79
68
91
42
27
73
44
9
65
70
23
99
93
57
68
99
94
82
49
57
93
46
99
14
99
17
66
87
0
89
51
99
81
58
55
81
99
90
32
54
99
87
19
41
82
99
76
50
92
77
56
93
99
84
46
83
99
79
65
99
43
96
76
58
77
34
98
0
80
19
71
99
87
0
61
88
99
36
76
88
59
99
76
94
99
79
67
40
61
56
12
98
71
94
65
99
81
21
74
10
78
99
38
73
44
78
95
55
99
25
99
2
44
96
95
64
99
54
80
69
99
81
41
88
61
30
99
86
54
99
50
94
72
60
45
81
97
56
2
30
85
2
99
39
47
99
94
77
23
99
66
91
25
85
99
58
73
93
65
70
99
46
2
75
13
83
45
99
77
99
76
94
85
64
99
83
33
90
8
81
20
0
99
94
77
0
31
99
62
99
59
23
94
0
95
99
87
64
45
99
77
22
83
52
84
57
36
99
7
14
99
46
87
60
99
23
65
92
60
74
99
83
93
69
99
71
90
76
33
87
65
99
81
73
99
61
94
78
4
40
99
90
61
8
97
64
99
81
50
48
82
99
77
69
48
75
95
61
99
54
79
99
65
93
54
99
96
81
59
77
99
90
59
46
99
49
90
69
58
14
53
94
75
99
99
94
39
65
46
88
41
64
93
99
69
35
93
99
84
90
99
75
51
19
88
61
99
72
26
99
93
77
57
89
38
99
73
85
52
50
93
77
99
84
49
16
99
90
55
99
41
75
95
83
41
91
5
99
59
99
74
82
90
65
99
74
79
93
68
28
99
95
81
62
99
79
73
45
31
42
87
74
60
81
79
59
99
93
69
21
83
0
60
89
60
99
76
95
83
99
78
91
46
74
70
99
86
40
78
58
99
80
16
87
54
99
92
76
28
17
66
48
99
94
59
16
99
95
76
99
93
19
86
74
17
70
86
99
93
99
80
75
66
37
41
99
81
64
53
99
47
11
75
54
99
82
65
72
20
90
99
80
42
61
43
90
76
99
11
93
56
12
80
99
68
99
93
74
0
54
91
69
99
8
99
52
77
7
86
23
99
94
71
64
23
77
99
86
64
94
68
99
59
25
21
88
75
99
50
99
18
83
93
71
84
67
99
0
33
99
43
69
95
8
62
99
57
0
85
42
99
75
95
69
99
83
64
20
77
54
91
50
99
41
77
55
85
99
93
99
39
77
94
70
99
46
2
33
7
33
99
64
92
50
43
96
75
99
68
99
78
91
49
0
36
67
87
99
80
63
94
99
71
78
28
99
73
93
46
99
89
44
82
0
99
81
91
54
46
13
95
42
64
35
81
99
69
75
93
80
14
60
74
47
26
65
99
94
70
