99
90
0
99
30
96
99
90
95
81
8
75
99
93
90
67
99
85
99
0
45
99
63
90
83
99
98
75
45
99
20
84
45
20
72
75
99
90
97
75
99
83
86
82
99
84
52
87
99
8
96
90
69
8
99
90
85
84
85
99
75
93
0
90
70
22
49
75
99
69
87
75
75
99
95
15
67
83
90
8
60
99
90
91
99
90
0
99
90
0
95
37
75
68
75
30
15
38
90
86
85
99
99
90
8
99
67
90
99
38
37
99
90
97
40
99
75
21
99
90
90
67
75
86
37
90
60
87
84
84
15
99
99
90
89
90
60
75
96
30
56
90
99
83
99
90
6
99
84
32
90
78
99
99
45
30
83
40
99
90
99
98
99
75
52
99
60
98
99
84
20
75
99
37
83
82
70
99
53
37
3
85
99
0
90
99
82
72
90
80
75
99
99
67
93
99
47
30
99
79
75
90
78
75
99
40
75
99
30
97
99
93
90
99
90
75
83
99
90
90
52
0
99
67
30
99
75
15
90
99
86
99
90
94
93
0
15
90
69
99
99
90
88
99
81
68
99
80
75
84
8
75
99
30
80
99
23
90
85
99
90
75
90
67
99
54
77
75
99
97
90
75
99
85
68
3
99
90
89
99
67
45
15
67
90
99
90
91
99
54
49
15
30
83
99
90
91
10
39
30
92
90
15
90
99
0
93
75
47
99
72
94
22
0
99
92
42
90
90
67
86
99
90
38
90
30
83
67
88
30
99
90
69
99
15
97
99
90
60
85
99
93
60
90
55
99
78
69
75
84
83
60
58
99
99
90
86
99
90
91
86
99
37
99
57
45
99
50
75
60
59
77
99
90
19
99
52
90
90
23
45
99
75
37
99
60
98
68
82
69
87
15
60
99
60
30
90
75
30
99
37
98
90
52
8
99
78
37
88
60
80
99
90
97
21
99
90
90
70
45
90
60
83
68
75
60
99
23
67
8
45
79
99
90
75
99
83
96
99
90
91
86
8
32
84
99
90
53
99
82
90
67
77
99
17
65
37
99
90
99
90
75
99
94
90
83
90
99
0
30
80
69
99
75
99
15
52
75
99
83
83
45
15
99
90
8
99
25
23
99
78
75
99
81
64
84
69
99
99
67
83
99
60
96
92
83
65
99
30
67
99
83
15
99
90
67
81
45
17
96
8
99
15
99
98
92
49
90
99
53
90
99
78
98
99
90
94
99
79
15
85
60
90
90
99
88
90
78
99
52
99
75
90
75
99
0
41
86
45
75
78
99
81
75
95
45
68
65
90
30
99
60
90
86
99
90
99
90
91
99
81
67
66
90
8
99
90
89
99
71
93
99
15
67
83
51
88
90
99
83
94
32
75
90
18
56
87
84
99
99
2
53
99
67
90
69
90
99
95
75
53
99
90
98
37
99
95
30
81
67
99
62
53
30
99
97
75
99
83
90
15
83
69
99
90
99
23
67
84
8
90
99
67
83
99
8
96
99
79
8
99
60
90
83
45
75
99
90
0
99
96
81
90
99
86
75
99
98
99
90
30
53
35
60
83
99
75
41
69
99
90
48
99
99
90
86
99
49
84
99
90
75
45
90
67
99
81
49
85
90
99
99
60
98
99
77
38
69
45
90
99
15
83
90
8
83
99
90
88
99
76
75
99
90
37
30
99
97
83
99
90
75
99
76
99
15
83
99
0
23
45
69
37
75
99
67
50
8
30
83
99
60
83
99
93
75
99
0
90
77
78
82
90
99
99
67
69
93
75
3
99
90
96
45
75
83
84
60
75
45
67
83
99
90
75
99
90
93
85
84
67
83
8
99
99
90
60
99
79
69
99
67
60
99
37
45
99
90
95
99
90
67
75
62
51
75
90
99
0
54
90
30
64
90
87
65
99
75
53
32
99
39
67
8
60
99
99
0
83
45
15
83
90
75
99
99
55
90
99
83
15
51
75
73
99
75
88
81
60
8
90
99
93
90
45
75
90
39
67
84
90
75
99
90
91
79
99
82
95
60
75
82
20
60
99
90
32
15
67
45
60
37
67
66
99
75
99
75
50
99
90
83
99
90
78
99
90
83
99
55
15
90
22
40
84
85
99
99
84
96
99
95
80
90
79
69
86
94
78
99
90
60
90
99
89
60
90
32
51
94
15
90
75
99
99
60
98
90
99
30
78
75
55
93
22
68
60
67
99
99
90
89
30
53
99
83
39
90
99
69
60
84
30
90
99
90
75
99
90
97
99
67
97
85
90
99
99
75
76
90
45
70
60
99
83
99
90
30
64
60
82
84
45
99
90
54
20
75
99
96
30
75
40
99
83
30
99
90
96
99
90
85
90
60
99
37
53
99
99
90
15
99
0
98
90
11
62
80
99
96
93
66
85
65
99
95
99
90
69
99
37
83
99
90
15
99
0
90
85
90
67
99
90
85
87
83
99
51
84
45
75
30
76
99
81
0
79
17
60
75
30
67
99
79
80
79
8
62
82
90
99
99
33
90
99
90
60
90
99
93
70
75
84
99
90
75
45
76
75
99
67
97
99
63
75
81
60
15
82
60
30
2
99
84
99
90
49
99
67
83
99
67
83
99
90
83
90
15
99
99
90
67
99
77
8
90
30
55
30
15
83
60
90
54
99
90
87
90
15
54
80
15
47
95
38
60
99
90
60
90
99
92
99
49
90
99
90
45
11
99
90
82
99
98
84
99
90
99
95
97
99
90
91
87
8
99
99
90
97
45
30
99
20
60
99
49
11
80
99
75
97
84
37
99
85
99
90
90
45
83
75
23
99
90
99
91
92
30
60
99
90
51
75
37
84
38
99
90
99
8
60
99
75
97
99
90
75
45
75
22
99
37
62
60
61
87
99
90
30
47
99
30
99
90
60
92
69
79
99
67
75
51
62
60
34
60
84
90
76
45
99
90
0
86
75
99
83
30
68
93
53
84
99
90
40
90
60
15
90
75
83
75
30
77
53
99
45
99
96
90
99
90
86
99
52
77
99
75
60
60
99
75
99
67
97
99
78
60
90
75
99
99
90
89
51
37
71
87
80
99
75
72
67
99
8
97
90
30
0
99
90
83
99
90
88
90
75
60
79
99
75
54
60
33
99
90
98
99
75
83
52
75
70
99
90
31
99
39
90
99
11
90
80
75
79
84
69
99
99
82
95
39
99
75
60
37
83
81
12
90
99
90
32
90
0
99
49
24
75
99
72
78
99
90
98
90
67
85
39
99
90
99
90
60
60
8
33
95
67
75
90
75
85
90
75
99
75
99
98
90
30
83
90
69
99
90
8
89
60
90
83
90
99
83
52
30
82
90
53
99
90
77
99
99
82
62
99
90
75
99
95
90
90
30
99
90
75
0
90
78
37
99
90
55
99
82
67
99
96
90
